#########################################################
# Algorithm Parameters #
# Generations = 2000
# Population size = 100
# Resolution = 5
#########################################################
# Financial Parameters #
# Quarter = 1
# Crossover probabilities = 0.75 -> 0.25
# Mutation start probabilities = 0.9,0.0,0.6,0.5,0.6,0.9
# Mutation end probabilities = 0.4,0.4,0.1,0.1,0.1,0.4
######################################################### 
0|7.878706499988525|7|1.1255294999983607|1.0|ReturnOnEquity10,22
5|8.149589869342625|9|0.9055099854825139|1.0|OperatingMargin10,4
10|8.873809091722954|13|0.6826006993633041|1.0|GrossMargin09,0
15|8.873809091722954|13|0.6826006993633041|1.0|GrossMargin09,0
20|8.873809091722954|13|0.6826006993633041|1.0|GrossMargin09,0
25|9.092052202614756|15|0.6061368135076504|1.0|GrossMargin09,0
30|9.092052202614756|13|0.6993886309703659|1.0|GrossMargin09,0
35|9.418254643408197|17|0.5540149790240116|1.0|GrossMargin09,0
40|9.418254643408197|17|0.5540149790240116|1.0|GrossMargin09,0
45|9.418254643408197|17|0.5540149790240116|1.0|GrossMargin09,0
50|9.418254643408197|17|0.5540149790240116|1.0|GrossMargin09,0
55|9.870902280155741|19|0.5195211726397758|1.125|EarningsPerShareChange,8
60|9.870902280155741|19|0.5195211726397758|1.125|EarningsPerShareChange,8
65|9.870902280155741|17|0.5806413105973965|1.1428571428571428|ReturnOnEquity10,22
70|9.916860322552461|23|0.4311678401109766|1.0|OperatingMargin09,3
75|9.916860322552461|21|0.4722314439310696|1.4285714285714286|EarningsPerShareChange,8
80|9.916860322552461|21|0.4722314439310696|1.4285714285714286|EarningsPerShareChange,8
85|9.916860322552461|19|0.5219400169764453|1.125|EarningsPerShareChange,8
90|9.916860322552461|19|0.5219400169764453|1.125|EarningsPerShareChange,8
95|10.054538325037706|23|0.4371538402190307|1.375|EarningsPerShareChange,8
100|10.054538325037706|23|0.4371538402190307|1.375|EarningsPerShareChange,8
105|10.054538325037706|19|0.5291862276335635|1.2857142857142858|EarningsPerShareChange,8
110|10.054538325037706|19|0.5291862276335635|1.2857142857142858|EarningsPerShareChange,8
115|10.232232235483606|23|0.4448796624123307|1.2222222222222223|EarningsPerShareChange,8
120|10.232232235483606|21|0.4872491540706479|1.25|EarningsPerShareChange,8
125|10.232232235483606|21|0.4872491540706479|1.25|EarningsPerShareChange,8
130|10.464624334152457|23|0.45498366670228074|1.2222222222222223|EarningsPerShareChange,8
135|10.464624334152457|21|0.49831544448345033|1.1111111111111112|ReturnOnEquity10,22
140|10.464624334152457|21|0.49831544448345033|1.1111111111111112|ReturnOnEquity10,22
145|10.581855411732786|27|0.391920570804918|1.3|EarningsPerShareChange,8
150|10.581855411732786|27|0.391920570804918|1.3|EarningsPerShareChange,8
155|10.581855411732786|27|0.391920570804918|1.3|EarningsPerShareChange,8
160|10.581855411732786|27|0.391920570804918|1.3|EarningsPerShareChange,8
165|10.581855411732786|25|0.4232742164693114|1.2|EarningsPerShareChange,8
170|10.581855411732786|25|0.4232742164693114|1.2|EarningsPerShareChange,8
175|10.581855411732786|25|0.4232742164693114|1.2|EarningsPerShareChange,8
180|10.692230687670492|27|0.396008543987796|1.1818181818181819|EarningsPerShareChange,8
185|10.692230687670492|27|0.396008543987796|1.1818181818181819|EarningsPerShareChange,8
190|10.692230687670492|25|0.42768922750681965|1.2|EarningsPerShareChange,8
195|10.692230687670492|25|0.42768922750681965|1.2|EarningsPerShareChange,8
200|10.692230687670492|25|0.42768922750681965|1.2|EarningsPerShareChange,8
205|10.692230687670492|25|0.42768922750681965|1.2|EarningsPerShareChange,8
210|10.692230687670492|25|0.42768922750681965|1.2|EarningsPerShareChange,8
215|10.692230687670492|23|0.4648795951161083|1.1|ReturnOnEquity10,22
220|10.692230687670492|23|0.4648795951161083|1.1|ReturnOnEquity10,22
225|10.692230687670492|23|0.4648795951161083|1.1|ReturnOnEquity10,22
230|10.692230687670492|23|0.4648795951161083|1.1|ReturnOnEquity10,22
235|10.692230687670492|23|0.4648795951161083|1.1|ReturnOnEquity10,22
240|10.692230687670492|21|0.5091538422700234|1.1111111111111112|ReturnOnEquity10,22
245|10.692230687670492|21|0.5091538422700234|1.1111111111111112|ReturnOnEquity10,22
250|10.692230687670492|21|0.5091538422700234|1.1111111111111112|ReturnOnEquity10,22
255|10.692230687670492|19|0.5627489835616049|1.125|ReturnOnEquity10,22
260|10.692230687670492|19|0.5627489835616049|1.125|ReturnOnEquity10,22
265|10.692230687670492|19|0.5627489835616049|1.125|ReturnOnEquity10,22
270|10.692230687670492|19|0.5627489835616049|1.125|ReturnOnEquity10,22
275|10.692230687670492|19|0.5627489835616049|1.125|ReturnOnEquity10,22
280|10.692230687670492|19|0.5627489835616049|1.125|ReturnOnEquity10,22
285|10.692230687670492|19|0.5627489835616049|1.125|ReturnOnEquity10,22
290|10.692230687670492|19|0.5627489835616049|1.125|ReturnOnEquity10,22
295|10.692230687670492|19|0.5627489835616049|1.125|ReturnOnEquity10,22
300|10.692230687670492|19|0.5627489835616049|1.125|ReturnOnEquity10,22
305|10.692230687670492|19|0.5627489835616049|1.125|ReturnOnEquity10,22
310|10.692230687670492|17|0.6289547463335583|1.0|OperatingMargin09,3
315|10.692230687670492|17|0.6289547463335583|1.0|OperatingMargin09,3
320|10.692230687670492|17|0.6289547463335583|1.0|OperatingMargin09,3
325|10.692230687670492|17|0.6289547463335583|1.0|OperatingMargin09,3
330|10.692230687670492|17|0.6289547463335583|1.0|OperatingMargin09,3
335|10.692230687670492|17|0.6289547463335583|1.0|OperatingMargin09,3
340|10.692230687670492|17|0.6289547463335583|1.0|OperatingMargin09,3
345|10.692230687670492|17|0.6289547463335583|1.0|OperatingMargin09,3
350|10.692230687670492|17|0.6289547463335583|1.0|OperatingMargin09,3
355|10.692230687670492|17|0.6289547463335583|1.0|OperatingMargin09,3
360|10.692230687670492|17|0.6289547463335583|1.0|OperatingMargin09,3
365|10.692230687670492|17|0.6289547463335583|1.0|OperatingMargin09,3
370|10.692230687670492|17|0.6289547463335583|1.0|OperatingMargin09,3
375|10.692230687670492|17|0.6289547463335583|1.0|OperatingMargin09,3
380|10.692230687670492|17|0.6289547463335583|1.0|OperatingMargin09,3
385|10.692230687670492|17|0.6289547463335583|1.0|OperatingMargin09,3
390|10.692230687670492|17|0.6289547463335583|1.0|OperatingMargin09,3
395|10.692230687670492|17|0.6289547463335583|1.0|OperatingMargin09,3
400|10.692230687670492|17|0.6289547463335583|1.0|OperatingMargin09,3
405|10.692230687670492|17|0.6289547463335583|1.0|OperatingMargin09,3
410|10.692230687670492|17|0.6289547463335583|1.0|OperatingMargin09,3
415|10.692230687670492|17|0.6289547463335583|1.0|OperatingMargin09,3
420|10.692230687670492|15|0.7128153791780327|1.0|OperatingMargin09,3
425|10.692230687670492|15|0.7128153791780327|1.0|OperatingMargin09,3
430|10.692230687670492|15|0.7128153791780327|1.0|OperatingMargin09,3
435|10.692230687670492|15|0.7128153791780327|1.0|OperatingMargin09,3
440|10.692230687670492|15|0.7128153791780327|1.0|OperatingMargin09,3
445|10.692230687670492|15|0.7128153791780327|1.0|OperatingMargin09,3
450|10.692230687670492|15|0.7128153791780327|1.0|OperatingMargin09,3
455|10.692230687670492|15|0.7128153791780327|1.0|OperatingMargin09,3
460|10.692230687670492|15|0.7128153791780327|1.0|OperatingMargin09,3
465|10.692230687670492|15|0.7128153791780327|1.0|OperatingMargin09,3
470|10.692230687670492|15|0.7128153791780327|1.0|OperatingMargin09,3
475|10.692230687670492|15|0.7128153791780327|1.0|OperatingMargin09,3
480|10.692230687670492|15|0.7128153791780327|1.0|OperatingMargin09,3
485|10.692230687670492|15|0.7128153791780327|1.0|OperatingMargin09,3
490|10.692230687670492|15|0.7128153791780327|1.0|OperatingMargin09,3
495|10.692230687670492|15|0.7128153791780327|1.0|OperatingMargin09,3
500|10.692230687670492|15|0.7128153791780327|1.0|OperatingMargin09,3
505|10.692230687670492|15|0.7128153791780327|1.0|OperatingMargin09,3
510|10.692230687670492|15|0.7128153791780327|1.0|OperatingMargin09,3
515|10.692230687670492|15|0.7128153791780327|1.0|OperatingMargin09,3
520|10.692230687670492|15|0.7128153791780327|1.0|OperatingMargin09,3
525|10.692230687670492|15|0.7128153791780327|1.0|OperatingMargin09,3
530|10.692230687670492|15|0.7128153791780327|1.0|OperatingMargin09,3
535|10.692230687670492|15|0.7128153791780327|1.0|OperatingMargin09,3
540|10.692230687670492|15|0.7128153791780327|1.0|OperatingMargin09,3
545|10.692230687670492|15|0.7128153791780327|1.0|OperatingMargin09,3
550|10.692230687670492|15|0.7128153791780327|1.0|OperatingMargin09,3
555|10.692230687670492|15|0.7128153791780327|1.0|OperatingMargin09,3
560|10.692230687670492|15|0.7128153791780327|1.0|OperatingMargin09,3
565|10.692230687670492|15|0.7128153791780327|1.0|OperatingMargin09,3
570|10.692230687670492|15|0.7128153791780327|1.0|OperatingMargin09,3
575|10.692230687670492|15|0.7128153791780327|1.0|OperatingMargin09,3
580|10.692230687670492|15|0.7128153791780327|1.0|OperatingMargin09,3
585|10.692230687670492|15|0.7128153791780327|1.0|OperatingMargin09,3
590|10.692230687670492|15|0.7128153791780327|1.0|OperatingMargin09,3
595|10.692230687670492|15|0.7128153791780327|1.0|OperatingMargin09,3
600|10.692230687670492|15|0.7128153791780327|1.0|OperatingMargin09,3
605|10.692230687670492|15|0.7128153791780327|1.0|OperatingMargin09,3
610|10.692230687670492|15|0.7128153791780327|1.0|OperatingMargin09,3
615|10.692230687670492|15|0.7128153791780327|1.0|OperatingMargin09,3
620|10.692230687670492|15|0.7128153791780327|1.0|OperatingMargin09,3
625|10.692230687670492|15|0.7128153791780327|1.0|OperatingMargin09,3
630|10.692230687670492|15|0.7128153791780327|1.0|OperatingMargin09,3
635|10.692230687670492|15|0.7128153791780327|1.0|OperatingMargin09,3
640|10.692230687670492|15|0.7128153791780327|1.0|OperatingMargin09,3
645|10.692230687670492|15|0.7128153791780327|1.0|OperatingMargin09,3
650|10.692230687670492|15|0.7128153791780327|1.0|OperatingMargin09,3
655|10.692230687670492|15|0.7128153791780327|1.0|OperatingMargin09,3
660|10.692230687670492|15|0.7128153791780327|1.0|OperatingMargin09,3
665|10.692230687670492|15|0.7128153791780327|1.0|OperatingMargin09,3
670|10.692230687670492|15|0.7128153791780327|1.0|OperatingMargin09,3
675|10.692230687670492|15|0.7128153791780327|1.0|OperatingMargin09,3
680|10.692230687670492|15|0.7128153791780327|1.0|OperatingMargin09,3
685|10.692230687670492|15|0.7128153791780327|1.0|OperatingMargin09,3
690|10.692230687670492|15|0.7128153791780327|1.0|OperatingMargin09,3
695|10.692230687670492|15|0.7128153791780327|1.0|OperatingMargin09,3
700|10.692230687670492|15|0.7128153791780327|1.0|OperatingMargin09,3
705|10.692230687670492|15|0.7128153791780327|1.0|OperatingMargin09,3
710|10.692230687670492|15|0.7128153791780327|1.0|OperatingMargin09,3
715|10.692230687670492|15|0.7128153791780327|1.0|OperatingMargin09,3
720|10.692230687670492|15|0.7128153791780327|1.0|OperatingMargin09,3
725|10.692230687670492|15|0.7128153791780327|1.0|OperatingMargin09,3
730|10.692230687670492|15|0.7128153791780327|1.0|OperatingMargin09,3
735|10.692230687670492|15|0.7128153791780327|1.0|OperatingMargin09,3
740|10.692230687670492|15|0.7128153791780327|1.0|OperatingMargin09,3
745|10.692230687670492|15|0.7128153791780327|1.0|OperatingMargin09,3
750|10.692230687670492|15|0.7128153791780327|1.0|OperatingMargin09,3
755|10.692230687670492|15|0.7128153791780327|1.0|OperatingMargin09,3
760|10.692230687670492|15|0.7128153791780327|1.0|OperatingMargin09,3
765|10.692230687670492|15|0.7128153791780327|1.0|OperatingMargin09,3
770|10.692230687670492|15|0.7128153791780327|1.0|OperatingMargin09,3
775|10.692230687670492|15|0.7128153791780327|1.0|OperatingMargin09,3
780|10.692230687670492|15|0.7128153791780327|1.0|OperatingMargin09,3
785|10.692230687670492|15|0.7128153791780327|1.0|OperatingMargin09,3
790|10.692230687670492|15|0.7128153791780327|1.0|OperatingMargin09,3
795|10.692230687670492|15|0.7128153791780327|1.0|OperatingMargin09,3
800|10.692230687670492|15|0.7128153791780327|1.0|OperatingMargin09,3
805|10.692230687670492|15|0.7128153791780327|1.0|OperatingMargin09,3
810|10.692230687670492|15|0.7128153791780327|1.0|OperatingMargin09,3
815|10.692230687670492|15|0.7128153791780327|1.0|OperatingMargin09,3
820|10.692230687670492|15|0.7128153791780327|1.0|OperatingMargin09,3
825|10.692230687670492|15|0.7128153791780327|1.0|OperatingMargin09,3
830|10.692230687670492|15|0.7128153791780327|1.0|OperatingMargin09,3
835|10.692230687670492|15|0.7128153791780327|1.0|OperatingMargin09,3
840|10.692230687670492|15|0.7128153791780327|1.0|OperatingMargin09,3
845|10.692230687670492|15|0.7128153791780327|1.0|OperatingMargin09,3
850|10.692230687670492|15|0.7128153791780327|1.0|OperatingMargin09,3
855|10.692230687670492|15|0.7128153791780327|1.0|OperatingMargin09,3
860|10.692230687670492|15|0.7128153791780327|1.0|OperatingMargin09,3
865|10.692230687670492|15|0.7128153791780327|1.0|OperatingMargin09,3
870|10.692230687670492|15|0.7128153791780327|1.0|OperatingMargin09,3
875|10.692230687670492|15|0.7128153791780327|1.0|OperatingMargin09,3
880|10.692230687670492|15|0.7128153791780327|1.0|OperatingMargin09,3
885|10.692230687670492|15|0.7128153791780327|1.0|OperatingMargin09,3
890|10.692230687670492|15|0.7128153791780327|1.0|OperatingMargin09,3
895|10.692230687670492|15|0.7128153791780327|1.0|OperatingMargin09,3
900|10.692230687670492|15|0.7128153791780327|1.0|OperatingMargin09,3
905|10.692230687670492|15|0.7128153791780327|1.0|OperatingMargin09,3
910|10.692230687670492|15|0.7128153791780327|1.0|OperatingMargin09,3
915|10.692230687670492|15|0.7128153791780327|1.0|OperatingMargin09,3
920|10.692230687670492|15|0.7128153791780327|1.0|OperatingMargin09,3
925|10.692230687670492|15|0.7128153791780327|1.0|OperatingMargin09,3
930|10.692230687670492|15|0.7128153791780327|1.0|OperatingMargin09,3
935|10.692230687670492|15|0.7128153791780327|1.0|OperatingMargin09,3
940|10.692230687670492|15|0.7128153791780327|1.0|OperatingMargin09,3
945|10.692230687670492|15|0.7128153791780327|1.0|OperatingMargin09,3
950|10.692230687670492|15|0.7128153791780327|1.0|OperatingMargin09,3
955|10.692230687670492|15|0.7128153791780327|1.0|OperatingMargin09,3
960|10.692230687670492|15|0.7128153791780327|1.0|OperatingMargin09,3
965|10.692230687670492|15|0.7128153791780327|1.0|OperatingMargin09,3
970|10.692230687670492|15|0.7128153791780327|1.0|OperatingMargin09,3
975|10.692230687670492|15|0.7128153791780327|1.0|OperatingMargin09,3
980|10.692230687670492|15|0.7128153791780327|1.0|OperatingMargin09,3
985|10.692230687670492|15|0.7128153791780327|1.0|OperatingMargin09,3
990|10.692230687670492|15|0.7128153791780327|1.0|OperatingMargin09,3
995|10.692230687670492|15|0.7128153791780327|1.0|OperatingMargin09,3
1000|10.692230687670492|15|0.7128153791780327|1.0|OperatingMargin09,3
1005|10.692230687670492|15|0.7128153791780327|1.0|OperatingMargin09,3
1010|10.692230687670492|15|0.7128153791780327|1.0|OperatingMargin09,3
1015|10.692230687670492|15|0.7128153791780327|1.0|OperatingMargin09,3
1020|10.692230687670492|15|0.7128153791780327|1.0|OperatingMargin09,3
1025|10.692230687670492|15|0.7128153791780327|1.0|OperatingMargin09,3
1030|10.692230687670492|15|0.7128153791780327|1.0|OperatingMargin09,3
1035|10.692230687670492|15|0.7128153791780327|1.0|OperatingMargin09,3
1040|10.692230687670492|15|0.7128153791780327|1.0|OperatingMargin09,3
1045|10.692230687670492|15|0.7128153791780327|1.0|OperatingMargin09,3
1050|10.692230687670492|15|0.7128153791780327|1.0|OperatingMargin09,3
1055|10.692230687670492|15|0.7128153791780327|1.0|OperatingMargin09,3
1060|10.692230687670492|15|0.7128153791780327|1.0|OperatingMargin09,3
1065|10.708407233159017|17|0.6299063078328834|1.0|OperatingMargin09,3
1070|10.708407233159017|17|0.6299063078328834|1.0|OperatingMargin09,3
1075|10.708407233159017|17|0.6299063078328834|1.0|OperatingMargin09,3
1080|10.708407233159017|17|0.6299063078328834|1.0|OperatingMargin09,3
1085|10.708407233159017|17|0.6299063078328834|1.0|OperatingMargin09,3
1090|10.708407233159017|17|0.6299063078328834|1.0|OperatingMargin09,3
1095|10.708407233159017|17|0.6299063078328834|1.0|OperatingMargin09,3
1100|10.708407233159017|17|0.6299063078328834|1.0|OperatingMargin09,3
1105|10.708407233159017|17|0.6299063078328834|1.0|OperatingMargin09,3
1110|10.708407233159017|17|0.6299063078328834|1.0|OperatingMargin09,3
1115|10.708407233159017|17|0.6299063078328834|1.0|OperatingMargin09,3
1120|10.708407233159017|17|0.6299063078328834|1.0|OperatingMargin09,3
1125|10.708407233159017|17|0.6299063078328834|1.0|OperatingMargin09,3
1130|10.708407233159017|17|0.6299063078328834|1.0|OperatingMargin09,3
1135|10.708407233159017|17|0.6299063078328834|1.0|OperatingMargin09,3
1140|10.708407233159017|17|0.6299063078328834|1.0|OperatingMargin09,3
1145|10.708407233159017|17|0.6299063078328834|1.0|OperatingMargin09,3
1150|10.708407233159017|17|0.6299063078328834|1.0|OperatingMargin09,3
1155|10.708407233159017|17|0.6299063078328834|1.0|OperatingMargin09,3
1160|10.708407233159017|17|0.6299063078328834|1.0|OperatingMargin09,3
1165|10.708407233159017|17|0.6299063078328834|1.0|OperatingMargin09,3
1170|10.708407233159017|17|0.6299063078328834|1.0|OperatingMargin09,3
1175|10.708407233159017|17|0.6299063078328834|1.0|OperatingMargin09,3
1180|10.708407233159017|17|0.6299063078328834|1.0|OperatingMargin09,3
1185|10.767932471378689|19|0.5667332879672994|1.0|OperatingMargin09,3
1190|10.767932471378689|19|0.5667332879672994|1.0|OperatingMargin09,3
1195|10.767932471378689|19|0.5667332879672994|1.0|OperatingMargin09,3
1200|10.767932471378689|19|0.5667332879672994|1.0|OperatingMargin09,3
1205|10.767932471378689|19|0.5667332879672994|1.0|OperatingMargin09,3
1210|10.767932471378689|19|0.5667332879672994|1.0|OperatingMargin09,3
1215|10.767932471378689|19|0.5667332879672994|1.0|OperatingMargin09,3
1220|10.767932471378689|19|0.5667332879672994|1.0|OperatingMargin09,3
1225|10.767932471378689|19|0.5667332879672994|1.0|OperatingMargin09,3
1230|10.767932471378689|19|0.5667332879672994|1.0|OperatingMargin09,3
1235|10.767932471378689|19|0.5667332879672994|1.0|OperatingMargin09,3
1240|10.767932471378689|19|0.5667332879672994|1.0|OperatingMargin09,3
1245|10.767932471378689|19|0.5667332879672994|1.0|OperatingMargin09,3
1250|10.767932471378689|19|0.5667332879672994|1.0|OperatingMargin09,3
1255|10.767932471378689|19|0.5667332879672994|1.0|OperatingMargin09,3
1260|10.767932471378689|19|0.5667332879672994|1.0|OperatingMargin09,3
1265|10.767932471378689|19|0.5667332879672994|1.0|OperatingMargin09,3
1270|10.767932471378689|19|0.5667332879672994|1.0|OperatingMargin09,3
1275|10.767932471378689|19|0.5667332879672994|1.0|OperatingMargin09,3
1280|10.767932471378689|19|0.5667332879672994|1.0|OperatingMargin09,3
1285|10.767932471378689|19|0.5667332879672994|1.0|OperatingMargin09,3
1290|10.767932471378689|19|0.5667332879672994|1.0|OperatingMargin09,3
1295|10.767932471378689|19|0.5667332879672994|1.0|OperatingMargin09,3
1300|10.767932471378689|19|0.5667332879672994|1.0|OperatingMargin09,3
1305|10.767932471378689|19|0.5667332879672994|1.0|OperatingMargin09,3
1310|10.767932471378689|19|0.5667332879672994|1.0|OperatingMargin09,3
1315|10.767932471378689|19|0.5667332879672994|1.0|OperatingMargin09,3
1320|10.767932471378689|19|0.5667332879672994|1.0|OperatingMargin09,3
1325|10.767932471378689|19|0.5667332879672994|1.0|OperatingMargin09,3
1330|10.767932471378689|19|0.5667332879672994|1.0|OperatingMargin09,3
1335|10.767932471378689|19|0.5667332879672994|1.0|OperatingMargin09,3
1340|10.767932471378689|19|0.5667332879672994|1.0|OperatingMargin09,3
1345|10.767932471378689|19|0.5667332879672994|1.0|OperatingMargin09,3
1350|10.767932471378689|19|0.5667332879672994|1.0|OperatingMargin09,3
1355|10.767932471378689|19|0.5667332879672994|1.0|OperatingMargin09,3
1360|10.767932471378689|19|0.5667332879672994|1.0|OperatingMargin09,3
1365|10.767932471378689|19|0.5667332879672994|1.0|OperatingMargin09,3
1370|10.767932471378689|19|0.5667332879672994|1.0|OperatingMargin09,3
1375|10.767932471378689|19|0.5667332879672994|1.0|OperatingMargin09,3
1380|10.767932471378689|19|0.5667332879672994|1.0|OperatingMargin09,3
1385|10.767932471378689|19|0.5667332879672994|1.0|OperatingMargin09,3
1390|10.767932471378689|19|0.5667332879672994|1.0|OperatingMargin09,3
1395|10.767932471378689|19|0.5667332879672994|1.0|OperatingMargin09,3
1400|10.767932471378689|19|0.5667332879672994|1.0|OperatingMargin09,3
1405|10.767932471378689|19|0.5667332879672994|1.0|OperatingMargin09,3
1410|10.767932471378689|19|0.5667332879672994|1.0|OperatingMargin09,3
1415|10.767932471378689|19|0.5667332879672994|1.0|OperatingMargin09,3
1420|10.767932471378689|19|0.5667332879672994|1.0|OperatingMargin09,3
1425|10.767932471378689|19|0.5667332879672994|1.0|OperatingMargin09,3
1430|10.767932471378689|19|0.5667332879672994|1.0|OperatingMargin09,3
1435|10.767932471378689|19|0.5667332879672994|1.0|OperatingMargin09,3
1440|10.767932471378689|19|0.5667332879672994|1.0|OperatingMargin09,3
1445|10.767932471378689|19|0.5667332879672994|1.0|OperatingMargin09,3
1450|10.767932471378689|19|0.5667332879672994|1.0|OperatingMargin09,3
1455|10.767932471378689|19|0.5667332879672994|1.0|OperatingMargin09,3
1460|10.767932471378689|19|0.5667332879672994|1.0|OperatingMargin09,3
1465|10.767932471378689|19|0.5667332879672994|1.0|OperatingMargin09,3
1470|10.767932471378689|19|0.5667332879672994|1.0|OperatingMargin09,3
1475|10.767932471378689|19|0.5667332879672994|1.0|OperatingMargin09,3
1480|10.767932471378689|19|0.5667332879672994|1.0|OperatingMargin09,3
1485|10.767932471378689|19|0.5667332879672994|1.0|OperatingMargin09,3
1490|10.767932471378689|19|0.5667332879672994|1.0|OperatingMargin09,3
1495|10.767932471378689|19|0.5667332879672994|1.0|OperatingMargin09,3
1500|10.767932471378689|19|0.5667332879672994|1.0|OperatingMargin09,3
1505|10.767932471378689|19|0.5667332879672994|1.0|OperatingMargin09,3
1510|10.767932471378689|19|0.5667332879672994|1.0|OperatingMargin09,3
1515|10.767932471378689|19|0.5667332879672994|1.0|OperatingMargin09,3
1520|10.767932471378689|19|0.5667332879672994|1.0|OperatingMargin09,3
1525|10.767932471378689|19|0.5667332879672994|1.0|OperatingMargin09,3
1530|10.767932471378689|19|0.5667332879672994|1.0|OperatingMargin09,3
1535|10.767932471378689|19|0.5667332879672994|1.0|OperatingMargin09,3
1540|10.767932471378689|19|0.5667332879672994|1.0|OperatingMargin09,3
1545|10.767932471378689|19|0.5667332879672994|1.0|OperatingMargin09,3
1550|10.767932471378689|19|0.5667332879672994|1.0|OperatingMargin09,3
1555|10.767932471378689|19|0.5667332879672994|1.0|OperatingMargin09,3
1560|10.767932471378689|19|0.5667332879672994|1.0|OperatingMargin09,3
1565|10.767932471378689|19|0.5667332879672994|1.0|OperatingMargin09,3
1570|10.767932471378689|19|0.5667332879672994|1.0|OperatingMargin09,3
1575|10.767932471378689|19|0.5667332879672994|1.0|OperatingMargin09,3
1580|10.767932471378689|19|0.5667332879672994|1.0|OperatingMargin09,3
1585|10.767932471378689|19|0.5667332879672994|1.0|OperatingMargin09,3
1590|10.767932471378689|19|0.5667332879672994|1.0|OperatingMargin09,3
1595|10.767932471378689|19|0.5667332879672994|1.0|OperatingMargin09,3
1600|10.767932471378689|19|0.5667332879672994|1.0|OperatingMargin09,3
1605|10.767932471378689|19|0.5667332879672994|1.0|OperatingMargin09,3
1610|10.767932471378689|19|0.5667332879672994|1.0|OperatingMargin09,3
1615|10.767932471378689|19|0.5667332879672994|1.0|OperatingMargin09,3
1620|10.767932471378689|19|0.5667332879672994|1.0|OperatingMargin09,3
1625|10.767932471378689|19|0.5667332879672994|1.0|OperatingMargin09,3
1630|10.767932471378689|19|0.5667332879672994|1.0|OperatingMargin09,3
1635|10.767932471378689|19|0.5667332879672994|1.0|OperatingMargin09,3
1640|10.767932471378689|19|0.5667332879672994|1.0|OperatingMargin09,3
1645|10.767932471378689|19|0.5667332879672994|1.0|OperatingMargin09,3
1650|10.767932471378689|19|0.5667332879672994|1.0|OperatingMargin09,3
1655|10.767932471378689|19|0.5667332879672994|1.0|OperatingMargin09,3
1660|10.767932471378689|19|0.5667332879672994|1.0|OperatingMargin09,3
1665|10.767932471378689|19|0.5667332879672994|1.0|OperatingMargin09,3
1670|10.767932471378689|19|0.5667332879672994|1.0|OperatingMargin09,3
1675|10.767932471378689|19|0.5667332879672994|1.0|OperatingMargin09,3
1680|10.767932471378689|19|0.5667332879672994|1.0|OperatingMargin09,3
1685|10.767932471378689|19|0.5667332879672994|1.0|OperatingMargin09,3
1690|10.767932471378689|19|0.5667332879672994|1.0|OperatingMargin09,3
1695|10.767932471378689|19|0.5667332879672994|1.0|OperatingMargin09,3
1700|10.767932471378689|19|0.5667332879672994|1.0|OperatingMargin09,3
1705|10.767932471378689|19|0.5667332879672994|1.0|OperatingMargin09,3
1710|10.767932471378689|19|0.5667332879672994|1.0|OperatingMargin09,3
1715|10.767932471378689|19|0.5667332879672994|1.0|OperatingMargin09,3
1720|10.767932471378689|19|0.5667332879672994|1.0|OperatingMargin09,3
1725|10.767932471378689|19|0.5667332879672994|1.0|OperatingMargin09,3
1730|10.767932471378689|19|0.5667332879672994|1.0|OperatingMargin09,3
1735|10.767932471378689|19|0.5667332879672994|1.0|OperatingMargin09,3
1740|10.767932471378689|19|0.5667332879672994|1.0|OperatingMargin09,3
1745|10.767932471378689|19|0.5667332879672994|1.0|OperatingMargin09,3
1750|10.767932471378689|19|0.5667332879672994|1.0|OperatingMargin09,3
1755|10.767932471378689|19|0.5667332879672994|1.0|OperatingMargin09,3
1760|10.767932471378689|19|0.5667332879672994|1.0|OperatingMargin09,3
1765|10.767932471378689|19|0.5667332879672994|1.0|OperatingMargin09,3
1770|10.767932471378689|19|0.5667332879672994|1.0|OperatingMargin09,3
1775|10.767932471378689|19|0.5667332879672994|1.0|OperatingMargin09,3
1780|10.767932471378689|19|0.5667332879672994|1.0|OperatingMargin09,3
1785|10.767932471378689|19|0.5667332879672994|1.0|OperatingMargin09,3
1790|10.767932471378689|19|0.5667332879672994|1.0|OperatingMargin09,3
1795|10.767932471378689|19|0.5667332879672994|1.0|OperatingMargin09,3
1800|10.767932471378689|19|0.5667332879672994|1.0|OperatingMargin09,3
1805|10.767932471378689|19|0.5667332879672994|1.0|OperatingMargin09,3
1810|10.767932471378689|19|0.5667332879672994|1.0|OperatingMargin09,3
1815|10.767932471378689|19|0.5667332879672994|1.0|OperatingMargin09,3
1820|10.767932471378689|19|0.5667332879672994|1.0|OperatingMargin09,3
1825|10.767932471378689|19|0.5667332879672994|1.0|OperatingMargin09,3
1830|10.767932471378689|19|0.5667332879672994|1.0|OperatingMargin09,3
1835|10.767932471378689|19|0.5667332879672994|1.0|OperatingMargin09,3
1840|10.767932471378689|19|0.5667332879672994|1.0|OperatingMargin09,3
1845|10.767932471378689|19|0.5667332879672994|1.0|OperatingMargin09,3
1850|10.767932471378689|19|0.5667332879672994|1.0|OperatingMargin09,3
1855|10.767932471378689|19|0.5667332879672994|1.0|OperatingMargin09,3
1860|10.767932471378689|19|0.5667332879672994|1.0|OperatingMargin09,3
1865|10.767932471378689|19|0.5667332879672994|1.0|OperatingMargin09,3
1870|10.767932471378689|19|0.5667332879672994|1.0|OperatingMargin09,3
1875|10.767932471378689|19|0.5667332879672994|1.0|OperatingMargin09,3
1880|10.767932471378689|19|0.5667332879672994|1.0|OperatingMargin09,3
1885|10.767932471378689|19|0.5667332879672994|1.0|OperatingMargin09,3
1890|10.767932471378689|19|0.5667332879672994|1.0|OperatingMargin09,3
1895|10.767932471378689|19|0.5667332879672994|1.0|OperatingMargin09,3
1900|10.767932471378689|19|0.5667332879672994|1.0|OperatingMargin09,3
1905|10.767932471378689|19|0.5667332879672994|1.0|OperatingMargin09,3
1910|10.767932471378689|19|0.5667332879672994|1.0|OperatingMargin09,3
1915|10.767932471378689|19|0.5667332879672994|1.0|OperatingMargin09,3
1920|10.767932471378689|19|0.5667332879672994|1.0|OperatingMargin09,3
1925|10.767932471378689|19|0.5667332879672994|1.0|OperatingMargin09,3
1930|10.767932471378689|19|0.5667332879672994|1.0|OperatingMargin09,3
1935|10.767932471378689|19|0.5667332879672994|1.0|OperatingMargin09,3
1940|10.767932471378689|19|0.5667332879672994|1.0|OperatingMargin09,3
1945|10.767932471378689|19|0.5667332879672994|1.0|OperatingMargin09,3
1950|10.767932471378689|19|0.5667332879672994|1.0|OperatingMargin09,3
1955|10.767932471378689|19|0.5667332879672994|1.0|OperatingMargin09,3
1960|10.767932471378689|19|0.5667332879672994|1.0|OperatingMargin09,3
1965|10.767932471378689|19|0.5667332879672994|1.0|OperatingMargin09,3
1970|10.767932471378689|19|0.5667332879672994|1.0|OperatingMargin09,3
1975|10.767932471378689|19|0.5667332879672994|1.0|OperatingMargin09,3
1980|10.767932471378689|19|0.5667332879672994|1.0|OperatingMargin09,3
1985|10.767932471378689|19|0.5667332879672994|1.0|OperatingMargin09,3
1990|10.767932471378689|19|0.5667332879672994|1.0|OperatingMargin09,3
1995|10.767932471378689|19|0.5667332879672994|1.0|OperatingMargin09,3
2000|10.767932471378689|19|0.5667332879672994|1.0|OperatingMargin09,3
