#########################################################
# Algorithm Parameters #
# Generations = 2000
# Population size = 100
# Resolution = 5
#########################################################
# Financial Parameters #
# Quarter = 1
# Crossover probabilities = 0.75 -> 0.25
# Mutation start probabilities = 0.9,0.0,0.6,0.5,0.6,0.9
# Mutation end probabilities = 0.4,0.4,0.1,0.1,0.1,0.4
######################################################### 
0|7.629849685978688|9|0.8477610762198542|1.0|ReturnOnEquity10,22
5|7.623606219952461|7|1.0890866028503516|1.0|SGAExpenses10,13
10|8.805723477454102|13|0.6773633444195463|1.0|EarningsPerShare09,6
15|8.805723477454102|13|0.6773633444195463|1.0|EarningsPerShare09,6
20|9.098672773788525|19|0.4788775144099224|1.125|TotalCurrentLiabilities10,34
25|9.098672773788525|19|0.4788775144099224|1.125|TotalCurrentLiabilities10,34
30|9.166758388057378|23|0.3985547125242338|1.1|TotalCurrentLiabilities10,34
35|9.423002216401644|35|0.2692286347543327|1.2142857142857142|SGAExpensesChange,14
40|9.423002216401644|35|0.2692286347543327|1.2142857142857142|SGAExpensesChange,14
45|9.423002216401644|27|0.3490000820889498|1.3|ReturnOnEquity10,22
50|9.423002216401644|27|0.3490000820889498|1.3|ReturnOnEquity10,22
55|9.565185220300002|31|0.30855436194516134|1.25|ReturnOnEquity10,22
60|9.765795397847544|33|0.295933193874168|1.1428571428571428|SGAExpensesChange,14
65|9.765795397847544|33|0.295933193874168|1.1428571428571428|SGAExpensesChange,14
70|9.907978401745904|33|0.3002417697498759|1.2307692307692308|ReturnOnEquity10,22
75|9.907978401745904|31|0.3196122065079324|1.1538461538461537|SGAExpensesChange,14
80|9.907978401745904|31|0.3196122065079324|1.1538461538461537|SGAExpensesChange,14
85|9.907978401745904|31|0.3196122065079324|1.1538461538461537|SGAExpensesChange,14
90|9.907978401745904|31|0.3196122065079324|1.1538461538461537|SGAExpensesChange,14
95|9.993981127372132|35|0.2855423179249181|1.3076923076923077|SGAExpensesChange,14
100|9.993981127372132|35|0.2855423179249181|1.3076923076923077|SGAExpensesChange,14
105|10.006628036890167|37|0.2704494064024369|1.2|ReturnOnEquity09,21
110|10.006628036890167|37|0.2704494064024369|1.2|ReturnOnEquity09,21
115|10.286930423706558|41|0.2509007420416234|1.1764705882352942|SGAExpensesChange,14
120|10.420338046775411|37|0.28163075802095705|1.125|ReturnOnEquity10,22
125|10.420338046775411|35|0.29772394419358317|1.1333333333333333|ReturnOnEquity10,22
130|10.420338046775411|35|0.29772394419358317|1.1333333333333333|ReturnOnEquity10,22
135|10.420338046775411|35|0.29772394419358317|1.1333333333333333|ReturnOnEquity10,22
140|10.420338046775411|35|0.29772394419358317|1.1333333333333333|ReturnOnEquity10,22
145|10.420338046775411|35|0.29772394419358317|1.1333333333333333|ReturnOnEquity10,22
150|10.420338046775411|35|0.29772394419358317|1.1333333333333333|ReturnOnEquity10,22
155|10.420338046775411|35|0.29772394419358317|1.1333333333333333|ReturnOnEquity10,22
160|10.420338046775411|35|0.29772394419358317|1.1333333333333333|ReturnOnEquity10,22
165|10.420338046775411|35|0.29772394419358317|1.1333333333333333|ReturnOnEquity10,22
170|10.420338046775411|35|0.29772394419358317|1.1333333333333333|ReturnOnEquity10,22
175|10.420338046775411|35|0.29772394419358317|1.1333333333333333|ReturnOnEquity10,22
180|10.420338046775411|35|0.29772394419358317|1.1333333333333333|ReturnOnEquity10,22
185|10.420338046775411|33|0.3157678195992549|1.1428571428571428|ReturnOnEquity10,22
190|10.420338046775411|33|0.3157678195992549|1.1428571428571428|ReturnOnEquity10,22
195|10.420338046775411|33|0.3157678195992549|1.1428571428571428|ReturnOnEquity10,22
200|10.420338046775411|33|0.3157678195992549|1.1428571428571428|ReturnOnEquity10,22
205|10.420338046775411|33|0.3157678195992549|1.1428571428571428|ReturnOnEquity10,22
210|10.420338046775411|33|0.3157678195992549|1.1428571428571428|ReturnOnEquity10,22
215|10.420338046775411|33|0.3157678195992549|1.1428571428571428|ReturnOnEquity10,22
220|10.420338046775411|33|0.3157678195992549|1.1428571428571428|ReturnOnEquity10,22
225|10.420338046775411|33|0.3157678195992549|1.1428571428571428|ReturnOnEquity10,22
230|10.420338046775411|33|0.3157678195992549|1.1428571428571428|ReturnOnEquity10,22
235|10.420338046775411|33|0.3157678195992549|1.1428571428571428|ReturnOnEquity10,22
240|10.420338046775411|33|0.3157678195992549|1.1428571428571428|ReturnOnEquity10,22
245|10.420338046775411|33|0.3157678195992549|1.1428571428571428|ReturnOnEquity10,22
250|10.420338046775411|33|0.3157678195992549|1.1428571428571428|ReturnOnEquity10,22
255|10.420338046775411|33|0.3157678195992549|1.1428571428571428|ReturnOnEquity10,22
260|10.420338046775411|33|0.3157678195992549|1.1428571428571428|ReturnOnEquity10,22
265|10.420338046775411|33|0.3157678195992549|1.1428571428571428|ReturnOnEquity10,22
270|10.420338046775411|33|0.3157678195992549|1.1428571428571428|ReturnOnEquity10,22
275|10.420338046775411|31|0.3361399369927552|1.1538461538461537|ReturnOnEquity10,22
280|10.420338046775411|31|0.3361399369927552|1.1538461538461537|ReturnOnEquity10,22
285|10.420338046775411|31|0.3361399369927552|1.1538461538461537|ReturnOnEquity10,22
290|10.420338046775411|31|0.3361399369927552|1.1538461538461537|ReturnOnEquity10,22
295|10.420338046775411|31|0.3361399369927552|1.1538461538461537|ReturnOnEquity10,22
300|10.420338046775411|31|0.3361399369927552|1.1538461538461537|ReturnOnEquity10,22
305|10.479863284995083|35|0.2994246652855738|1.1333333333333333|ReturnOnEquity10,22
310|10.479863284995083|35|0.2994246652855738|1.1333333333333333|ReturnOnEquity10,22
315|10.479863284995083|35|0.2994246652855738|1.1333333333333333|ReturnOnEquity10,22
320|10.479863284995083|35|0.2994246652855738|1.1333333333333333|ReturnOnEquity10,22
325|10.479863284995083|35|0.2994246652855738|1.1333333333333333|ReturnOnEquity10,22
330|10.479863284995083|35|0.2994246652855738|1.1333333333333333|ReturnOnEquity10,22
335|10.479863284995083|35|0.2994246652855738|1.1333333333333333|ReturnOnEquity10,22
340|10.479863284995083|33|0.3175716146968207|1.1428571428571428|ReturnOnEquity10,22
345|10.479863284995083|33|0.3175716146968207|1.1428571428571428|ReturnOnEquity10,22
350|10.479863284995083|33|0.3175716146968207|1.1428571428571428|ReturnOnEquity10,22
355|10.479863284995083|33|0.3175716146968207|1.1428571428571428|ReturnOnEquity10,22
360|10.479863284995083|33|0.3175716146968207|1.1428571428571428|ReturnOnEquity10,22
365|10.479863284995083|33|0.3175716146968207|1.1428571428571428|ReturnOnEquity10,22
370|10.479863284995083|33|0.3175716146968207|1.1428571428571428|ReturnOnEquity10,22
375|10.479863284995083|33|0.3175716146968207|1.1428571428571428|ReturnOnEquity10,22
380|10.479863284995083|33|0.3175716146968207|1.1428571428571428|ReturnOnEquity10,22
385|10.479863284995083|33|0.3175716146968207|1.1428571428571428|ReturnOnEquity10,22
390|10.479863284995083|31|0.33806010596758335|1.1538461538461537|ReturnOnEquity10,22
395|10.479863284995083|31|0.33806010596758335|1.1538461538461537|ReturnOnEquity10,22
400|10.479863284995083|31|0.33806010596758335|1.1538461538461537|ReturnOnEquity10,22
405|10.479863284995083|31|0.33806010596758335|1.1538461538461537|ReturnOnEquity10,22
410|10.479863284995083|31|0.33806010596758335|1.1538461538461537|ReturnOnEquity10,22
415|10.479863284995083|31|0.33806010596758335|1.1538461538461537|ReturnOnEquity10,22
420|10.479863284995083|31|0.33806010596758335|1.1538461538461537|ReturnOnEquity10,22
425|10.479863284995083|31|0.33806010596758335|1.1538461538461537|ReturnOnEquity10,22
430|10.479863284995083|31|0.33806010596758335|1.1538461538461537|ReturnOnEquity10,22
435|10.479863284995083|31|0.33806010596758335|1.1538461538461537|ReturnOnEquity10,22
440|10.479863284995083|29|0.3613745960343132|1.1666666666666667|ReturnOnEquity10,22
445|10.479863284995083|29|0.3613745960343132|1.1666666666666667|ReturnOnEquity10,22
450|10.479863284995083|29|0.3613745960343132|1.1666666666666667|ReturnOnEquity10,22
455|10.479863284995083|29|0.3613745960343132|1.1666666666666667|ReturnOnEquity10,22
460|10.479863284995083|29|0.3613745960343132|1.1666666666666667|ReturnOnEquity10,22
465|10.479863284995083|29|0.3613745960343132|1.1666666666666667|ReturnOnEquity10,22
470|10.479863284995083|29|0.3613745960343132|1.1666666666666667|ReturnOnEquity10,22
475|10.479863284995083|29|0.3613745960343132|1.1666666666666667|ReturnOnEquity10,22
480|10.479863284995083|29|0.3613745960343132|1.1666666666666667|ReturnOnEquity10,22
485|10.479863284995083|29|0.3613745960343132|1.1666666666666667|ReturnOnEquity10,22
490|10.479863284995083|29|0.3613745960343132|1.1666666666666667|ReturnOnEquity10,22
495|10.479863284995083|29|0.3613745960343132|1.1666666666666667|ReturnOnEquity10,22
500|10.479863284995083|29|0.3613745960343132|1.1666666666666667|ReturnOnEquity10,22
505|10.479863284995083|29|0.3613745960343132|1.1666666666666667|ReturnOnEquity10,22
510|10.479863284995083|29|0.3613745960343132|1.1666666666666667|ReturnOnEquity10,22
515|10.479863284995083|29|0.3613745960343132|1.1666666666666667|ReturnOnEquity10,22
520|10.479863284995083|29|0.3613745960343132|1.1666666666666667|ReturnOnEquity10,22
525|10.479863284995083|29|0.3613745960343132|1.1666666666666667|ReturnOnEquity10,22
530|10.479863284995083|29|0.3613745960343132|1.1666666666666667|ReturnOnEquity10,22
535|10.479863284995083|29|0.3613745960343132|1.1666666666666667|ReturnOnEquity10,22
540|10.479863284995083|29|0.3613745960343132|1.1666666666666667|ReturnOnEquity10,22
545|10.479863284995083|29|0.3613745960343132|1.1666666666666667|ReturnOnEquity10,22
550|10.479863284995083|29|0.3613745960343132|1.1666666666666667|ReturnOnEquity10,22
555|10.479863284995083|27|0.3881430846294475|1.1818181818181819|ReturnOnEquity10,22
560|10.479863284995083|27|0.3881430846294475|1.1818181818181819|ReturnOnEquity10,22
565|10.479863284995083|27|0.3881430846294475|1.1818181818181819|ReturnOnEquity10,22
570|10.479863284995083|27|0.3881430846294475|1.1818181818181819|ReturnOnEquity10,22
575|10.479863284995083|27|0.3881430846294475|1.1818181818181819|ReturnOnEquity10,22
580|10.479863284995083|27|0.3881430846294475|1.1818181818181819|ReturnOnEquity10,22
585|10.479863284995083|27|0.3881430846294475|1.1818181818181819|ReturnOnEquity10,22
590|10.479863284995083|27|0.3881430846294475|1.1818181818181819|ReturnOnEquity10,22
595|10.479863284995083|27|0.3881430846294475|1.1818181818181819|ReturnOnEquity10,22
600|10.479863284995083|27|0.3881430846294475|1.1818181818181819|ReturnOnEquity10,22
605|10.479863284995083|27|0.3881430846294475|1.1818181818181819|ReturnOnEquity10,22
610|10.479863284995083|27|0.3881430846294475|1.1818181818181819|ReturnOnEquity10,22
615|10.479863284995083|27|0.3881430846294475|1.1818181818181819|ReturnOnEquity10,22
620|10.479863284995083|27|0.3881430846294475|1.1818181818181819|ReturnOnEquity10,22
625|10.479863284995083|27|0.3881430846294475|1.1818181818181819|ReturnOnEquity10,22
630|10.479863284995083|27|0.3881430846294475|1.1818181818181819|ReturnOnEquity10,22
635|10.479863284995083|27|0.3881430846294475|1.1818181818181819|ReturnOnEquity10,22
640|10.479863284995083|27|0.3881430846294475|1.1818181818181819|ReturnOnEquity10,22
645|10.479863284995083|27|0.3881430846294475|1.1818181818181819|ReturnOnEquity10,22
650|10.479863284995083|27|0.3881430846294475|1.1818181818181819|ReturnOnEquity10,22
655|10.479863284995083|25|0.41919453139980334|1.0909090909090908|CapExSalesChange,29
660|10.479863284995083|25|0.41919453139980334|1.0909090909090908|CapExSalesChange,29
665|10.479863284995083|25|0.41919453139980334|1.0909090909090908|CapExSalesChange,29
670|10.479863284995083|25|0.41919453139980334|1.0909090909090908|CapExSalesChange,29
675|10.479863284995083|25|0.41919453139980334|1.0909090909090908|CapExSalesChange,29
680|10.479863284995083|25|0.41919453139980334|1.0909090909090908|CapExSalesChange,29
685|10.479863284995083|25|0.41919453139980334|1.0909090909090908|CapExSalesChange,29
690|10.479863284995083|25|0.41919453139980334|1.0909090909090908|CapExSalesChange,29
695|10.479863284995083|25|0.41919453139980334|1.0909090909090908|CapExSalesChange,29
700|10.479863284995083|25|0.41919453139980334|1.0909090909090908|CapExSalesChange,29
705|10.479863284995083|25|0.41919453139980334|1.0909090909090908|CapExSalesChange,29
710|10.479863284995083|25|0.41919453139980334|1.0909090909090908|CapExSalesChange,29
715|10.479863284995083|25|0.41919453139980334|1.0909090909090908|CapExSalesChange,29
720|10.479863284995083|25|0.41919453139980334|1.0909090909090908|CapExSalesChange,29
725|10.479863284995083|25|0.41919453139980334|1.0909090909090908|CapExSalesChange,29
730|10.479863284995083|25|0.41919453139980334|1.0909090909090908|CapExSalesChange,29
735|10.479863284995083|25|0.41919453139980334|1.0909090909090908|CapExSalesChange,29
740|10.479863284995083|25|0.41919453139980334|1.0909090909090908|CapExSalesChange,29
745|10.479863284995083|25|0.41919453139980334|1.0909090909090908|CapExSalesChange,29
750|10.479863284995083|25|0.41919453139980334|1.0909090909090908|CapExSalesChange,29
755|10.479863284995083|25|0.41919453139980334|1.0909090909090908|CapExSalesChange,29
760|10.479863284995083|25|0.41919453139980334|1.0909090909090908|CapExSalesChange,29
765|10.479863284995083|25|0.41919453139980334|1.0909090909090908|CapExSalesChange,29
770|10.479863284995083|25|0.41919453139980334|1.0909090909090908|CapExSalesChange,29
775|10.479863284995083|25|0.41919453139980334|1.0909090909090908|CapExSalesChange,29
780|10.479863284995083|25|0.41919453139980334|1.0909090909090908|CapExSalesChange,29
785|10.479863284995083|25|0.41919453139980334|1.0909090909090908|CapExSalesChange,29
790|10.479863284995083|25|0.41919453139980334|1.0909090909090908|CapExSalesChange,29
795|10.479863284995083|25|0.41919453139980334|1.0909090909090908|CapExSalesChange,29
800|10.479863284995083|25|0.41919453139980334|1.0909090909090908|CapExSalesChange,29
805|10.479863284995083|25|0.41919453139980334|1.0909090909090908|CapExSalesChange,29
810|10.479863284995083|25|0.41919453139980334|1.0909090909090908|CapExSalesChange,29
815|10.479863284995083|25|0.41919453139980334|1.0909090909090908|CapExSalesChange,29
820|10.479863284995083|25|0.41919453139980334|1.0909090909090908|CapExSalesChange,29
825|10.479863284995083|25|0.41919453139980334|1.0909090909090908|CapExSalesChange,29
830|10.479863284995083|25|0.41919453139980334|1.0909090909090908|CapExSalesChange,29
835|10.479863284995083|25|0.41919453139980334|1.0909090909090908|CapExSalesChange,29
840|10.479863284995083|25|0.41919453139980334|1.0909090909090908|CapExSalesChange,29
845|10.479863284995083|25|0.41919453139980334|1.0909090909090908|CapExSalesChange,29
850|10.479863284995083|25|0.41919453139980334|1.0909090909090908|CapExSalesChange,29
855|10.479863284995083|25|0.41919453139980334|1.0909090909090908|CapExSalesChange,29
860|10.479863284995083|25|0.41919453139980334|1.0909090909090908|CapExSalesChange,29
865|10.479863284995083|25|0.41919453139980334|1.0909090909090908|CapExSalesChange,29
870|10.479863284995083|25|0.41919453139980334|1.0909090909090908|CapExSalesChange,29
875|10.479863284995083|25|0.41919453139980334|1.0909090909090908|CapExSalesChange,29
880|10.479863284995083|25|0.41919453139980334|1.0909090909090908|CapExSalesChange,29
885|10.479863284995083|25|0.41919453139980334|1.0909090909090908|CapExSalesChange,29
890|10.479863284995083|25|0.41919453139980334|1.0909090909090908|CapExSalesChange,29
895|10.479863284995083|25|0.41919453139980334|1.0909090909090908|CapExSalesChange,29
900|10.479863284995083|25|0.41919453139980334|1.0909090909090908|CapExSalesChange,29
905|10.479863284995083|25|0.41919453139980334|1.0909090909090908|CapExSalesChange,29
910|10.479863284995083|25|0.41919453139980334|1.0909090909090908|CapExSalesChange,29
915|10.479863284995083|25|0.41919453139980334|1.0909090909090908|CapExSalesChange,29
920|10.479863284995083|25|0.41919453139980334|1.0909090909090908|CapExSalesChange,29
925|10.479863284995083|25|0.41919453139980334|1.0909090909090908|CapExSalesChange,29
930|10.479863284995083|25|0.41919453139980334|1.0909090909090908|CapExSalesChange,29
935|10.479863284995083|25|0.41919453139980334|1.0909090909090908|CapExSalesChange,29
940|10.479863284995083|25|0.41919453139980334|1.0909090909090908|CapExSalesChange,29
945|10.479863284995083|25|0.41919453139980334|1.0909090909090908|CapExSalesChange,29
950|10.479863284995083|25|0.41919453139980334|1.0909090909090908|CapExSalesChange,29
955|10.479863284995083|25|0.41919453139980334|1.0909090909090908|CapExSalesChange,29
960|10.479863284995083|25|0.41919453139980334|1.0909090909090908|CapExSalesChange,29
965|10.479863284995083|23|0.45564622978239494|1.0|GrossMargin09,0
970|10.479863284995083|23|0.45564622978239494|1.0|GrossMargin09,0
975|10.479863284995083|23|0.45564622978239494|1.0|GrossMargin09,0
980|10.479863284995083|23|0.45564622978239494|1.0|GrossMargin09,0
985|10.479863284995083|21|0.4990411088092897|1.0|GrossMargin09,0
990|10.479863284995083|21|0.4990411088092897|1.0|GrossMargin09,0
995|10.479863284995083|21|0.4990411088092897|1.0|GrossMargin09,0
1000|10.479863284995083|21|0.4990411088092897|1.0|GrossMargin09,0
1005|10.479863284995083|21|0.4990411088092897|1.0|GrossMargin09,0
1010|10.479863284995083|21|0.4990411088092897|1.0|GrossMargin09,0
1015|10.479863284995083|21|0.4990411088092897|1.0|GrossMargin09,0
1020|10.479863284995083|21|0.4990411088092897|1.0|GrossMargin09,0
1025|10.479863284995083|21|0.4990411088092897|1.0|GrossMargin09,0
1030|10.479863284995083|21|0.4990411088092897|1.0|GrossMargin09,0
1035|10.479863284995083|21|0.4990411088092897|1.0|GrossMargin09,0
1040|10.479863284995083|21|0.4990411088092897|1.0|GrossMargin09,0
1045|10.479863284995083|21|0.4990411088092897|1.0|GrossMargin09,0
1050|10.479863284995083|21|0.4990411088092897|1.0|GrossMargin09,0
1055|10.479863284995083|21|0.4990411088092897|1.0|GrossMargin09,0
1060|10.479863284995083|21|0.4990411088092897|1.0|GrossMargin09,0
1065|10.479863284995083|21|0.4990411088092897|1.0|GrossMargin09,0
1070|10.479863284995083|21|0.4990411088092897|1.0|GrossMargin09,0
1075|10.479863284995083|21|0.4990411088092897|1.0|GrossMargin09,0
1080|10.479863284995083|21|0.4990411088092897|1.0|GrossMargin09,0
1085|10.479863284995083|21|0.4990411088092897|1.0|GrossMargin09,0
1090|10.479863284995083|21|0.4990411088092897|1.0|GrossMargin09,0
1095|10.479863284995083|21|0.4990411088092897|1.0|GrossMargin09,0
1100|10.479863284995083|21|0.4990411088092897|1.0|GrossMargin09,0
1105|10.479863284995083|21|0.4990411088092897|1.0|GrossMargin09,0
1110|10.479863284995083|21|0.4990411088092897|1.0|GrossMargin09,0
1115|10.479863284995083|21|0.4990411088092897|1.0|GrossMargin09,0
1120|10.479863284995083|21|0.4990411088092897|1.0|GrossMargin09,0
1125|10.479863284995083|21|0.4990411088092897|1.0|GrossMargin09,0
1130|10.479863284995083|21|0.4990411088092897|1.0|GrossMargin09,0
1135|10.479863284995083|21|0.4990411088092897|1.0|GrossMargin09,0
1140|10.479863284995083|21|0.4990411088092897|1.0|GrossMargin09,0
1145|10.479863284995083|21|0.4990411088092897|1.0|GrossMargin09,0
1150|10.479863284995083|21|0.4990411088092897|1.0|GrossMargin09,0
1155|10.479863284995083|21|0.4990411088092897|1.0|GrossMargin09,0
1160|10.479863284995083|21|0.4990411088092897|1.0|GrossMargin09,0
1165|10.479863284995083|21|0.4990411088092897|1.0|GrossMargin09,0
1170|10.479863284995083|21|0.4990411088092897|1.0|GrossMargin09,0
1175|10.479863284995083|21|0.4990411088092897|1.0|GrossMargin09,0
1180|10.479863284995083|21|0.4990411088092897|1.0|GrossMargin09,0
1185|10.479863284995083|21|0.4990411088092897|1.0|GrossMargin09,0
1190|10.479863284995083|21|0.4990411088092897|1.0|GrossMargin09,0
1195|10.479863284995083|21|0.4990411088092897|1.0|GrossMargin09,0
1200|10.479863284995083|21|0.4990411088092897|1.0|GrossMargin09,0
1205|10.479863284995083|21|0.4990411088092897|1.0|GrossMargin09,0
1210|10.479863284995083|21|0.4990411088092897|1.0|GrossMargin09,0
1215|10.479863284995083|21|0.4990411088092897|1.0|GrossMargin09,0
1220|10.479863284995083|21|0.4990411088092897|1.0|GrossMargin09,0
1225|10.479863284995083|21|0.4990411088092897|1.0|GrossMargin09,0
1230|10.479863284995083|21|0.4990411088092897|1.0|GrossMargin09,0
1235|10.479863284995083|21|0.4990411088092897|1.0|GrossMargin09,0
1240|10.479863284995083|21|0.4990411088092897|1.0|GrossMargin09,0
1245|10.479863284995083|21|0.4990411088092897|1.0|GrossMargin09,0
1250|10.479863284995083|21|0.4990411088092897|1.0|GrossMargin09,0
1255|10.479863284995083|21|0.4990411088092897|1.0|GrossMargin09,0
1260|10.479863284995083|21|0.4990411088092897|1.0|GrossMargin09,0
1265|10.479863284995083|21|0.4990411088092897|1.0|GrossMargin09,0
1270|10.479863284995083|21|0.4990411088092897|1.0|GrossMargin09,0
1275|10.479863284995083|21|0.4990411088092897|1.0|GrossMargin09,0
1280|10.479863284995083|21|0.4990411088092897|1.0|GrossMargin09,0
1285|10.479863284995083|21|0.4990411088092897|1.0|GrossMargin09,0
1290|10.479863284995083|21|0.4990411088092897|1.0|GrossMargin09,0
1295|10.479863284995083|21|0.4990411088092897|1.0|GrossMargin09,0
1300|10.479863284995083|21|0.4990411088092897|1.0|GrossMargin09,0
1305|10.479863284995083|21|0.4990411088092897|1.0|GrossMargin09,0
1310|10.479863284995083|21|0.4990411088092897|1.0|GrossMargin09,0
1315|10.479863284995083|21|0.4990411088092897|1.0|GrossMargin09,0
1320|10.479863284995083|21|0.4990411088092897|1.0|GrossMargin09,0
1325|10.479863284995083|21|0.4990411088092897|1.0|GrossMargin09,0
1330|10.479863284995083|21|0.4990411088092897|1.0|GrossMargin09,0
1335|10.479863284995083|21|0.4990411088092897|1.0|GrossMargin09,0
1340|10.479863284995083|21|0.4990411088092897|1.0|GrossMargin09,0
1345|10.479863284995083|21|0.4990411088092897|1.0|GrossMargin09,0
1350|10.479863284995083|21|0.4990411088092897|1.0|GrossMargin09,0
1355|10.479863284995083|21|0.4990411088092897|1.0|GrossMargin09,0
1360|10.479863284995083|21|0.4990411088092897|1.0|GrossMargin09,0
1365|10.479863284995083|21|0.4990411088092897|1.0|GrossMargin09,0
1370|10.479863284995083|21|0.4990411088092897|1.0|GrossMargin09,0
1375|10.479863284995083|21|0.4990411088092897|1.0|GrossMargin09,0
1380|10.479863284995083|21|0.4990411088092897|1.0|GrossMargin09,0
1385|10.479863284995083|21|0.4990411088092897|1.0|GrossMargin09,0
1390|10.479863284995083|21|0.4990411088092897|1.0|GrossMargin09,0
1395|10.479863284995083|21|0.4990411088092897|1.0|GrossMargin09,0
1400|10.479863284995083|21|0.4990411088092897|1.0|GrossMargin09,0
1405|10.479863284995083|21|0.4990411088092897|1.0|GrossMargin09,0
1410|10.479863284995083|21|0.4990411088092897|1.0|GrossMargin09,0
1415|10.479863284995083|21|0.4990411088092897|1.0|GrossMargin09,0
1420|10.479863284995083|21|0.4990411088092897|1.0|GrossMargin09,0
1425|10.479863284995083|21|0.4990411088092897|1.0|GrossMargin09,0
1430|10.479863284995083|21|0.4990411088092897|1.0|GrossMargin09,0
1435|10.479863284995083|21|0.4990411088092897|1.0|GrossMargin09,0
1440|10.479863284995083|21|0.4990411088092897|1.0|GrossMargin09,0
1445|10.479863284995083|21|0.4990411088092897|1.0|GrossMargin09,0
1450|10.479863284995083|21|0.4990411088092897|1.0|GrossMargin09,0
1455|10.479863284995083|21|0.4990411088092897|1.0|GrossMargin09,0
1460|10.479863284995083|21|0.4990411088092897|1.0|GrossMargin09,0
1465|10.479863284995083|21|0.4990411088092897|1.0|GrossMargin09,0
1470|10.479863284995083|21|0.4990411088092897|1.0|GrossMargin09,0
1475|10.479863284995083|21|0.4990411088092897|1.0|GrossMargin09,0
1480|10.479863284995083|21|0.4990411088092897|1.0|GrossMargin09,0
1485|10.479863284995083|21|0.4990411088092897|1.0|GrossMargin09,0
1490|10.479863284995083|21|0.4990411088092897|1.0|GrossMargin09,0
1495|10.479863284995083|21|0.4990411088092897|1.0|GrossMargin09,0
1500|10.479863284995083|21|0.4990411088092897|1.0|GrossMargin09,0
1505|10.479863284995083|21|0.4990411088092897|1.0|GrossMargin09,0
1510|10.479863284995083|21|0.4990411088092897|1.0|GrossMargin09,0
1515|10.479863284995083|21|0.4990411088092897|1.0|GrossMargin09,0
1520|10.479863284995083|21|0.4990411088092897|1.0|GrossMargin09,0
1525|10.479863284995083|21|0.4990411088092897|1.0|GrossMargin09,0
1530|10.479863284995083|21|0.4990411088092897|1.0|GrossMargin09,0
1535|10.479863284995083|21|0.4990411088092897|1.0|GrossMargin09,0
1540|10.479863284995083|21|0.4990411088092897|1.0|GrossMargin09,0
1545|10.479863284995083|21|0.4990411088092897|1.0|GrossMargin09,0
1550|10.479863284995083|21|0.4990411088092897|1.0|GrossMargin09,0
1555|10.479863284995083|21|0.4990411088092897|1.0|GrossMargin09,0
1560|10.479863284995083|21|0.4990411088092897|1.0|GrossMargin09,0
1565|10.479863284995083|21|0.4990411088092897|1.0|GrossMargin09,0
1570|10.479863284995083|21|0.4990411088092897|1.0|GrossMargin09,0
1575|10.479863284995083|21|0.4990411088092897|1.0|GrossMargin09,0
1580|10.479863284995083|21|0.4990411088092897|1.0|GrossMargin09,0
1585|10.479863284995083|21|0.4990411088092897|1.0|GrossMargin09,0
1590|10.479863284995083|21|0.4990411088092897|1.0|GrossMargin09,0
1595|10.479863284995083|21|0.4990411088092897|1.0|GrossMargin09,0
1600|10.479863284995083|21|0.4990411088092897|1.0|GrossMargin09,0
1605|10.479863284995083|21|0.4990411088092897|1.0|GrossMargin09,0
1610|10.479863284995083|21|0.4990411088092897|1.0|GrossMargin09,0
1615|10.479863284995083|21|0.4990411088092897|1.0|GrossMargin09,0
1620|10.479863284995083|21|0.4990411088092897|1.0|GrossMargin09,0
1625|10.479863284995083|21|0.4990411088092897|1.0|GrossMargin09,0
1630|10.479863284995083|21|0.4990411088092897|1.0|GrossMargin09,0
1635|10.479863284995083|21|0.4990411088092897|1.0|GrossMargin09,0
1640|10.479863284995083|21|0.4990411088092897|1.0|GrossMargin09,0
1645|10.479863284995083|21|0.4990411088092897|1.0|GrossMargin09,0
1650|10.479863284995083|21|0.4990411088092897|1.0|GrossMargin09,0
1655|10.479863284995083|21|0.4990411088092897|1.0|GrossMargin09,0
1660|10.479863284995083|21|0.4990411088092897|1.0|GrossMargin09,0
1665|10.479863284995083|21|0.4990411088092897|1.0|GrossMargin09,0
1670|10.479863284995083|21|0.4990411088092897|1.0|GrossMargin09,0
1675|10.479863284995083|21|0.4990411088092897|1.0|GrossMargin09,0
1680|10.479863284995083|21|0.4990411088092897|1.0|GrossMargin09,0
1685|10.479863284995083|21|0.4990411088092897|1.0|GrossMargin09,0
1690|10.479863284995083|21|0.4990411088092897|1.0|GrossMargin09,0
1695|10.479863284995083|21|0.4990411088092897|1.0|GrossMargin09,0
1700|10.479863284995083|21|0.4990411088092897|1.0|GrossMargin09,0
1705|10.479863284995083|21|0.4990411088092897|1.0|GrossMargin09,0
1710|10.479863284995083|21|0.4990411088092897|1.0|GrossMargin09,0
1715|10.479863284995083|21|0.4990411088092897|1.0|GrossMargin09,0
1720|10.479863284995083|21|0.4990411088092897|1.0|GrossMargin09,0
1725|10.479863284995083|21|0.4990411088092897|1.0|GrossMargin09,0
1730|10.479863284995083|21|0.4990411088092897|1.0|GrossMargin09,0
1735|10.479863284995083|21|0.4990411088092897|1.0|GrossMargin09,0
1740|10.479863284995083|21|0.4990411088092897|1.0|GrossMargin09,0
1745|10.479863284995083|21|0.4990411088092897|1.0|GrossMargin09,0
1750|10.479863284995083|21|0.4990411088092897|1.0|GrossMargin09,0
1755|10.479863284995083|21|0.4990411088092897|1.0|GrossMargin09,0
1760|10.479863284995083|21|0.4990411088092897|1.0|GrossMargin09,0
1765|10.479863284995083|21|0.4990411088092897|1.0|GrossMargin09,0
1770|10.479863284995083|21|0.4990411088092897|1.0|GrossMargin09,0
1775|10.479863284995083|21|0.4990411088092897|1.0|GrossMargin09,0
1780|10.479863284995083|21|0.4990411088092897|1.0|GrossMargin09,0
1785|10.479863284995083|21|0.4990411088092897|1.0|GrossMargin09,0
1790|10.479863284995083|21|0.4990411088092897|1.0|GrossMargin09,0
1795|10.479863284995083|21|0.4990411088092897|1.0|GrossMargin09,0
1800|10.479863284995083|19|0.5515717518418465|1.0|GrossMargin09,0
1805|10.479863284995083|19|0.5515717518418465|1.0|GrossMargin09,0
1810|10.479863284995083|19|0.5515717518418465|1.0|GrossMargin09,0
1815|10.479863284995083|19|0.5515717518418465|1.0|GrossMargin09,0
1820|10.479863284995083|19|0.5515717518418465|1.0|GrossMargin09,0
1825|10.479863284995083|19|0.5515717518418465|1.0|GrossMargin09,0
1830|10.479863284995083|19|0.5515717518418465|1.0|GrossMargin09,0
1835|10.479863284995083|19|0.5515717518418465|1.0|GrossMargin09,0
1840|10.479863284995083|19|0.5515717518418465|1.0|GrossMargin09,0
1845|10.479863284995083|19|0.5515717518418465|1.0|GrossMargin09,0
1850|10.479863284995083|19|0.5515717518418465|1.0|GrossMargin09,0
1855|10.479863284995083|19|0.5515717518418465|1.0|GrossMargin09,0
1860|10.479863284995083|19|0.5515717518418465|1.0|GrossMargin09,0
1865|10.479863284995083|19|0.5515717518418465|1.0|GrossMargin09,0
1870|10.479863284995083|19|0.5515717518418465|1.0|GrossMargin09,0
1875|10.479863284995083|19|0.5515717518418465|1.0|GrossMargin09,0
1880|10.479863284995083|19|0.5515717518418465|1.0|GrossMargin09,0
1885|10.479863284995083|19|0.5515717518418465|1.0|GrossMargin09,0
1890|10.479863284995083|19|0.5515717518418465|1.0|GrossMargin09,0
1895|10.479863284995083|19|0.5515717518418465|1.0|GrossMargin09,0
1900|10.479863284995083|19|0.5515717518418465|1.0|GrossMargin09,0
1905|10.479863284995083|19|0.5515717518418465|1.0|GrossMargin09,0
1910|10.479863284995083|19|0.5515717518418465|1.0|GrossMargin09,0
1915|10.479863284995083|19|0.5515717518418465|1.0|GrossMargin09,0
1920|10.479863284995083|19|0.5515717518418465|1.0|GrossMargin09,0
1925|10.479863284995083|19|0.5515717518418465|1.0|GrossMargin09,0
1930|10.479863284995083|19|0.5515717518418465|1.0|GrossMargin09,0
1935|10.479863284995083|19|0.5515717518418465|1.0|GrossMargin09,0
1940|10.479863284995083|19|0.5515717518418465|1.0|GrossMargin09,0
1945|10.479863284995083|19|0.5515717518418465|1.0|GrossMargin09,0
1950|10.479863284995083|19|0.5515717518418465|1.0|GrossMargin09,0
1955|10.479863284995083|19|0.5515717518418465|1.0|GrossMargin09,0
1960|10.479863284995083|19|0.5515717518418465|1.0|GrossMargin09,0
1965|10.479863284995083|19|0.5515717518418465|1.0|GrossMargin09,0
1970|10.479863284995083|19|0.5515717518418465|1.0|GrossMargin09,0
1975|10.479863284995083|19|0.5515717518418465|1.0|GrossMargin09,0
1980|10.479863284995083|19|0.5515717518418465|1.0|GrossMargin09,0
1985|10.479863284995083|19|0.5515717518418465|1.0|GrossMargin09,0
1990|10.479863284995083|19|0.5515717518418465|1.0|GrossMargin09,0
1995|10.479863284995083|19|0.5515717518418465|1.0|GrossMargin09,0
2000|10.479863284995083|19|0.5515717518418465|1.0|GrossMargin09,0
