#########################################################
# Algorithm Parameters #
# Generations = 2000
# Population size = 100
# Resolution = 5
#########################################################
# Financial Parameters #
# Quarter = 1
# Crossover probabilities = 0.75 -> 0.25
# Mutation start probabilities = 0.9,0.0,0.6,0.5,0.6,0.9
# Mutation end probabilities = 0.4,0.4,0.1,0.1,0.1,0.4
######################################################### 
0|7.602665160181969|7|1.0860950228831385|1.5|SGAExpenses09,12
5|7.990652905916396|11|0.7264229914469451|1.0|SGAExpenses09,12
10|8.257033725778689|13|0.6351564404445145|1.2|ReturnOnInvestedCapital10,25
15|8.873809091722954|13|0.6826006993633041|1.0|EarningsPerShareChange,8
20|8.99104016930328|17|0.5288847158413694|1.0|EarningsPerShare10,7
25|8.99104016930328|17|0.5288847158413694|1.0|EarningsPerShare10,7
30|8.99104016930328|17|0.5288847158413694|1.0|EarningsPerShare10,7
35|8.99104016930328|15|0.5994026779535521|1.0|SGAExpenses09,12
40|8.99104016930328|13|0.6916184745617908|1.0|SGAExpenses09,12
45|8.99104016930328|13|0.6916184745617908|1.0|SGAExpenses09,12
50|9.092052202614756|17|0.5348266001538091|1.0|BookValuePerShare09,9
55|9.092052202614756|15|0.6061368135076504|1.4|ReturnOnAssets10,19
60|9.092052202614756|15|0.6061368135076504|1.4|ReturnOnAssets10,19
65|9.092052202614756|15|0.6061368135076504|1.4|ReturnOnAssets10,19
70|9.211945325932787|17|0.5418791368195757|1.1428571428571428|TotalCurrentAssetsChange,32
75|9.324444301283608|19|0.49076022638334776|1.0|BookValuePerShare10,10
80|9.324444301283608|19|0.49076022638334776|1.0|BookValuePerShare10,10
85|9.324444301283608|17|0.5484967236049181|1.3333333333333333|ReturnOnInvestedCapital10,25
90|9.54133349062459|19|0.5021754468749784|1.2857142857142858|ReturnOnInvestedCapital10,25
95|9.54133349062459|19|0.5021754468749784|1.2857142857142858|ReturnOnInvestedCapital10,25
100|9.54133349062459|19|0.5021754468749784|1.2857142857142858|ReturnOnInvestedCapital10,25
105|9.54133349062459|19|0.5021754468749784|1.2857142857142858|ReturnOnInvestedCapital10,25
110|9.62733621625082|19|0.5067019061184642|1.2857142857142858|ReturnOnInvestedCapital10,25
115|9.62733621625082|19|0.5067019061184642|1.2857142857142858|ReturnOnInvestedCapital10,25
120|9.62733621625082|19|0.5067019061184642|1.2857142857142858|ReturnOnInvestedCapital10,25
125|9.62733621625082|19|0.5067019061184642|1.2857142857142858|ReturnOnInvestedCapital10,25
130|9.62733621625082|19|0.5067019061184642|1.2857142857142858|ReturnOnInvestedCapital10,25
135|9.62733621625082|17|0.5663138950735777|1.3333333333333333|ReturnOnInvestedCapital10,25
140|9.62733621625082|17|0.5663138950735777|1.3333333333333333|ReturnOnInvestedCapital10,25
145|9.62733621625082|17|0.5663138950735777|1.3333333333333333|ReturnOnInvestedCapital10,25
150|9.65743828084754|19|0.5082862253077652|1.125|ReturnOnInvestedCapital10,25
155|9.65743828084754|19|0.5082862253077652|1.125|ReturnOnInvestedCapital10,25
160|9.874327470188526|21|0.4702060700089774|1.1111111111111112|TotalCurrentAssetsChange,32
165|9.874327470188526|19|0.519701445799396|1.125|TotalCurrentAssetsChange,32
170|9.874327470188526|19|0.519701445799396|1.125|TotalCurrentAssetsChange,32
175|9.920285512585247|23|0.43131676141674985|1.1|ReturnOnInvestedCapital10,25
180|9.920285512585247|21|0.4723945482183451|1.1111111111111112|ReturnOnInvestedCapital10,25
185|9.920285512585247|21|0.4723945482183451|1.1111111111111112|ReturnOnInvestedCapital10,25
190|9.920285512585247|21|0.4723945482183451|1.1111111111111112|ReturnOnInvestedCapital10,25
195|9.920285512585247|21|0.4723945482183451|1.1111111111111112|ReturnOnInvestedCapital10,25
200|9.920285512585247|21|0.4723945482183451|1.1111111111111112|ReturnOnInvestedCapital10,25
205|9.920285512585247|21|0.4723945482183451|1.1111111111111112|ReturnOnInvestedCapital10,25
210|9.920285512585247|19|0.5221202901360656|1.0|GrossMargin09,0
215|9.920285512585247|19|0.5221202901360656|1.0|GrossMargin09,0
220|9.920285512585247|19|0.5221202901360656|1.0|GrossMargin09,0
225|9.920285512585247|19|0.5221202901360656|1.0|GrossMargin09,0
230|9.920285512585247|19|0.5221202901360656|1.0|GrossMargin09,0
235|9.920285512585247|19|0.5221202901360656|1.0|GrossMargin09,0
240|9.920285512585247|19|0.5221202901360656|1.0|GrossMargin09,0
245|9.920285512585247|19|0.5221202901360656|1.0|GrossMargin09,0
250|9.920285512585247|19|0.5221202901360656|1.0|GrossMargin09,0
255|9.920285512585247|19|0.5221202901360656|1.0|GrossMargin09,0
260|9.920285512585247|19|0.5221202901360656|1.0|GrossMargin09,0
265|9.920285512585247|17|0.5835462066226615|1.1428571428571428|ReturnOnInvestedCapital10,25
270|9.920285512585247|17|0.5835462066226615|1.1428571428571428|ReturnOnInvestedCapital10,25
275|9.920285512585247|17|0.5835462066226615|1.1428571428571428|ReturnOnInvestedCapital10,25
280|9.920285512585247|17|0.5835462066226615|1.1428571428571428|ReturnOnInvestedCapital10,25
285|9.920285512585247|17|0.5835462066226615|1.1428571428571428|ReturnOnInvestedCapital10,25
290|9.920285512585247|17|0.5835462066226615|1.1428571428571428|ReturnOnInvestedCapital10,25
295|9.920285512585247|17|0.5835462066226615|1.1428571428571428|ReturnOnInvestedCapital10,25
300|9.920285512585247|17|0.5835462066226615|1.1428571428571428|ReturnOnInvestedCapital10,25
305|9.920285512585247|17|0.5835462066226615|1.1428571428571428|ReturnOnInvestedCapital10,25
310|9.920285512585247|15|0.6613523675056832|1.0|SGAExpensesChange,14
315|9.920285512585247|15|0.6613523675056832|1.0|SGAExpensesChange,14
320|9.920285512585247|15|0.6613523675056832|1.0|SGAExpensesChange,14
325|9.920285512585247|15|0.6613523675056832|1.0|SGAExpensesChange,14
330|9.920285512585247|15|0.6613523675056832|1.0|SGAExpensesChange,14
335|9.920285512585247|15|0.6613523675056832|1.0|SGAExpensesChange,14
340|9.920285512585247|15|0.6613523675056832|1.0|SGAExpensesChange,14
345|9.920285512585247|15|0.6613523675056832|1.0|SGAExpensesChange,14
350|9.920285512585247|15|0.6613523675056832|1.0|SGAExpensesChange,14
355|9.920285512585247|15|0.6613523675056832|1.0|SGAExpensesChange,14
360|9.920285512585247|15|0.6613523675056832|1.0|SGAExpensesChange,14
365|9.920285512585247|15|0.6613523675056832|1.0|SGAExpensesChange,14
370|9.920285512585247|15|0.6613523675056832|1.0|SGAExpensesChange,14
375|9.920285512585247|15|0.6613523675056832|1.0|SGAExpensesChange,14
380|9.920285512585247|15|0.6613523675056832|1.0|SGAExpensesChange,14
385|9.920285512585247|15|0.6613523675056832|1.0|SGAExpensesChange,14
390|9.920285512585247|15|0.6613523675056832|1.0|SGAExpensesChange,14
395|9.920285512585247|15|0.6613523675056832|1.0|SGAExpensesChange,14
400|9.920285512585247|15|0.6613523675056832|1.0|SGAExpensesChange,14
405|9.920285512585247|15|0.6613523675056832|1.0|SGAExpensesChange,14
410|9.920285512585247|15|0.6613523675056832|1.0|SGAExpensesChange,14
415|9.920285512585247|15|0.6613523675056832|1.0|SGAExpensesChange,14
420|9.920285512585247|15|0.6613523675056832|1.0|SGAExpensesChange,14
425|9.920285512585247|15|0.6613523675056832|1.0|SGAExpensesChange,14
430|9.920285512585247|15|0.6613523675056832|1.0|SGAExpensesChange,14
435|9.920285512585247|15|0.6613523675056832|1.0|SGAExpensesChange,14
440|9.920285512585247|15|0.6613523675056832|1.0|SGAExpensesChange,14
445|9.920285512585247|15|0.6613523675056832|1.0|SGAExpensesChange,14
450|9.920285512585247|15|0.6613523675056832|1.0|SGAExpensesChange,14
455|9.920285512585247|15|0.6613523675056832|1.0|SGAExpensesChange,14
460|9.920285512585247|15|0.6613523675056832|1.0|SGAExpensesChange,14
465|9.920285512585247|15|0.6613523675056832|1.0|SGAExpensesChange,14
470|9.920285512585247|15|0.6613523675056832|1.0|SGAExpensesChange,14
475|9.920285512585247|15|0.6613523675056832|1.0|SGAExpensesChange,14
480|9.920285512585247|15|0.6613523675056832|1.0|SGAExpensesChange,14
485|9.920285512585247|15|0.6613523675056832|1.0|SGAExpensesChange,14
490|9.920285512585247|15|0.6613523675056832|1.0|SGAExpensesChange,14
495|9.920285512585247|15|0.6613523675056832|1.0|SGAExpensesChange,14
500|9.920285512585247|15|0.6613523675056832|1.0|SGAExpensesChange,14
505|9.920285512585247|15|0.6613523675056832|1.0|SGAExpensesChange,14
510|9.920285512585247|15|0.6613523675056832|1.0|SGAExpensesChange,14
515|9.920285512585247|15|0.6613523675056832|1.0|SGAExpensesChange,14
520|9.920285512585247|15|0.6613523675056832|1.0|SGAExpensesChange,14
525|9.920285512585247|15|0.6613523675056832|1.0|SGAExpensesChange,14
530|9.920285512585247|15|0.6613523675056832|1.0|SGAExpensesChange,14
535|9.920285512585247|15|0.6613523675056832|1.0|SGAExpensesChange,14
540|9.920285512585247|15|0.6613523675056832|1.0|SGAExpensesChange,14
545|9.920285512585247|15|0.6613523675056832|1.0|SGAExpensesChange,14
550|9.920285512585247|15|0.6613523675056832|1.0|SGAExpensesChange,14
555|9.920285512585247|15|0.6613523675056832|1.0|SGAExpensesChange,14
560|9.920285512585247|15|0.6613523675056832|1.0|SGAExpensesChange,14
565|9.920285512585247|15|0.6613523675056832|1.0|SGAExpensesChange,14
570|9.920285512585247|15|0.6613523675056832|1.0|SGAExpensesChange,14
575|9.920285512585247|15|0.6613523675056832|1.0|SGAExpensesChange,14
580|9.920285512585247|15|0.6613523675056832|1.0|SGAExpensesChange,14
585|9.920285512585247|15|0.6613523675056832|1.0|SGAExpensesChange,14
590|9.920285512585247|15|0.6613523675056832|1.0|SGAExpensesChange,14
595|9.920285512585247|15|0.6613523675056832|1.0|SGAExpensesChange,14
600|9.920285512585247|15|0.6613523675056832|1.0|SGAExpensesChange,14
605|9.920285512585247|15|0.6613523675056832|1.0|SGAExpensesChange,14
610|9.920285512585247|15|0.6613523675056832|1.0|SGAExpensesChange,14
615|9.920285512585247|15|0.6613523675056832|1.0|SGAExpensesChange,14
620|9.920285512585247|15|0.6613523675056832|1.0|SGAExpensesChange,14
625|9.920285512585247|15|0.6613523675056832|1.0|SGAExpensesChange,14
630|9.920285512585247|15|0.6613523675056832|1.0|SGAExpensesChange,14
635|9.920285512585247|15|0.6613523675056832|1.0|SGAExpensesChange,14
640|9.920285512585247|15|0.6613523675056832|1.0|SGAExpensesChange,14
645|9.920285512585247|15|0.6613523675056832|1.0|SGAExpensesChange,14
650|9.920285512585247|15|0.6613523675056832|1.0|SGAExpensesChange,14
655|9.920285512585247|15|0.6613523675056832|1.0|SGAExpensesChange,14
660|9.920285512585247|15|0.6613523675056832|1.0|SGAExpensesChange,14
665|9.920285512585247|15|0.6613523675056832|1.0|SGAExpensesChange,14
670|9.920285512585247|15|0.6613523675056832|1.0|SGAExpensesChange,14
675|9.920285512585247|15|0.6613523675056832|1.0|SGAExpensesChange,14
680|9.920285512585247|15|0.6613523675056832|1.0|SGAExpensesChange,14
685|9.920285512585247|15|0.6613523675056832|1.0|SGAExpensesChange,14
690|9.920285512585247|15|0.6613523675056832|1.0|SGAExpensesChange,14
695|9.920285512585247|15|0.6613523675056832|1.0|SGAExpensesChange,14
700|9.920285512585247|15|0.6613523675056832|1.0|SGAExpensesChange,14
705|9.920285512585247|15|0.6613523675056832|1.0|SGAExpensesChange,14
710|9.920285512585247|13|0.7630988855834805|1.0|SGAExpensesChange,14
715|9.920285512585247|13|0.7630988855834805|1.0|SGAExpensesChange,14
720|9.920285512585247|13|0.7630988855834805|1.0|SGAExpensesChange,14
725|9.920285512585247|13|0.7630988855834805|1.0|SGAExpensesChange,14
730|9.920285512585247|13|0.7630988855834805|1.0|SGAExpensesChange,14
735|9.920285512585247|13|0.7630988855834805|1.0|SGAExpensesChange,14
740|9.920285512585247|13|0.7630988855834805|1.0|SGAExpensesChange,14
745|9.920285512585247|13|0.7630988855834805|1.0|SGAExpensesChange,14
750|9.920285512585247|13|0.7630988855834805|1.0|SGAExpensesChange,14
755|9.920285512585247|13|0.7630988855834805|1.0|SGAExpensesChange,14
760|9.920285512585247|13|0.7630988855834805|1.0|SGAExpensesChange,14
765|9.920285512585247|13|0.7630988855834805|1.0|SGAExpensesChange,14
770|9.920285512585247|13|0.7630988855834805|1.0|SGAExpensesChange,14
775|9.920285512585247|13|0.7630988855834805|1.0|SGAExpensesChange,14
780|9.920285512585247|13|0.7630988855834805|1.0|SGAExpensesChange,14
785|9.920285512585247|13|0.7630988855834805|1.0|SGAExpensesChange,14
790|9.920285512585247|13|0.7630988855834805|1.0|SGAExpensesChange,14
795|9.920285512585247|11|0.9018441375077497|1.0|ReturnOnAssets09,18
800|9.920285512585247|11|0.9018441375077497|1.0|ReturnOnAssets09,18
805|9.920285512585247|11|0.9018441375077497|1.0|ReturnOnAssets09,18
810|9.920285512585247|11|0.9018441375077497|1.0|ReturnOnAssets09,18
815|9.920285512585247|11|0.9018441375077497|1.0|ReturnOnAssets09,18
820|9.920285512585247|11|0.9018441375077497|1.0|ReturnOnAssets09,18
825|9.920285512585247|11|0.9018441375077497|1.0|ReturnOnAssets09,18
830|9.920285512585247|11|0.9018441375077497|1.0|ReturnOnAssets09,18
835|9.920285512585247|11|0.9018441375077497|1.0|ReturnOnAssets09,18
840|9.920285512585247|11|0.9018441375077497|1.0|ReturnOnAssets09,18
845|9.920285512585247|11|0.9018441375077497|1.0|ReturnOnAssets09,18
850|9.920285512585247|11|0.9018441375077497|1.0|ReturnOnAssets09,18
855|9.920285512585247|11|0.9018441375077497|1.0|ReturnOnAssets09,18
860|9.920285512585247|11|0.9018441375077497|1.0|ReturnOnAssets09,18
865|9.920285512585247|11|0.9018441375077497|1.0|ReturnOnAssets09,18
870|9.920285512585247|11|0.9018441375077497|1.0|ReturnOnAssets09,18
875|9.920285512585247|11|0.9018441375077497|1.0|ReturnOnAssets09,18
880|9.920285512585247|11|0.9018441375077497|1.0|ReturnOnAssets09,18
885|9.920285512585247|11|0.9018441375077497|1.0|ReturnOnAssets09,18
890|9.920285512585247|11|0.9018441375077497|1.0|ReturnOnAssets09,18
895|9.920285512585247|11|0.9018441375077497|1.0|ReturnOnAssets09,18
900|9.920285512585247|11|0.9018441375077497|1.0|ReturnOnAssets09,18
905|9.920285512585247|11|0.9018441375077497|1.0|ReturnOnAssets09,18
910|9.920285512585247|11|0.9018441375077497|1.0|ReturnOnAssets09,18
915|9.920285512585247|11|0.9018441375077497|1.0|ReturnOnAssets09,18
920|9.920285512585247|11|0.9018441375077497|1.0|ReturnOnAssets09,18
925|9.920285512585247|11|0.9018441375077497|1.0|ReturnOnAssets09,18
930|9.920285512585247|11|0.9018441375077497|1.0|ReturnOnAssets09,18
935|9.920285512585247|11|0.9018441375077497|1.0|ReturnOnAssets09,18
940|9.920285512585247|11|0.9018441375077497|1.0|ReturnOnAssets09,18
945|9.920285512585247|11|0.9018441375077497|1.0|ReturnOnAssets09,18
950|9.920285512585247|11|0.9018441375077497|1.0|ReturnOnAssets09,18
955|9.920285512585247|11|0.9018441375077497|1.0|ReturnOnAssets09,18
960|9.920285512585247|11|0.9018441375077497|1.0|ReturnOnAssets09,18
965|9.920285512585247|11|0.9018441375077497|1.0|ReturnOnAssets09,18
970|9.920285512585247|11|0.9018441375077497|1.0|ReturnOnAssets09,18
975|9.920285512585247|11|0.9018441375077497|1.0|ReturnOnAssets09,18
980|9.920285512585247|11|0.9018441375077497|1.0|ReturnOnAssets09,18
985|9.920285512585247|11|0.9018441375077497|1.0|ReturnOnAssets09,18
990|9.920285512585247|11|0.9018441375077497|1.0|ReturnOnAssets09,18
995|9.920285512585247|11|0.9018441375077497|1.0|ReturnOnAssets09,18
1000|9.920285512585247|11|0.9018441375077497|1.0|ReturnOnAssets09,18
1005|9.920285512585247|11|0.9018441375077497|1.0|ReturnOnAssets09,18
1010|9.920285512585247|11|0.9018441375077497|1.0|ReturnOnAssets09,18
1015|9.920285512585247|11|0.9018441375077497|1.0|ReturnOnAssets09,18
1020|9.920285512585247|11|0.9018441375077497|1.0|ReturnOnAssets09,18
1025|9.920285512585247|11|0.9018441375077497|1.0|ReturnOnAssets09,18
1030|9.920285512585247|11|0.9018441375077497|1.0|ReturnOnAssets09,18
1035|9.920285512585247|11|0.9018441375077497|1.0|ReturnOnAssets09,18
1040|9.920285512585247|11|0.9018441375077497|1.0|ReturnOnAssets09,18
1045|9.920285512585247|11|0.9018441375077497|1.0|ReturnOnAssets09,18
1050|9.920285512585247|11|0.9018441375077497|1.0|ReturnOnAssets09,18
1055|9.920285512585247|11|0.9018441375077497|1.0|ReturnOnAssets09,18
1060|9.920285512585247|11|0.9018441375077497|1.0|ReturnOnAssets09,18
1065|9.920285512585247|11|0.9018441375077497|1.0|ReturnOnAssets09,18
1070|9.920285512585247|11|0.9018441375077497|1.0|ReturnOnAssets09,18
1075|9.920285512585247|11|0.9018441375077497|1.0|ReturnOnAssets09,18
1080|9.920285512585247|11|0.9018441375077497|1.0|ReturnOnAssets09,18
1085|9.920285512585247|11|0.9018441375077497|1.0|ReturnOnAssets09,18
1090|9.920285512585247|11|0.9018441375077497|1.0|ReturnOnAssets09,18
1095|9.920285512585247|11|0.9018441375077497|1.0|ReturnOnAssets09,18
1100|9.920285512585247|11|0.9018441375077497|1.0|ReturnOnAssets09,18
1105|9.920285512585247|11|0.9018441375077497|1.0|ReturnOnAssets09,18
1110|9.920285512585247|11|0.9018441375077497|1.0|ReturnOnAssets09,18
1115|9.920285512585247|11|0.9018441375077497|1.0|ReturnOnAssets09,18
1120|9.920285512585247|11|0.9018441375077497|1.0|ReturnOnAssets09,18
1125|9.920285512585247|11|0.9018441375077497|1.0|ReturnOnAssets09,18
1130|9.920285512585247|11|0.9018441375077497|1.0|ReturnOnAssets09,18
1135|9.920285512585247|11|0.9018441375077497|1.0|ReturnOnAssets09,18
1140|9.920285512585247|11|0.9018441375077497|1.0|ReturnOnAssets09,18
1145|9.920285512585247|11|0.9018441375077497|1.0|ReturnOnAssets09,18
1150|9.920285512585247|11|0.9018441375077497|1.0|ReturnOnAssets09,18
1155|9.920285512585247|11|0.9018441375077497|1.0|ReturnOnAssets09,18
1160|9.920285512585247|11|0.9018441375077497|1.0|ReturnOnAssets09,18
1165|9.920285512585247|11|0.9018441375077497|1.0|ReturnOnAssets09,18
1170|9.920285512585247|11|0.9018441375077497|1.0|ReturnOnAssets09,18
1175|9.920285512585247|11|0.9018441375077497|1.0|ReturnOnAssets09,18
1180|9.920285512585247|11|0.9018441375077497|1.0|ReturnOnAssets09,18
1185|9.920285512585247|11|0.9018441375077497|1.0|ReturnOnAssets09,18
1190|9.920285512585247|11|0.9018441375077497|1.0|ReturnOnAssets09,18
1195|9.920285512585247|11|0.9018441375077497|1.0|ReturnOnAssets09,18
1200|9.920285512585247|11|0.9018441375077497|1.0|ReturnOnAssets09,18
1205|9.920285512585247|11|0.9018441375077497|1.0|ReturnOnAssets09,18
1210|9.920285512585247|11|0.9018441375077497|1.0|ReturnOnAssets09,18
1215|9.920285512585247|11|0.9018441375077497|1.0|ReturnOnAssets09,18
1220|9.920285512585247|11|0.9018441375077497|1.0|ReturnOnAssets09,18
1225|9.920285512585247|11|0.9018441375077497|1.0|ReturnOnAssets09,18
1230|9.920285512585247|11|0.9018441375077497|1.0|ReturnOnAssets09,18
1235|9.920285512585247|11|0.9018441375077497|1.0|ReturnOnAssets09,18
1240|9.920285512585247|11|0.9018441375077497|1.0|ReturnOnAssets09,18
1245|9.920285512585247|11|0.9018441375077497|1.0|ReturnOnAssets09,18
1250|9.920285512585247|11|0.9018441375077497|1.0|ReturnOnAssets09,18
1255|9.920285512585247|11|0.9018441375077497|1.0|ReturnOnAssets09,18
1260|9.920285512585247|11|0.9018441375077497|1.0|ReturnOnAssets09,18
1265|9.920285512585247|11|0.9018441375077497|1.0|ReturnOnAssets09,18
1270|9.920285512585247|11|0.9018441375077497|1.0|ReturnOnAssets09,18
1275|9.920285512585247|11|0.9018441375077497|1.0|ReturnOnAssets09,18
1280|9.920285512585247|11|0.9018441375077497|1.0|ReturnOnAssets09,18
1285|9.920285512585247|11|0.9018441375077497|1.0|ReturnOnAssets09,18
1290|9.920285512585247|11|0.9018441375077497|1.0|ReturnOnAssets09,18
1295|9.920285512585247|11|0.9018441375077497|1.0|ReturnOnAssets09,18
1300|9.920285512585247|11|0.9018441375077497|1.0|ReturnOnAssets09,18
1305|9.920285512585247|11|0.9018441375077497|1.0|ReturnOnAssets09,18
1310|9.920285512585247|11|0.9018441375077497|1.0|ReturnOnAssets09,18
1315|9.920285512585247|11|0.9018441375077497|1.0|ReturnOnAssets09,18
1320|9.920285512585247|11|0.9018441375077497|1.0|ReturnOnAssets09,18
1325|9.920285512585247|11|0.9018441375077497|1.0|ReturnOnAssets09,18
1330|9.920285512585247|11|0.9018441375077497|1.0|ReturnOnAssets09,18
1335|9.920285512585247|11|0.9018441375077497|1.0|ReturnOnAssets09,18
1340|9.920285512585247|11|0.9018441375077497|1.0|ReturnOnAssets09,18
1345|9.920285512585247|11|0.9018441375077497|1.0|ReturnOnAssets09,18
1350|9.920285512585247|11|0.9018441375077497|1.0|ReturnOnAssets09,18
1355|9.920285512585247|11|0.9018441375077497|1.0|ReturnOnAssets09,18
1360|9.920285512585247|11|0.9018441375077497|1.0|ReturnOnAssets09,18
1365|9.920285512585247|11|0.9018441375077497|1.0|ReturnOnAssets09,18
1370|9.920285512585247|11|0.9018441375077497|1.0|ReturnOnAssets09,18
1375|9.920285512585247|11|0.9018441375077497|1.0|ReturnOnAssets09,18
1380|9.920285512585247|11|0.9018441375077497|1.0|ReturnOnAssets09,18
1385|9.920285512585247|11|0.9018441375077497|1.0|ReturnOnAssets09,18
1390|9.920285512585247|11|0.9018441375077497|1.0|ReturnOnAssets09,18
1395|9.920285512585247|11|0.9018441375077497|1.0|ReturnOnAssets09,18
1400|9.920285512585247|11|0.9018441375077497|1.0|ReturnOnAssets09,18
1405|9.920285512585247|11|0.9018441375077497|1.0|ReturnOnAssets09,18
1410|9.920285512585247|11|0.9018441375077497|1.0|ReturnOnAssets09,18
1415|9.920285512585247|11|0.9018441375077497|1.0|ReturnOnAssets09,18
1420|9.920285512585247|11|0.9018441375077497|1.0|ReturnOnAssets09,18
1425|9.920285512585247|11|0.9018441375077497|1.0|ReturnOnAssets09,18
1430|9.920285512585247|11|0.9018441375077497|1.0|ReturnOnAssets09,18
1435|9.920285512585247|11|0.9018441375077497|1.0|ReturnOnAssets09,18
1440|9.920285512585247|11|0.9018441375077497|1.0|ReturnOnAssets09,18
1445|9.920285512585247|11|0.9018441375077497|1.0|ReturnOnAssets09,18
1450|9.920285512585247|11|0.9018441375077497|1.0|ReturnOnAssets09,18
1455|9.920285512585247|11|0.9018441375077497|1.0|ReturnOnAssets09,18
1460|9.920285512585247|11|0.9018441375077497|1.0|ReturnOnAssets09,18
1465|9.920285512585247|11|0.9018441375077497|1.0|ReturnOnAssets09,18
1470|9.920285512585247|11|0.9018441375077497|1.0|ReturnOnAssets09,18
1475|9.920285512585247|11|0.9018441375077497|1.0|ReturnOnAssets09,18
1480|9.920285512585247|11|0.9018441375077497|1.0|ReturnOnAssets09,18
1485|9.920285512585247|11|0.9018441375077497|1.0|ReturnOnAssets09,18
1490|9.920285512585247|11|0.9018441375077497|1.0|ReturnOnAssets09,18
1495|9.920285512585247|11|0.9018441375077497|1.0|ReturnOnAssets09,18
1500|9.920285512585247|11|0.9018441375077497|1.0|ReturnOnAssets09,18
1505|9.920285512585247|11|0.9018441375077497|1.0|ReturnOnAssets09,18
1510|9.920285512585247|11|0.9018441375077497|1.0|ReturnOnAssets09,18
1515|9.920285512585247|11|0.9018441375077497|1.0|ReturnOnAssets09,18
1520|9.920285512585247|11|0.9018441375077497|1.0|ReturnOnAssets09,18
1525|9.920285512585247|11|0.9018441375077497|1.0|ReturnOnAssets09,18
1530|9.920285512585247|11|0.9018441375077497|1.0|ReturnOnAssets09,18
1535|9.920285512585247|11|0.9018441375077497|1.0|ReturnOnAssets09,18
1540|9.920285512585247|11|0.9018441375077497|1.0|ReturnOnAssets09,18
1545|9.920285512585247|11|0.9018441375077497|1.0|ReturnOnAssets09,18
1550|9.920285512585247|11|0.9018441375077497|1.0|ReturnOnAssets09,18
1555|9.920285512585247|11|0.9018441375077497|1.0|ReturnOnAssets09,18
1560|9.920285512585247|11|0.9018441375077497|1.0|ReturnOnAssets09,18
1565|9.920285512585247|11|0.9018441375077497|1.0|ReturnOnAssets09,18
1570|9.920285512585247|11|0.9018441375077497|1.0|ReturnOnAssets09,18
1575|9.920285512585247|11|0.9018441375077497|1.0|ReturnOnAssets09,18
1580|9.920285512585247|11|0.9018441375077497|1.0|ReturnOnAssets09,18
1585|9.920285512585247|11|0.9018441375077497|1.0|ReturnOnAssets09,18
1590|9.920285512585247|11|0.9018441375077497|1.0|ReturnOnAssets09,18
1595|9.920285512585247|11|0.9018441375077497|1.0|ReturnOnAssets09,18
1600|9.920285512585247|11|0.9018441375077497|1.0|ReturnOnAssets09,18
1605|9.920285512585247|11|0.9018441375077497|1.0|ReturnOnAssets09,18
1610|9.920285512585247|11|0.9018441375077497|1.0|ReturnOnAssets09,18
1615|9.920285512585247|11|0.9018441375077497|1.0|ReturnOnAssets09,18
1620|9.920285512585247|11|0.9018441375077497|1.0|ReturnOnAssets09,18
1625|9.920285512585247|11|0.9018441375077497|1.0|ReturnOnAssets09,18
1630|9.920285512585247|11|0.9018441375077497|1.0|ReturnOnAssets09,18
1635|9.920285512585247|11|0.9018441375077497|1.0|ReturnOnAssets09,18
1640|9.920285512585247|11|0.9018441375077497|1.0|ReturnOnAssets09,18
1645|9.920285512585247|11|0.9018441375077497|1.0|ReturnOnAssets09,18
1650|9.920285512585247|11|0.9018441375077497|1.0|ReturnOnAssets09,18
1655|9.920285512585247|11|0.9018441375077497|1.0|ReturnOnAssets09,18
1660|9.920285512585247|11|0.9018441375077497|1.0|ReturnOnAssets09,18
1665|9.920285512585247|11|0.9018441375077497|1.0|ReturnOnAssets09,18
1670|9.920285512585247|11|0.9018441375077497|1.0|ReturnOnAssets09,18
1675|9.920285512585247|11|0.9018441375077497|1.0|ReturnOnAssets09,18
1680|9.920285512585247|11|0.9018441375077497|1.0|ReturnOnAssets09,18
1685|9.920285512585247|11|0.9018441375077497|1.0|ReturnOnAssets09,18
1690|9.920285512585247|11|0.9018441375077497|1.0|ReturnOnAssets09,18
1695|9.920285512585247|11|0.9018441375077497|1.0|ReturnOnAssets09,18
1700|9.920285512585247|11|0.9018441375077497|1.0|ReturnOnAssets09,18
1705|9.920285512585247|11|0.9018441375077497|1.0|ReturnOnAssets09,18
1710|9.920285512585247|11|0.9018441375077497|1.0|ReturnOnAssets09,18
1715|9.920285512585247|11|0.9018441375077497|1.0|ReturnOnAssets09,18
1720|9.920285512585247|11|0.9018441375077497|1.0|ReturnOnAssets09,18
1725|9.920285512585247|11|0.9018441375077497|1.0|ReturnOnAssets09,18
1730|9.920285512585247|11|0.9018441375077497|1.0|ReturnOnAssets09,18
1735|9.920285512585247|11|0.9018441375077497|1.0|ReturnOnAssets09,18
1740|9.920285512585247|11|0.9018441375077497|1.0|ReturnOnAssets09,18
1745|9.920285512585247|11|0.9018441375077497|1.0|ReturnOnAssets09,18
1750|9.920285512585247|11|0.9018441375077497|1.0|ReturnOnAssets09,18
1755|9.920285512585247|11|0.9018441375077497|1.0|ReturnOnAssets09,18
1760|9.920285512585247|11|0.9018441375077497|1.0|ReturnOnAssets09,18
1765|9.920285512585247|11|0.9018441375077497|1.0|ReturnOnAssets09,18
1770|9.920285512585247|11|0.9018441375077497|1.0|ReturnOnAssets09,18
1775|9.920285512585247|11|0.9018441375077497|1.0|ReturnOnAssets09,18
1780|9.920285512585247|11|0.9018441375077497|1.0|ReturnOnAssets09,18
1785|9.920285512585247|11|0.9018441375077497|1.0|ReturnOnAssets09,18
1790|9.920285512585247|11|0.9018441375077497|1.0|ReturnOnAssets09,18
1795|9.920285512585247|11|0.9018441375077497|1.0|ReturnOnAssets09,18
1800|9.920285512585247|11|0.9018441375077497|1.0|ReturnOnAssets09,18
1805|9.920285512585247|11|0.9018441375077497|1.0|ReturnOnAssets09,18
1810|9.920285512585247|11|0.9018441375077497|1.0|ReturnOnAssets09,18
1815|9.920285512585247|11|0.9018441375077497|1.0|ReturnOnAssets09,18
1820|9.920285512585247|11|0.9018441375077497|1.0|ReturnOnAssets09,18
1825|9.920285512585247|11|0.9018441375077497|1.0|ReturnOnAssets09,18
1830|9.920285512585247|11|0.9018441375077497|1.0|ReturnOnAssets09,18
1835|9.920285512585247|11|0.9018441375077497|1.0|ReturnOnAssets09,18
1840|9.920285512585247|11|0.9018441375077497|1.0|ReturnOnAssets09,18
1845|9.920285512585247|11|0.9018441375077497|1.0|ReturnOnAssets09,18
1850|9.920285512585247|11|0.9018441375077497|1.0|ReturnOnAssets09,18
1855|9.920285512585247|11|0.9018441375077497|1.0|ReturnOnAssets09,18
1860|9.920285512585247|11|0.9018441375077497|1.0|ReturnOnAssets09,18
1865|9.920285512585247|11|0.9018441375077497|1.0|ReturnOnAssets09,18
1870|9.920285512585247|11|0.9018441375077497|1.0|ReturnOnAssets09,18
1875|9.920285512585247|11|0.9018441375077497|1.0|ReturnOnAssets09,18
1880|9.920285512585247|11|0.9018441375077497|1.0|ReturnOnAssets09,18
1885|9.920285512585247|11|0.9018441375077497|1.0|ReturnOnAssets09,18
1890|9.920285512585247|11|0.9018441375077497|1.0|ReturnOnAssets09,18
1895|9.920285512585247|11|0.9018441375077497|1.0|ReturnOnAssets09,18
1900|9.920285512585247|11|0.9018441375077497|1.0|ReturnOnAssets09,18
1905|9.920285512585247|11|0.9018441375077497|1.0|ReturnOnAssets09,18
1910|9.920285512585247|11|0.9018441375077497|1.0|ReturnOnAssets09,18
1915|9.920285512585247|11|0.9018441375077497|1.0|ReturnOnAssets09,18
1920|9.920285512585247|11|0.9018441375077497|1.0|ReturnOnAssets09,18
1925|9.920285512585247|11|0.9018441375077497|1.0|ReturnOnAssets09,18
1930|9.920285512585247|11|0.9018441375077497|1.0|ReturnOnAssets09,18
1935|9.920285512585247|11|0.9018441375077497|1.0|ReturnOnAssets09,18
1940|9.920285512585247|11|0.9018441375077497|1.0|ReturnOnAssets09,18
1945|9.920285512585247|11|0.9018441375077497|1.0|ReturnOnAssets09,18
1950|9.920285512585247|11|0.9018441375077497|1.0|ReturnOnAssets09,18
1955|9.920285512585247|11|0.9018441375077497|1.0|ReturnOnAssets09,18
1960|9.920285512585247|11|0.9018441375077497|1.0|ReturnOnAssets09,18
1965|9.920285512585247|11|0.9018441375077497|1.0|ReturnOnAssets09,18
1970|9.920285512585247|11|0.9018441375077497|1.0|ReturnOnAssets09,18
1975|9.920285512585247|11|0.9018441375077497|1.0|ReturnOnAssets09,18
1980|9.920285512585247|11|0.9018441375077497|1.0|ReturnOnAssets09,18
1985|9.920285512585247|11|0.9018441375077497|1.0|ReturnOnAssets09,18
1990|9.920285512585247|11|0.9018441375077497|1.0|ReturnOnAssets09,18
1995|9.920285512585247|11|0.9018441375077497|1.0|ReturnOnAssets09,18
2000|9.920285512585247|11|0.9018441375077497|1.0|ReturnOnAssets09,18
