#########################################################
# Algorithm Parameters #
# Generations = 2000
# Population size = 100
# Resolution = 5
#########################################################
# Financial Parameters #
# Quarter = 1
# Crossover probabilities = 0.75 -> 0.25
# Mutation start probabilities = 0.9,0.0,0.6,0.5,0.6,0.9
# Mutation end probabilities = 0.4,0.4,0.1,0.1,0.1,0.4
######################################################### 
0|7.555520605683609|7|1.0793600865262298|1.0|OperatingMargin10,4
5|7.555520605683609|7|1.0793600865262298|1.0|OperatingMargin10,4
10|7.990652905916396|15|0.5327101937277597|1.1666666666666667|CurrentRatioChange,38
15|7.990652905916396|11|0.7264229914469451|1.0|OperatingMargin10,4
20|8.475055282762295|11|0.7704595711602086|1.0|SGAExpenses10,13
25|8.475055282762295|11|0.7704595711602086|1.0|SGAExpenses10,13
30|9.038115576122953|19|0.47569029348015546|1.125|CurrentRatioChange,38
35|9.479818394440983|21|0.4514199235448087|1.25|OperatingMargin09,3
40|9.906175313844264|27|0.366895381994232|1.0833333333333333|ReturnOnInvestedCapital09,24
45|9.906175313844264|25|0.39624701255377054|1.0909090909090908|OperatingMargin09,3
50|9.906175313844264|25|0.39624701255377054|1.0909090909090908|OperatingMargin09,3
55|9.974260928113116|35|0.28497888366037477|1.0625|ReturnOnAssetsChange,20
60|9.974260928113116|27|0.3694170714115969|1.0833333333333333|OperatingMargin09,3
65|9.974260928113116|27|0.3694170714115969|1.0833333333333333|OperatingMargin09,3
70|10.060263653739346|37|0.271899017668631|1.2|SGAExpenses10,13
75|10.060263653739346|33|0.30485647435573776|1.1428571428571428|ReturnOnAssetsChange,20
80|10.060263653739346|33|0.30485647435573776|1.1428571428571428|ReturnOnAssetsChange,20
85|10.255562206178688|41|0.25013566356533384|1.1111111111111112|EarningsPerShareChange,8
90|10.255562206178688|37|0.27717735692374834|1.125|EarningsPerShareChange,8
95|10.255562206178688|35|0.2930160630336768|1.0625|ReturnOnAssetsChange,20
100|10.255562206178688|35|0.2930160630336768|1.0625|ReturnOnAssetsChange,20
105|10.255562206178688|35|0.2930160630336768|1.0625|ReturnOnAssetsChange,20
110|10.255562206178688|35|0.2930160630336768|1.0625|ReturnOnAssetsChange,20
115|10.255562206178688|35|0.2930160630336768|1.0625|ReturnOnAssetsChange,20
120|10.255562206178688|35|0.2930160630336768|1.0625|ReturnOnAssetsChange,20
125|10.255562206178688|33|0.3107746123084451|1.2307692307692308|EarningsPerShare09,6
130|10.255562206178688|33|0.3107746123084451|1.2307692307692308|EarningsPerShare09,6
135|10.255562206178688|33|0.3107746123084451|1.2307692307692308|EarningsPerShare09,6
140|10.255562206178688|33|0.3107746123084451|1.2307692307692308|EarningsPerShare09,6
145|10.255562206178688|33|0.3107746123084451|1.2307692307692308|EarningsPerShare09,6
150|10.31508744439836|35|0.29471678412566743|1.2142857142857142|EarningsPerShare09,6
155|10.31508744439836|35|0.29471678412566743|1.2142857142857142|EarningsPerShare09,6
160|10.31508744439836|35|0.29471678412566743|1.2142857142857142|EarningsPerShare09,6
165|10.31508744439836|33|0.3125784074060109|1.1428571428571428|EarningsPerShareChange,8
170|10.31508744439836|33|0.3125784074060109|1.1428571428571428|EarningsPerShareChange,8
175|10.31508744439836|33|0.3125784074060109|1.1428571428571428|EarningsPerShareChange,8
180|10.31508744439836|33|0.3125784074060109|1.1428571428571428|EarningsPerShareChange,8
185|10.31508744439836|31|0.3327447562709148|1.1538461538461537|EarningsPerShareChange,8
190|10.31508744439836|31|0.3327447562709148|1.1538461538461537|EarningsPerShareChange,8
195|10.426908564860659|35|0.2979116732817331|1.2142857142857142|EarningsPerShare09,6
200|10.426908564860659|35|0.2979116732817331|1.2142857142857142|EarningsPerShare09,6
205|10.426908564860659|33|0.31596692620789874|1.1428571428571428|EarningsPerShareChange,8
210|10.426908564860659|31|0.3363518891890535|1.0714285714285714|ReturnOnAssetsChange,20
215|10.426908564860659|31|0.3363518891890535|1.0714285714285714|ReturnOnAssetsChange,20
220|10.426908564860659|31|0.3363518891890535|1.0714285714285714|ReturnOnAssetsChange,20
225|10.426908564860659|31|0.3363518891890535|1.0714285714285714|ReturnOnAssetsChange,20
230|10.426908564860659|31|0.3363518891890535|1.0714285714285714|ReturnOnAssetsChange,20
235|10.426908564860659|29|0.35954857120209166|1.0769230769230769|ReturnOnAssetsChange,20
240|10.426908564860659|29|0.35954857120209166|1.0769230769230769|ReturnOnAssetsChange,20
245|10.426908564860659|29|0.35954857120209166|1.0769230769230769|ReturnOnAssetsChange,20
250|10.426908564860659|27|0.3861817986985429|1.0833333333333333|ReturnOnAssetsChange,20
255|10.426908564860659|27|0.3861817986985429|1.0833333333333333|ReturnOnAssetsChange,20
260|10.426908564860659|27|0.3861817986985429|1.0833333333333333|ReturnOnAssetsChange,20
265|10.426908564860659|25|0.41707634259442633|1.0909090909090908|ReturnOnAssetsChange,20
270|10.426908564860659|25|0.41707634259442633|1.0909090909090908|ReturnOnAssetsChange,20
275|10.426908564860659|25|0.41707634259442633|1.0909090909090908|ReturnOnAssetsChange,20
280|10.426908564860659|25|0.41707634259442633|1.0909090909090908|ReturnOnAssetsChange,20
285|10.426908564860659|25|0.41707634259442633|1.0909090909090908|ReturnOnAssetsChange,20
290|10.426908564860659|25|0.41707634259442633|1.0909090909090908|ReturnOnAssetsChange,20
295|10.426908564860659|25|0.41707634259442633|1.0909090909090908|ReturnOnAssetsChange,20
300|10.426908564860659|25|0.41707634259442633|1.0909090909090908|ReturnOnAssetsChange,20
305|10.426908564860659|25|0.41707634259442633|1.0909090909090908|ReturnOnAssetsChange,20
310|10.426908564860659|25|0.41707634259442633|1.0909090909090908|ReturnOnAssetsChange,20
315|10.426908564860659|25|0.41707634259442633|1.0909090909090908|ReturnOnAssetsChange,20
320|10.426908564860659|23|0.4533438506461156|1.1|ReturnOnAssetsChange,20
325|10.426908564860659|23|0.4533438506461156|1.1|ReturnOnAssetsChange,20
330|10.426908564860659|23|0.4533438506461156|1.1|ReturnOnAssetsChange,20
335|10.426908564860659|23|0.4533438506461156|1.1|ReturnOnAssetsChange,20
340|10.426908564860659|23|0.4533438506461156|1.1|ReturnOnAssetsChange,20
345|10.426908564860659|23|0.4533438506461156|1.1|ReturnOnAssetsChange,20
350|10.426908564860659|23|0.4533438506461156|1.1|ReturnOnAssetsChange,20
355|10.426908564860659|23|0.4533438506461156|1.1|ReturnOnAssetsChange,20
360|10.426908564860659|23|0.4533438506461156|1.1|ReturnOnAssetsChange,20
365|10.426908564860659|21|0.49651945546955517|1.1111111111111112|ReturnOnAssetsChange,20
370|10.426908564860659|21|0.49651945546955517|1.1111111111111112|ReturnOnAssetsChange,20
375|10.426908564860659|21|0.49651945546955517|1.1111111111111112|ReturnOnAssetsChange,20
380|10.426908564860659|21|0.49651945546955517|1.1111111111111112|ReturnOnAssetsChange,20
385|10.426908564860659|21|0.49651945546955517|1.1111111111111112|ReturnOnAssetsChange,20
390|10.426908564860659|21|0.49651945546955517|1.1111111111111112|ReturnOnAssetsChange,20
395|10.426908564860659|21|0.49651945546955517|1.1111111111111112|ReturnOnAssetsChange,20
400|10.426908564860659|21|0.49651945546955517|1.1111111111111112|ReturnOnAssetsChange,20
405|10.426908564860659|21|0.49651945546955517|1.1111111111111112|ReturnOnAssetsChange,20
410|10.426908564860659|21|0.49651945546955517|1.1111111111111112|ReturnOnAssetsChange,20
415|10.426908564860659|21|0.49651945546955517|1.1111111111111112|ReturnOnAssetsChange,20
420|10.426908564860659|21|0.49651945546955517|1.1111111111111112|ReturnOnAssetsChange,20
425|10.426908564860659|21|0.49651945546955517|1.1111111111111112|ReturnOnAssetsChange,20
430|10.426908564860659|21|0.49651945546955517|1.1111111111111112|ReturnOnAssetsChange,20
435|10.426908564860659|21|0.49651945546955517|1.1111111111111112|ReturnOnAssetsChange,20
440|10.426908564860659|21|0.49651945546955517|1.1111111111111112|ReturnOnAssetsChange,20
445|10.426908564860659|21|0.49651945546955517|1.1111111111111112|ReturnOnAssetsChange,20
450|10.426908564860659|21|0.49651945546955517|1.1111111111111112|ReturnOnAssetsChange,20
455|10.426908564860659|21|0.49651945546955517|1.1111111111111112|ReturnOnAssetsChange,20
460|10.426908564860659|21|0.49651945546955517|1.1111111111111112|ReturnOnAssetsChange,20
465|10.426908564860659|21|0.49651945546955517|1.1111111111111112|ReturnOnAssetsChange,20
470|10.426908564860659|21|0.49651945546955517|1.1111111111111112|ReturnOnAssetsChange,20
475|10.426908564860659|21|0.49651945546955517|1.1111111111111112|ReturnOnAssetsChange,20
480|10.426908564860659|21|0.49651945546955517|1.1111111111111112|ReturnOnAssetsChange,20
485|10.426908564860659|21|0.49651945546955517|1.1111111111111112|ReturnOnAssetsChange,20
490|10.426908564860659|21|0.49651945546955517|1.1111111111111112|ReturnOnAssetsChange,20
495|10.426908564860659|21|0.49651945546955517|1.1111111111111112|ReturnOnAssetsChange,20
500|10.426908564860659|21|0.49651945546955517|1.1111111111111112|ReturnOnAssetsChange,20
505|10.426908564860659|21|0.49651945546955517|1.1111111111111112|ReturnOnAssetsChange,20
510|10.454341772988526|21|0.49782579871373933|1.1111111111111112|ReturnOnAssetsChange,20
515|10.454341772988526|21|0.49782579871373933|1.1111111111111112|ReturnOnAssetsChange,20
520|10.454341772988526|21|0.49782579871373933|1.1111111111111112|ReturnOnAssetsChange,20
525|10.454341772988526|21|0.49782579871373933|1.1111111111111112|ReturnOnAssetsChange,20
530|10.471194852237705|27|0.38782203156435946|1.1818181818181819|ReturnOnAssetsChange,20
535|10.604602475306558|23|0.4610696728394156|1.2222222222222223|ReturnOnAssetsChange,20
540|10.604602475306558|21|0.5049810702526932|1.1111111111111112|ReturnOnAssetsChange,20
545|10.604602475306558|21|0.5049810702526932|1.1111111111111112|ReturnOnAssetsChange,20
550|10.604602475306558|21|0.5049810702526932|1.1111111111111112|ReturnOnAssetsChange,20
555|10.604602475306558|21|0.5049810702526932|1.1111111111111112|ReturnOnAssetsChange,20
560|10.604602475306558|21|0.5049810702526932|1.1111111111111112|ReturnOnAssetsChange,20
565|10.604602475306558|21|0.5049810702526932|1.1111111111111112|ReturnOnAssetsChange,20
570|10.604602475306558|21|0.5049810702526932|1.1111111111111112|ReturnOnAssetsChange,20
575|10.604602475306558|21|0.5049810702526932|1.1111111111111112|ReturnOnAssetsChange,20
580|10.604602475306558|21|0.5049810702526932|1.1111111111111112|ReturnOnAssetsChange,20
585|10.604602475306558|21|0.5049810702526932|1.1111111111111112|ReturnOnAssetsChange,20
590|10.604602475306558|21|0.5049810702526932|1.1111111111111112|ReturnOnAssetsChange,20
595|10.604602475306558|21|0.5049810702526932|1.1111111111111112|ReturnOnAssetsChange,20
600|10.604602475306558|21|0.5049810702526932|1.1111111111111112|ReturnOnAssetsChange,20
605|10.604602475306558|21|0.5049810702526932|1.1111111111111112|ReturnOnAssetsChange,20
610|10.604602475306558|21|0.5049810702526932|1.1111111111111112|ReturnOnAssetsChange,20
615|10.604602475306558|21|0.5049810702526932|1.1111111111111112|ReturnOnAssetsChange,20
620|10.604602475306558|21|0.5049810702526932|1.1111111111111112|ReturnOnAssetsChange,20
625|10.604602475306558|21|0.5049810702526932|1.1111111111111112|ReturnOnAssetsChange,20
630|10.604602475306558|21|0.5049810702526932|1.1111111111111112|ReturnOnAssetsChange,20
635|10.604602475306558|21|0.5049810702526932|1.1111111111111112|ReturnOnAssetsChange,20
640|10.604602475306558|21|0.5049810702526932|1.1111111111111112|ReturnOnAssetsChange,20
645|10.604602475306558|21|0.5049810702526932|1.1111111111111112|ReturnOnAssetsChange,20
650|10.604602475306558|21|0.5049810702526932|1.1111111111111112|ReturnOnAssetsChange,20
655|10.604602475306558|21|0.5049810702526932|1.1111111111111112|ReturnOnAssetsChange,20
660|10.604602475306558|21|0.5049810702526932|1.1111111111111112|ReturnOnAssetsChange,20
665|10.604602475306558|21|0.5049810702526932|1.1111111111111112|ReturnOnAssetsChange,20
670|10.604602475306558|21|0.5049810702526932|1.1111111111111112|ReturnOnAssetsChange,20
675|10.604602475306558|21|0.5049810702526932|1.1111111111111112|ReturnOnAssetsChange,20
680|10.604602475306558|21|0.5049810702526932|1.1111111111111112|ReturnOnAssetsChange,20
685|10.604602475306558|21|0.5049810702526932|1.1111111111111112|ReturnOnAssetsChange,20
690|10.604602475306558|21|0.5049810702526932|1.1111111111111112|ReturnOnAssetsChange,20
695|10.604602475306558|21|0.5049810702526932|1.1111111111111112|ReturnOnAssetsChange,20
700|10.604602475306558|21|0.5049810702526932|1.1111111111111112|ReturnOnAssetsChange,20
705|10.604602475306558|21|0.5049810702526932|1.1111111111111112|ReturnOnAssetsChange,20
710|10.604602475306558|21|0.5049810702526932|1.1111111111111112|ReturnOnAssetsChange,20
715|10.604602475306558|21|0.5049810702526932|1.1111111111111112|ReturnOnAssetsChange,20
720|10.604602475306558|21|0.5049810702526932|1.1111111111111112|ReturnOnAssetsChange,20
725|10.604602475306558|21|0.5049810702526932|1.1111111111111112|ReturnOnAssetsChange,20
730|10.604602475306558|21|0.5049810702526932|1.1111111111111112|ReturnOnAssetsChange,20
735|10.604602475306558|21|0.5049810702526932|1.1111111111111112|ReturnOnAssetsChange,20
740|10.604602475306558|21|0.5049810702526932|1.1111111111111112|ReturnOnAssetsChange,20
745|10.604602475306558|21|0.5049810702526932|1.1111111111111112|ReturnOnAssetsChange,20
750|10.604602475306558|21|0.5049810702526932|1.1111111111111112|ReturnOnAssetsChange,20
755|10.604602475306558|21|0.5049810702526932|1.1111111111111112|ReturnOnAssetsChange,20
760|10.604602475306558|21|0.5049810702526932|1.1111111111111112|ReturnOnAssetsChange,20
765|10.604602475306558|21|0.5049810702526932|1.1111111111111112|ReturnOnAssetsChange,20
770|10.604602475306558|21|0.5049810702526932|1.1111111111111112|ReturnOnAssetsChange,20
775|10.604602475306558|21|0.5049810702526932|1.1111111111111112|ReturnOnAssetsChange,20
780|10.604602475306558|21|0.5049810702526932|1.1111111111111112|ReturnOnAssetsChange,20
785|10.604602475306558|21|0.5049810702526932|1.1111111111111112|ReturnOnAssetsChange,20
790|10.604602475306558|21|0.5049810702526932|1.1111111111111112|ReturnOnAssetsChange,20
795|10.604602475306558|21|0.5049810702526932|1.1111111111111112|ReturnOnAssetsChange,20
800|10.604602475306558|21|0.5049810702526932|1.1111111111111112|ReturnOnAssetsChange,20
805|10.604602475306558|21|0.5049810702526932|1.1111111111111112|ReturnOnAssetsChange,20
810|10.604602475306558|21|0.5049810702526932|1.1111111111111112|ReturnOnAssetsChange,20
815|10.604602475306558|21|0.5049810702526932|1.1111111111111112|ReturnOnAssetsChange,20
820|10.604602475306558|21|0.5049810702526932|1.1111111111111112|ReturnOnAssetsChange,20
825|10.604602475306558|21|0.5049810702526932|1.1111111111111112|ReturnOnAssetsChange,20
830|10.604602475306558|21|0.5049810702526932|1.1111111111111112|ReturnOnAssetsChange,20
835|10.604602475306558|21|0.5049810702526932|1.1111111111111112|ReturnOnAssetsChange,20
840|10.604602475306558|21|0.5049810702526932|1.1111111111111112|ReturnOnAssetsChange,20
845|10.604602475306558|21|0.5049810702526932|1.1111111111111112|ReturnOnAssetsChange,20
850|10.604602475306558|21|0.5049810702526932|1.1111111111111112|ReturnOnAssetsChange,20
855|10.604602475306558|21|0.5049810702526932|1.1111111111111112|ReturnOnAssetsChange,20
860|10.604602475306558|21|0.5049810702526932|1.1111111111111112|ReturnOnAssetsChange,20
865|10.604602475306558|21|0.5049810702526932|1.1111111111111112|ReturnOnAssetsChange,20
870|10.604602475306558|21|0.5049810702526932|1.1111111111111112|ReturnOnAssetsChange,20
875|10.604602475306558|21|0.5049810702526932|1.1111111111111112|ReturnOnAssetsChange,20
880|10.6222071173|23|0.46183509205652173|1.1|ReturnOnAssetsChange,20
885|10.6222071173|23|0.46183509205652173|1.1|ReturnOnAssetsChange,20
890|10.6222071173|23|0.46183509205652173|1.1|ReturnOnAssetsChange,20
895|10.6222071173|23|0.46183509205652173|1.1|ReturnOnAssetsChange,20
900|10.6222071173|23|0.46183509205652173|1.1|ReturnOnAssetsChange,20
905|10.6222071173|23|0.46183509205652173|1.1|ReturnOnAssetsChange,20
910|10.6222071173|23|0.46183509205652173|1.1|ReturnOnAssetsChange,20
915|10.6222071173|23|0.46183509205652173|1.1|ReturnOnAssetsChange,20
920|10.6222071173|23|0.46183509205652173|1.1|ReturnOnAssetsChange,20
925|10.6222071173|23|0.46183509205652173|1.1|ReturnOnAssetsChange,20
930|10.6222071173|23|0.46183509205652173|1.1|ReturnOnAssetsChange,20
935|10.6222071173|23|0.46183509205652173|1.1|ReturnOnAssetsChange,20
940|10.6222071173|23|0.46183509205652173|1.1|ReturnOnAssetsChange,20
945|10.6222071173|23|0.46183509205652173|1.1|ReturnOnAssetsChange,20
950|10.6222071173|23|0.46183509205652173|1.1|ReturnOnAssetsChange,20
955|10.6222071173|23|0.46183509205652173|1.1|ReturnOnAssetsChange,20
960|10.6222071173|23|0.46183509205652173|1.1|ReturnOnAssetsChange,20
965|10.6222071173|23|0.46183509205652173|1.1|ReturnOnAssetsChange,20
970|10.6222071173|23|0.46183509205652173|1.1|ReturnOnAssetsChange,20
975|10.6222071173|23|0.46183509205652173|1.1|ReturnOnAssetsChange,20
980|10.6222071173|23|0.46183509205652173|1.1|ReturnOnAssetsChange,20
985|10.6222071173|23|0.46183509205652173|1.1|ReturnOnAssetsChange,20
990|10.6222071173|23|0.46183509205652173|1.1|ReturnOnAssetsChange,20
995|10.6222071173|23|0.46183509205652173|1.1|ReturnOnAssetsChange,20
1000|10.6222071173|23|0.46183509205652173|1.1|ReturnOnAssetsChange,20
1005|10.6222071173|23|0.46183509205652173|1.1|ReturnOnAssetsChange,20
1010|10.6222071173|23|0.46183509205652173|1.1|ReturnOnAssetsChange,20
1015|10.6222071173|23|0.46183509205652173|1.1|ReturnOnAssetsChange,20
1020|10.6222071173|23|0.46183509205652173|1.1|ReturnOnAssetsChange,20
1025|10.6222071173|23|0.46183509205652173|1.1|ReturnOnAssetsChange,20
1030|10.6222071173|23|0.46183509205652173|1.1|ReturnOnAssetsChange,20
1035|10.6222071173|23|0.46183509205652173|1.1|ReturnOnAssetsChange,20
1040|10.6222071173|23|0.46183509205652173|1.1|ReturnOnAssetsChange,20
1045|10.6222071173|23|0.46183509205652173|1.1|ReturnOnAssetsChange,20
1050|10.6222071173|23|0.46183509205652173|1.1|ReturnOnAssetsChange,20
1055|10.6222071173|23|0.46183509205652173|1.1|ReturnOnAssetsChange,20
1060|10.6222071173|23|0.46183509205652173|1.1|ReturnOnAssetsChange,20
1065|10.6222071173|23|0.46183509205652173|1.1|ReturnOnAssetsChange,20
1070|10.6222071173|23|0.46183509205652173|1.1|ReturnOnAssetsChange,20
1075|10.6222071173|23|0.46183509205652173|1.1|ReturnOnAssetsChange,20
1080|10.6222071173|23|0.46183509205652173|1.1|ReturnOnAssetsChange,20
1085|10.6222071173|23|0.46183509205652173|1.1|ReturnOnAssetsChange,20
1090|10.6222071173|23|0.46183509205652173|1.1|ReturnOnAssetsChange,20
1095|10.6222071173|23|0.46183509205652173|1.1|ReturnOnAssetsChange,20
1100|10.6222071173|23|0.46183509205652173|1.1|ReturnOnAssetsChange,20
1105|10.6222071173|23|0.46183509205652173|1.1|ReturnOnAssetsChange,20
1110|10.6222071173|23|0.46183509205652173|1.1|ReturnOnAssetsChange,20
1115|10.6222071173|23|0.46183509205652173|1.1|ReturnOnAssetsChange,20
1120|10.6222071173|23|0.46183509205652173|1.1|ReturnOnAssetsChange,20
1125|10.6222071173|23|0.46183509205652173|1.1|ReturnOnAssetsChange,20
1130|10.6222071173|23|0.46183509205652173|1.1|ReturnOnAssetsChange,20
1135|10.6222071173|23|0.46183509205652173|1.1|ReturnOnAssetsChange,20
1140|10.6222071173|23|0.46183509205652173|1.1|ReturnOnAssetsChange,20
1145|10.6222071173|23|0.46183509205652173|1.1|ReturnOnAssetsChange,20
1150|10.6222071173|23|0.46183509205652173|1.1|ReturnOnAssetsChange,20
1155|10.6222071173|23|0.46183509205652173|1.1|ReturnOnAssetsChange,20
1160|10.6222071173|23|0.46183509205652173|1.1|ReturnOnAssetsChange,20
1165|10.6222071173|23|0.46183509205652173|1.1|ReturnOnAssetsChange,20
1170|10.6222071173|23|0.46183509205652173|1.1|ReturnOnAssetsChange,20
1175|10.6222071173|23|0.46183509205652173|1.1|ReturnOnAssetsChange,20
1180|10.6222071173|23|0.46183509205652173|1.1|ReturnOnAssetsChange,20
1185|10.6222071173|23|0.46183509205652173|1.1|ReturnOnAssetsChange,20
1190|10.6222071173|23|0.46183509205652173|1.1|ReturnOnAssetsChange,20
1195|10.6222071173|23|0.46183509205652173|1.1|ReturnOnAssetsChange,20
1200|10.6222071173|23|0.46183509205652173|1.1|ReturnOnAssetsChange,20
1205|10.6222071173|23|0.46183509205652173|1.1|ReturnOnAssetsChange,20
1210|10.6222071173|23|0.46183509205652173|1.1|ReturnOnAssetsChange,20
1215|10.6222071173|23|0.46183509205652173|1.1|ReturnOnAssetsChange,20
1220|10.6222071173|23|0.46183509205652173|1.1|ReturnOnAssetsChange,20
1225|10.6222071173|23|0.46183509205652173|1.1|ReturnOnAssetsChange,20
1230|10.6222071173|23|0.46183509205652173|1.1|ReturnOnAssetsChange,20
1235|10.6222071173|23|0.46183509205652173|1.1|ReturnOnAssetsChange,20
1240|10.6222071173|23|0.46183509205652173|1.1|ReturnOnAssetsChange,20
1245|10.6222071173|23|0.46183509205652173|1.1|ReturnOnAssetsChange,20
1250|10.6222071173|23|0.46183509205652173|1.1|ReturnOnAssetsChange,20
1255|10.6222071173|23|0.46183509205652173|1.1|ReturnOnAssetsChange,20
1260|10.6222071173|23|0.46183509205652173|1.1|ReturnOnAssetsChange,20
1265|10.6222071173|23|0.46183509205652173|1.1|ReturnOnAssetsChange,20
1270|10.6222071173|23|0.46183509205652173|1.1|ReturnOnAssetsChange,20
1275|10.6222071173|23|0.46183509205652173|1.1|ReturnOnAssetsChange,20
1280|10.6222071173|23|0.46183509205652173|1.1|ReturnOnAssetsChange,20
1285|10.6222071173|23|0.46183509205652173|1.1|ReturnOnAssetsChange,20
1290|10.6222071173|23|0.46183509205652173|1.1|ReturnOnAssetsChange,20
1295|10.6222071173|23|0.46183509205652173|1.1|ReturnOnAssetsChange,20
1300|10.6222071173|23|0.46183509205652173|1.1|ReturnOnAssetsChange,20
1305|10.6222071173|23|0.46183509205652173|1.1|ReturnOnAssetsChange,20
1310|10.6222071173|23|0.46183509205652173|1.1|ReturnOnAssetsChange,20
1315|10.6222071173|23|0.46183509205652173|1.1|ReturnOnAssetsChange,20
1320|10.6222071173|23|0.46183509205652173|1.1|ReturnOnAssetsChange,20
1325|10.6222071173|23|0.46183509205652173|1.1|ReturnOnAssetsChange,20
1330|10.6222071173|23|0.46183509205652173|1.1|ReturnOnAssetsChange,20
1335|10.6222071173|23|0.46183509205652173|1.1|ReturnOnAssetsChange,20
1340|10.6222071173|23|0.46183509205652173|1.1|ReturnOnAssetsChange,20
1345|10.6222071173|23|0.46183509205652173|1.1|ReturnOnAssetsChange,20
1350|10.6222071173|23|0.46183509205652173|1.1|ReturnOnAssetsChange,20
1355|10.6222071173|23|0.46183509205652173|1.1|ReturnOnAssetsChange,20
1360|10.6222071173|23|0.46183509205652173|1.1|ReturnOnAssetsChange,20
1365|10.6222071173|23|0.46183509205652173|1.1|ReturnOnAssetsChange,20
1370|10.6222071173|23|0.46183509205652173|1.1|ReturnOnAssetsChange,20
1375|10.6222071173|23|0.46183509205652173|1.1|ReturnOnAssetsChange,20
1380|10.6222071173|23|0.46183509205652173|1.1|ReturnOnAssetsChange,20
1385|10.6222071173|23|0.46183509205652173|1.1|ReturnOnAssetsChange,20
1390|10.6222071173|23|0.46183509205652173|1.1|ReturnOnAssetsChange,20
1395|10.6222071173|23|0.46183509205652173|1.1|ReturnOnAssetsChange,20
1400|10.6222071173|23|0.46183509205652173|1.1|ReturnOnAssetsChange,20
1405|10.6222071173|23|0.46183509205652173|1.1|ReturnOnAssetsChange,20
1410|10.6222071173|23|0.46183509205652173|1.1|ReturnOnAssetsChange,20
1415|10.6222071173|23|0.46183509205652173|1.1|ReturnOnAssetsChange,20
1420|10.6222071173|23|0.46183509205652173|1.1|ReturnOnAssetsChange,20
1425|10.6222071173|23|0.46183509205652173|1.1|ReturnOnAssetsChange,20
1430|10.6222071173|23|0.46183509205652173|1.1|ReturnOnAssetsChange,20
1435|10.6222071173|23|0.46183509205652173|1.1|ReturnOnAssetsChange,20
1440|10.6222071173|23|0.46183509205652173|1.1|ReturnOnAssetsChange,20
1445|10.6222071173|23|0.46183509205652173|1.1|ReturnOnAssetsChange,20
1450|10.6222071173|23|0.46183509205652173|1.1|ReturnOnAssetsChange,20
1455|10.6222071173|23|0.46183509205652173|1.1|ReturnOnAssetsChange,20
1460|10.6222071173|23|0.46183509205652173|1.1|ReturnOnAssetsChange,20
1465|10.6222071173|23|0.46183509205652173|1.1|ReturnOnAssetsChange,20
1470|10.6222071173|23|0.46183509205652173|1.1|ReturnOnAssetsChange,20
1475|10.6222071173|23|0.46183509205652173|1.1|ReturnOnAssetsChange,20
1480|10.6222071173|23|0.46183509205652173|1.1|ReturnOnAssetsChange,20
1485|10.6222071173|23|0.46183509205652173|1.1|ReturnOnAssetsChange,20
1490|10.6222071173|23|0.46183509205652173|1.1|ReturnOnAssetsChange,20
1495|10.6222071173|23|0.46183509205652173|1.1|ReturnOnAssetsChange,20
1500|10.6222071173|23|0.46183509205652173|1.1|ReturnOnAssetsChange,20
1505|10.6222071173|23|0.46183509205652173|1.1|ReturnOnAssetsChange,20
1510|10.6222071173|23|0.46183509205652173|1.1|ReturnOnAssetsChange,20
1515|10.6222071173|23|0.46183509205652173|1.1|ReturnOnAssetsChange,20
1520|10.6222071173|23|0.46183509205652173|1.1|ReturnOnAssetsChange,20
1525|10.6222071173|23|0.46183509205652173|1.1|ReturnOnAssetsChange,20
1530|10.6222071173|23|0.46183509205652173|1.1|ReturnOnAssetsChange,20
1535|10.6222071173|23|0.46183509205652173|1.1|ReturnOnAssetsChange,20
1540|10.6222071173|23|0.46183509205652173|1.1|ReturnOnAssetsChange,20
1545|10.6222071173|23|0.46183509205652173|1.1|ReturnOnAssetsChange,20
1550|10.6222071173|23|0.46183509205652173|1.1|ReturnOnAssetsChange,20
1555|10.6222071173|23|0.46183509205652173|1.1|ReturnOnAssetsChange,20
1560|10.6222071173|23|0.46183509205652173|1.1|ReturnOnAssetsChange,20
1565|10.6222071173|23|0.46183509205652173|1.1|ReturnOnAssetsChange,20
1570|10.6222071173|23|0.46183509205652173|1.1|ReturnOnAssetsChange,20
1575|10.6222071173|23|0.46183509205652173|1.1|ReturnOnAssetsChange,20
1580|10.6222071173|23|0.46183509205652173|1.1|ReturnOnAssetsChange,20
1585|10.6222071173|23|0.46183509205652173|1.1|ReturnOnAssetsChange,20
1590|10.6222071173|23|0.46183509205652173|1.1|ReturnOnAssetsChange,20
1595|10.6222071173|23|0.46183509205652173|1.1|ReturnOnAssetsChange,20
1600|10.6222071173|23|0.46183509205652173|1.1|ReturnOnAssetsChange,20
1605|10.6222071173|23|0.46183509205652173|1.1|ReturnOnAssetsChange,20
1610|10.6222071173|23|0.46183509205652173|1.1|ReturnOnAssetsChange,20
1615|10.6222071173|23|0.46183509205652173|1.1|ReturnOnAssetsChange,20
1620|10.6222071173|23|0.46183509205652173|1.1|ReturnOnAssetsChange,20
1625|10.6222071173|23|0.46183509205652173|1.1|ReturnOnAssetsChange,20
1630|10.6222071173|23|0.46183509205652173|1.1|ReturnOnAssetsChange,20
1635|10.6222071173|23|0.46183509205652173|1.1|ReturnOnAssetsChange,20
1640|10.6222071173|23|0.46183509205652173|1.1|ReturnOnAssetsChange,20
1645|10.6222071173|23|0.46183509205652173|1.1|ReturnOnAssetsChange,20
1650|10.6222071173|23|0.46183509205652173|1.1|ReturnOnAssetsChange,20
1655|10.6222071173|23|0.46183509205652173|1.1|ReturnOnAssetsChange,20
1660|10.6222071173|23|0.46183509205652173|1.1|ReturnOnAssetsChange,20
1665|10.6222071173|23|0.46183509205652173|1.1|ReturnOnAssetsChange,20
1670|10.6222071173|23|0.46183509205652173|1.1|ReturnOnAssetsChange,20
1675|10.6222071173|23|0.46183509205652173|1.1|ReturnOnAssetsChange,20
1680|10.6222071173|23|0.46183509205652173|1.1|ReturnOnAssetsChange,20
1685|10.6222071173|23|0.46183509205652173|1.1|ReturnOnAssetsChange,20
1690|10.6222071173|23|0.46183509205652173|1.1|ReturnOnAssetsChange,20
1695|10.6222071173|23|0.46183509205652173|1.1|ReturnOnAssetsChange,20
1700|10.6222071173|23|0.46183509205652173|1.1|ReturnOnAssetsChange,20
1705|10.6222071173|23|0.46183509205652173|1.1|ReturnOnAssetsChange,20
1710|10.6222071173|23|0.46183509205652173|1.1|ReturnOnAssetsChange,20
1715|10.6222071173|23|0.46183509205652173|1.1|ReturnOnAssetsChange,20
1720|10.6222071173|23|0.46183509205652173|1.1|ReturnOnAssetsChange,20
1725|10.6222071173|23|0.46183509205652173|1.1|ReturnOnAssetsChange,20
1730|10.6222071173|23|0.46183509205652173|1.1|ReturnOnAssetsChange,20
1735|10.6222071173|23|0.46183509205652173|1.1|ReturnOnAssetsChange,20
1740|10.6222071173|23|0.46183509205652173|1.1|ReturnOnAssetsChange,20
1745|10.6222071173|23|0.46183509205652173|1.1|ReturnOnAssetsChange,20
1750|10.6222071173|23|0.46183509205652173|1.1|ReturnOnAssetsChange,20
1755|10.6222071173|23|0.46183509205652173|1.1|ReturnOnAssetsChange,20
1760|10.6222071173|23|0.46183509205652173|1.1|ReturnOnAssetsChange,20
1765|10.6222071173|23|0.46183509205652173|1.1|ReturnOnAssetsChange,20
1770|10.6222071173|23|0.46183509205652173|1.1|ReturnOnAssetsChange,20
1775|10.6222071173|23|0.46183509205652173|1.1|ReturnOnAssetsChange,20
1780|10.6222071173|23|0.46183509205652173|1.1|ReturnOnAssetsChange,20
1785|10.6222071173|23|0.46183509205652173|1.1|ReturnOnAssetsChange,20
1790|10.6222071173|23|0.46183509205652173|1.1|ReturnOnAssetsChange,20
1795|10.6222071173|23|0.46183509205652173|1.1|ReturnOnAssetsChange,20
1800|10.6222071173|23|0.46183509205652173|1.1|ReturnOnAssetsChange,20
1805|10.6222071173|23|0.46183509205652173|1.1|ReturnOnAssetsChange,20
1810|10.6222071173|23|0.46183509205652173|1.1|ReturnOnAssetsChange,20
1815|10.6222071173|23|0.46183509205652173|1.1|ReturnOnAssetsChange,20
1820|10.6222071173|23|0.46183509205652173|1.1|ReturnOnAssetsChange,20
1825|10.6222071173|23|0.46183509205652173|1.1|ReturnOnAssetsChange,20
1830|10.6222071173|23|0.46183509205652173|1.1|ReturnOnAssetsChange,20
1835|10.6222071173|23|0.46183509205652173|1.1|ReturnOnAssetsChange,20
1840|10.6222071173|23|0.46183509205652173|1.1|ReturnOnAssetsChange,20
1845|10.6222071173|23|0.46183509205652173|1.1|ReturnOnAssetsChange,20
1850|10.6222071173|23|0.46183509205652173|1.1|ReturnOnAssetsChange,20
1855|10.6222071173|23|0.46183509205652173|1.1|ReturnOnAssetsChange,20
1860|10.6222071173|23|0.46183509205652173|1.1|ReturnOnAssetsChange,20
1865|10.6222071173|23|0.46183509205652173|1.1|ReturnOnAssetsChange,20
1870|10.6222071173|23|0.46183509205652173|1.1|ReturnOnAssetsChange,20
1875|10.6222071173|23|0.46183509205652173|1.1|ReturnOnAssetsChange,20
1880|10.6222071173|23|0.46183509205652173|1.1|ReturnOnAssetsChange,20
1885|10.6222071173|23|0.46183509205652173|1.1|ReturnOnAssetsChange,20
1890|10.6222071173|23|0.46183509205652173|1.1|ReturnOnAssetsChange,20
1895|10.6222071173|23|0.46183509205652173|1.1|ReturnOnAssetsChange,20
1900|10.6222071173|23|0.46183509205652173|1.1|ReturnOnAssetsChange,20
1905|10.6222071173|23|0.46183509205652173|1.1|ReturnOnAssetsChange,20
1910|10.6222071173|23|0.46183509205652173|1.1|ReturnOnAssetsChange,20
1915|10.6222071173|23|0.46183509205652173|1.1|ReturnOnAssetsChange,20
1920|10.6222071173|23|0.46183509205652173|1.1|ReturnOnAssetsChange,20
1925|10.6222071173|23|0.46183509205652173|1.1|ReturnOnAssetsChange,20
1930|10.6222071173|23|0.46183509205652173|1.1|ReturnOnAssetsChange,20
1935|10.6222071173|23|0.46183509205652173|1.1|ReturnOnAssetsChange,20
1940|10.6222071173|23|0.46183509205652173|1.1|ReturnOnAssetsChange,20
1945|10.6222071173|23|0.46183509205652173|1.1|ReturnOnAssetsChange,20
1950|10.6222071173|23|0.46183509205652173|1.1|ReturnOnAssetsChange,20
1955|10.6222071173|23|0.46183509205652173|1.1|ReturnOnAssetsChange,20
1960|10.6222071173|23|0.46183509205652173|1.1|ReturnOnAssetsChange,20
1965|10.6222071173|23|0.46183509205652173|1.1|ReturnOnAssetsChange,20
1970|10.6222071173|23|0.46183509205652173|1.1|ReturnOnAssetsChange,20
1975|10.6222071173|23|0.46183509205652173|1.1|ReturnOnAssetsChange,20
1980|10.6222071173|23|0.46183509205652173|1.1|ReturnOnAssetsChange,20
1985|10.6222071173|23|0.46183509205652173|1.1|ReturnOnAssetsChange,20
1990|10.6222071173|23|0.46183509205652173|1.1|ReturnOnAssetsChange,20
1995|10.6222071173|23|0.46183509205652173|1.1|ReturnOnAssetsChange,20
2000|10.6222071173|23|0.46183509205652173|1.1|ReturnOnAssetsChange,20
