#########################################################
# Algorithm Parameters #
# Generations = 2000
# Population size = 100
# Resolution = 5
#########################################################
# Financial Parameters #
# Quarter = 4
# Crossover probabilities = 0.75 -> 0.25
# Mutation start probabilities = 0.9,0.0,0.6,0.5,0.6,0.9
# Mutation end probabilities = 0.4,0.4,0.1,0.1,0.1,0.4
######################################################### 
0|6.810180065327871|7|0.9728828664754101|1.0|SGAExpenses10,13
5|9.413485420390165|11|0.8557714018536514|1.0|OperatingMargin10,4
10|11.005491614157375|13|0.8465762780121058|1.0|OperatingMargin10,4
15|11.005491614157375|13|0.8465762780121058|1.0|OperatingMargin10,4
20|11.31184827477377|17|0.6654028396925746|1.0|GrossMargin10,1
25|11.437949883186885|23|0.4973021688342124|1.375|ResearchDevelopment09,15
30|12.644869929872128|17|0.7438158782277722|1.1428571428571428|TotalCurrentAssetsChange,32
35|13.114706608131142|13|1.0088235852408571|1.2|TotalCurrentAssetsChange,32
40|13.571320580672127|23|0.5900574165509621|1.375|TotalCurrentAssetsChange,32
45|14.134852106842619|39|0.3624321053036569|1.2666666666666666|ResearchDevelopment09,15
50|14.591466079383599|47|0.31045672509326805|1.6428571428571428|CurrentRatio09,36
55|14.591466079383599|47|0.31045672509326805|1.6428571428571428|CurrentRatio09,36
60|14.66236812560983|53|0.2766484552001855|1.7333333333333334|OperatingMargin10,4
65|14.727185691170487|51|0.2887683468856958|1.6666666666666667|GrossMarginChange,2
70|14.727185691170487|51|0.2887683468856958|1.6666666666666667|GrossMarginChange,2
75|14.727185691170487|49|0.3005548100238875|1.6|TotalCurrentAssetsChange,32
80|15.076475051354093|59|0.25553347544667954|1.7058823529411764|GrossMarginChange,2
85|15.249880825577044|131|0.1164113040120385|3.611111111111111|TotalCurrentAssetsChange,32
90|15.249880825577044|95|0.16052506132186362|2.35|TotalCurrentAssetsChange,32
95|15.438508303455732|65|0.2375155123608574|1.7777777777777777|TotalCurrentAssetsChange,32
100|15.475295747718029|87|0.17787696261744862|2.263157894736842|TotalCurrentAssetsChange,32
105|15.663923225596715|121|0.12945391095534475|2.727272727272727|TotalCurrentAssetsChange,32
110|15.663923225596715|115|0.13620802804866708|2.590909090909091|TotalCurrentAssetsChange,32
115|15.741728747980323|149|0.10564918622805586|3.0833333333333335|TotalCurrentAssetsChange,32
120|15.741728747980323|119|0.1322834348569775|2.8095238095238093|TotalCurrentAssetsChange,32
125|15.823414286822945|113|0.14003021492763668|2.4347826086956523|TotalCurrentAssetsChange,32
130|15.823414286822945|113|0.14003021492763668|2.4347826086956523|TotalCurrentAssetsChange,32
135|15.823414286822945|95|0.16656225565076785|2.0434782608695654|TotalCurrentAssetsChange,32
140|15.823414286822945|93|0.17014423964325748|2.090909090909091|TotalCurrentAssetsChange,32
145|15.823414286822945|83|0.19064354562437283|2.05|ResearchDevelopment09,15
150|15.823414286822945|77|0.20549888684185644|1.9|TotalCurrentAssetsChange,32
155|15.823414286822945|75|0.21097885715763928|1.7619047619047619|ResearchDevelopment09,15
160|15.823414286822945|71|0.22286498995525275|1.75|ResearchDevelopment09,15
165|15.823414286822945|69|0.22932484473656442|2.0|OperatingMarginChange,5
170|15.823414286822945|65|0.24343714287419915|1.7777777777777777|TotalCurrentAssetsChange,32
175|15.823414286822945|61|0.25940023421021224|1.7647058823529411|ResearchDevelopment09,15
180|15.823414286822945|61|0.25940023421021224|1.7647058823529411|ResearchDevelopment09,15
185|15.823414286822945|59|0.2681934624885245|1.6111111111111112|ResearchDevelopment09,15
190|15.823414286822945|59|0.2681934624885245|1.6111111111111112|ResearchDevelopment09,15
195|15.823414286822945|55|0.28769844157859903|1.5|ResearchDevelopment09,15
200|15.823414286822945|55|0.28769844157859903|1.5|ResearchDevelopment09,15
205|15.823414286822945|55|0.28769844157859903|1.5|ResearchDevelopment09,15
210|15.823414286822945|55|0.28769844157859903|1.5|ResearchDevelopment09,15
215|15.823414286822945|55|0.28769844157859903|1.5|ResearchDevelopment09,15
220|15.823414286822945|49|0.32292682218006014|1.5|ResearchDevelopment09,15
225|15.823414286822945|49|0.32292682218006014|1.5|ResearchDevelopment09,15
230|15.823414286822945|47|0.3366683890813393|1.5333333333333334|ResearchDevelopment09,15
235|15.823414286822945|47|0.3366683890813393|1.5333333333333334|ResearchDevelopment09,15
240|15.823414286822945|45|0.35163142859606544|1.5714285714285714|ResearchDevelopment09,15
245|15.823414286822945|45|0.35163142859606544|1.5714285714285714|ResearchDevelopment09,15
250|15.823414286822945|45|0.35163142859606544|1.5714285714285714|ResearchDevelopment09,15
255|15.823414286822945|45|0.35163142859606544|1.5714285714285714|ResearchDevelopment09,15
260|16.117626989232782|43|0.3748285346333205|2.1|CapExSales10,28
265|16.117626989232782|43|0.3748285346333205|2.1|CapExSales10,28
270|16.117626989232782|43|0.3748285346333205|2.1|CapExSales10,28
275|16.28009637765573|53|0.3071716297670893|2.1666666666666665|CapExSales10,28
280|16.28009637765573|53|0.3071716297670893|2.1666666666666665|CapExSales10,28
285|16.28009637765573|53|0.3071716297670893|2.1666666666666665|CapExSales10,28
290|16.28009637765573|53|0.3071716297670893|2.1666666666666665|CapExSales10,28
295|16.28009637765573|53|0.3071716297670893|2.1666666666666665|CapExSales10,28
300|16.28009637765573|43|0.3786068925036217|1.9090909090909092|CapExSales10,28
305|16.28009637765573|43|0.3786068925036217|1.9090909090909092|CapExSales10,28
310|16.28009637765573|43|0.3786068925036217|1.9090909090909092|CapExSales10,28
315|16.28009637765573|43|0.3786068925036217|1.9090909090909092|CapExSales10,28
320|16.28009637765573|43|0.3786068925036217|1.9090909090909092|CapExSales10,28
325|16.28009637765573|43|0.3786068925036217|1.9090909090909092|CapExSales10,28
330|16.28009637765573|43|0.3786068925036217|1.9090909090909092|CapExSales10,28
335|16.28009637765573|43|0.3786068925036217|1.9090909090909092|CapExSales10,28
340|16.28009637765573|43|0.3786068925036217|1.9090909090909092|CapExSales10,28
345|16.28009637765573|43|0.3786068925036217|1.9090909090909092|CapExSales10,28
350|16.28009637765573|43|0.3786068925036217|1.9090909090909092|CapExSales10,28
355|16.28009637765573|39|0.41743836865783923|1.5833333333333333|CapExSales10,28
360|16.28009637765573|39|0.41743836865783923|1.5833333333333333|CapExSales10,28
365|16.28009637765573|39|0.41743836865783923|1.5833333333333333|CapExSales10,28
370|16.28009637765573|39|0.41743836865783923|1.5833333333333333|CapExSales10,28
375|16.28009637765573|39|0.41743836865783923|1.5833333333333333|CapExSales10,28
380|16.28009637765573|39|0.41743836865783923|1.5833333333333333|CapExSales10,28
385|16.29922803936065|55|0.29634960071564814|2.4545454545454546|CapExSales10,28
390|16.29922803936065|41|0.39754214730147924|1.6666666666666667|CapExSales10,28
395|16.29922803936065|41|0.39754214730147924|1.6666666666666667|CapExSales10,28
400|16.29922803936065|39|0.4179289240861705|1.3571428571428572|CapExSales10,28
405|16.29922803936065|39|0.4179289240861705|1.3571428571428572|CapExSales10,28
410|16.29922803936065|39|0.4179289240861705|1.3571428571428572|CapExSales10,28
415|16.29922803936065|39|0.4179289240861705|1.3571428571428572|CapExSales10,28
420|16.29922803936065|39|0.4179289240861705|1.3571428571428572|CapExSales10,28
425|16.29922803936065|39|0.4179289240861705|1.3571428571428572|CapExSales10,28
430|16.29922803936065|39|0.4179289240861705|1.3571428571428572|CapExSales10,28
435|16.29922803936065|39|0.4179289240861705|1.3571428571428572|CapExSales10,28
440|16.29922803936065|39|0.4179289240861705|1.3571428571428572|CapExSales10,28
445|16.29922803936065|37|0.440519676739477|1.3846153846153846|BookValuePerShare09,9
450|16.29922803936065|37|0.440519676739477|1.3846153846153846|BookValuePerShare09,9
455|16.29922803936065|37|0.440519676739477|1.3846153846153846|BookValuePerShare09,9
460|16.29922803936065|37|0.440519676739477|1.3846153846153846|BookValuePerShare09,9
465|16.29922803936065|37|0.440519676739477|1.3846153846153846|BookValuePerShare09,9
470|16.29922803936065|37|0.440519676739477|1.3846153846153846|BookValuePerShare09,9
475|16.29922803936065|37|0.440519676739477|1.3846153846153846|BookValuePerShare09,9
480|16.29922803936065|37|0.440519676739477|1.3846153846153846|BookValuePerShare09,9
485|16.29922803936065|37|0.440519676739477|1.3846153846153846|BookValuePerShare09,9
490|16.29922803936065|37|0.440519676739477|1.3846153846153846|BookValuePerShare09,9
495|16.29922803936065|37|0.440519676739477|1.3846153846153846|BookValuePerShare09,9
500|16.29922803936065|37|0.440519676739477|1.3846153846153846|BookValuePerShare09,9
505|16.29922803936065|37|0.440519676739477|1.3846153846153846|BookValuePerShare09,9
510|16.29922803936065|37|0.440519676739477|1.3846153846153846|BookValuePerShare09,9
515|16.29922803936065|37|0.440519676739477|1.3846153846153846|BookValuePerShare09,9
520|16.29922803936065|37|0.440519676739477|1.3846153846153846|BookValuePerShare09,9
525|16.29922803936065|37|0.440519676739477|1.3846153846153846|BookValuePerShare09,9
530|16.29922803936065|37|0.440519676739477|1.3846153846153846|BookValuePerShare09,9
535|16.29922803936065|37|0.440519676739477|1.3846153846153846|BookValuePerShare09,9
540|16.29922803936065|37|0.440519676739477|1.3846153846153846|BookValuePerShare09,9
545|16.29922803936065|37|0.440519676739477|1.3846153846153846|BookValuePerShare09,9
550|16.29922803936065|37|0.440519676739477|1.3846153846153846|BookValuePerShare09,9
555|16.29922803936065|37|0.440519676739477|1.3846153846153846|BookValuePerShare09,9
560|16.29922803936065|35|0.46569222969601853|1.4166666666666667|BookValuePerShare09,9
565|16.29922803936065|35|0.46569222969601853|1.4166666666666667|BookValuePerShare09,9
570|16.29922803936065|35|0.46569222969601853|1.4166666666666667|BookValuePerShare09,9
575|16.29922803936065|35|0.46569222969601853|1.4166666666666667|BookValuePerShare09,9
580|16.29922803936065|35|0.46569222969601853|1.4166666666666667|BookValuePerShare09,9
585|16.29922803936065|35|0.46569222969601853|1.4166666666666667|BookValuePerShare09,9
590|16.29922803936065|35|0.46569222969601853|1.4166666666666667|BookValuePerShare09,9
595|16.29922803936065|35|0.46569222969601853|1.4166666666666667|BookValuePerShare09,9
600|16.29922803936065|35|0.46569222969601853|1.4166666666666667|BookValuePerShare09,9
605|16.29922803936065|35|0.46569222969601853|1.4166666666666667|BookValuePerShare09,9
610|16.29922803936065|35|0.46569222969601853|1.4166666666666667|BookValuePerShare09,9
615|16.29922803936065|35|0.46569222969601853|1.4166666666666667|BookValuePerShare09,9
620|16.29922803936065|35|0.46569222969601853|1.4166666666666667|BookValuePerShare09,9
625|16.29922803936065|33|0.4939160011927469|1.4545454545454546|BookValuePerShare09,9
630|16.29922803936065|33|0.4939160011927469|1.4545454545454546|BookValuePerShare09,9
635|16.29922803936065|33|0.4939160011927469|1.4545454545454546|BookValuePerShare09,9
640|16.29922803936065|33|0.4939160011927469|1.4545454545454546|BookValuePerShare09,9
645|16.29922803936065|33|0.4939160011927469|1.4545454545454546|BookValuePerShare09,9
650|16.29922803936065|33|0.4939160011927469|1.4545454545454546|BookValuePerShare09,9
655|16.29922803936065|33|0.4939160011927469|1.4545454545454546|BookValuePerShare09,9
660|16.29922803936065|33|0.4939160011927469|1.4545454545454546|BookValuePerShare09,9
665|16.29922803936065|33|0.4939160011927469|1.4545454545454546|BookValuePerShare09,9
670|16.29922803936065|33|0.4939160011927469|1.4545454545454546|BookValuePerShare09,9
675|16.29922803936065|33|0.4939160011927469|1.4545454545454546|BookValuePerShare09,9
680|16.29922803936065|33|0.4939160011927469|1.4545454545454546|BookValuePerShare09,9
685|16.29922803936065|33|0.4939160011927469|1.4545454545454546|BookValuePerShare09,9
690|16.29922803936065|33|0.4939160011927469|1.4545454545454546|BookValuePerShare09,9
695|16.29922803936065|33|0.4939160011927469|1.4545454545454546|BookValuePerShare09,9
700|16.29922803936065|33|0.4939160011927469|1.4545454545454546|BookValuePerShare09,9
705|16.29922803936065|33|0.4939160011927469|1.4545454545454546|BookValuePerShare09,9
710|16.29922803936065|33|0.4939160011927469|1.4545454545454546|BookValuePerShare09,9
715|16.29922803936065|33|0.4939160011927469|1.4545454545454546|BookValuePerShare09,9
720|16.29922803936065|33|0.4939160011927469|1.4545454545454546|BookValuePerShare09,9
725|16.29922803936065|33|0.4939160011927469|1.4545454545454546|BookValuePerShare09,9
730|16.29922803936065|33|0.4939160011927469|1.4545454545454546|BookValuePerShare09,9
735|16.29922803936065|33|0.4939160011927469|1.4545454545454546|BookValuePerShare09,9
740|16.29922803936065|31|0.5257815496567951|1.25|ResearchDevelopment09,15
745|16.29922803936065|31|0.5257815496567951|1.25|ResearchDevelopment09,15
750|16.29922803936065|31|0.5257815496567951|1.25|ResearchDevelopment09,15
755|16.29922803936065|31|0.5257815496567951|1.25|ResearchDevelopment09,15
760|16.29922803936065|31|0.5257815496567951|1.25|ResearchDevelopment09,15
765|16.29922803936065|31|0.5257815496567951|1.25|ResearchDevelopment09,15
770|16.29922803936065|31|0.5257815496567951|1.25|ResearchDevelopment09,15
775|16.29922803936065|31|0.5257815496567951|1.25|ResearchDevelopment09,15
780|16.29922803936065|31|0.5257815496567951|1.25|ResearchDevelopment09,15
785|16.29922803936065|31|0.5257815496567951|1.25|ResearchDevelopment09,15
790|16.29922803936065|31|0.5257815496567951|1.25|ResearchDevelopment09,15
795|16.29922803936065|31|0.5257815496567951|1.25|ResearchDevelopment09,15
800|16.29922803936065|31|0.5257815496567951|1.25|ResearchDevelopment09,15
805|16.29922803936065|31|0.5257815496567951|1.25|ResearchDevelopment09,15
810|16.29922803936065|31|0.5257815496567951|1.25|ResearchDevelopment09,15
815|16.29922803936065|31|0.5257815496567951|1.25|ResearchDevelopment09,15
820|16.29922803936065|31|0.5257815496567951|1.25|ResearchDevelopment09,15
825|16.29922803936065|31|0.5257815496567951|1.25|ResearchDevelopment09,15
830|16.29922803936065|31|0.5257815496567951|1.25|ResearchDevelopment09,15
835|16.29922803936065|31|0.5257815496567951|1.25|ResearchDevelopment09,15
840|16.29922803936065|31|0.5257815496567951|1.25|ResearchDevelopment09,15
845|16.29922803936065|31|0.5257815496567951|1.25|ResearchDevelopment09,15
850|16.29922803936065|31|0.5257815496567951|1.25|ResearchDevelopment09,15
855|16.29922803936065|31|0.5257815496567951|1.25|ResearchDevelopment09,15
860|16.29922803936065|31|0.5257815496567951|1.25|ResearchDevelopment09,15
865|16.29922803936065|31|0.5257815496567951|1.25|ResearchDevelopment09,15
870|16.29922803936065|31|0.5257815496567951|1.25|ResearchDevelopment09,15
875|16.29922803936065|31|0.5257815496567951|1.25|ResearchDevelopment09,15
880|16.29922803936065|31|0.5257815496567951|1.25|ResearchDevelopment09,15
885|16.29922803936065|31|0.5257815496567951|1.25|ResearchDevelopment09,15
890|16.29922803936065|31|0.5257815496567951|1.25|ResearchDevelopment09,15
895|16.29922803936065|31|0.5257815496567951|1.25|ResearchDevelopment09,15
900|16.29922803936065|31|0.5257815496567951|1.25|ResearchDevelopment09,15
905|16.29922803936065|31|0.5257815496567951|1.25|ResearchDevelopment09,15
910|16.29922803936065|31|0.5257815496567951|1.25|ResearchDevelopment09,15
915|16.29922803936065|29|0.5620423461848499|1.2727272727272727|ResearchDevelopment09,15
920|16.29922803936065|29|0.5620423461848499|1.2727272727272727|ResearchDevelopment09,15
925|16.29922803936065|29|0.5620423461848499|1.2727272727272727|ResearchDevelopment09,15
930|16.29922803936065|29|0.5620423461848499|1.2727272727272727|ResearchDevelopment09,15
935|16.29922803936065|29|0.5620423461848499|1.2727272727272727|ResearchDevelopment09,15
940|16.29922803936065|29|0.5620423461848499|1.2727272727272727|ResearchDevelopment09,15
945|16.29922803936065|29|0.5620423461848499|1.2727272727272727|ResearchDevelopment09,15
950|16.29922803936065|29|0.5620423461848499|1.2727272727272727|ResearchDevelopment09,15
955|16.29922803936065|29|0.5620423461848499|1.2727272727272727|ResearchDevelopment09,15
960|16.29922803936065|29|0.5620423461848499|1.2727272727272727|ResearchDevelopment09,15
965|16.29922803936065|29|0.5620423461848499|1.2727272727272727|ResearchDevelopment09,15
970|16.29922803936065|29|0.5620423461848499|1.2727272727272727|ResearchDevelopment09,15
975|16.29922803936065|29|0.5620423461848499|1.2727272727272727|ResearchDevelopment09,15
980|16.29922803936065|29|0.5620423461848499|1.2727272727272727|ResearchDevelopment09,15
985|16.29922803936065|29|0.5620423461848499|1.2727272727272727|ResearchDevelopment09,15
990|16.29922803936065|29|0.5620423461848499|1.2727272727272727|ResearchDevelopment09,15
995|16.29922803936065|29|0.5620423461848499|1.2727272727272727|ResearchDevelopment09,15
1000|16.29922803936065|29|0.5620423461848499|1.2727272727272727|ResearchDevelopment09,15
1005|16.29922803936065|29|0.5620423461848499|1.2727272727272727|ResearchDevelopment09,15
1010|16.29922803936065|29|0.5620423461848499|1.2727272727272727|ResearchDevelopment09,15
1015|16.29922803936065|29|0.5620423461848499|1.2727272727272727|ResearchDevelopment09,15
1020|16.29922803936065|29|0.5620423461848499|1.2727272727272727|ResearchDevelopment09,15
1025|16.29922803936065|27|0.6036751125689129|1.3|ResearchDevelopment09,15
1030|16.29922803936065|27|0.6036751125689129|1.3|ResearchDevelopment09,15
1035|16.29922803936065|27|0.6036751125689129|1.3|ResearchDevelopment09,15
1040|16.29922803936065|27|0.6036751125689129|1.3|ResearchDevelopment09,15
1045|16.29922803936065|27|0.6036751125689129|1.3|ResearchDevelopment09,15
1050|16.29922803936065|27|0.6036751125689129|1.3|ResearchDevelopment09,15
1055|16.29922803936065|27|0.6036751125689129|1.3|ResearchDevelopment09,15
1060|16.29922803936065|27|0.6036751125689129|1.3|ResearchDevelopment09,15
1065|16.29922803936065|27|0.6036751125689129|1.3|ResearchDevelopment09,15
1070|16.29922803936065|27|0.6036751125689129|1.3|ResearchDevelopment09,15
1075|16.29922803936065|27|0.6036751125689129|1.3|ResearchDevelopment09,15
1080|16.29922803936065|27|0.6036751125689129|1.3|ResearchDevelopment09,15
1085|16.29922803936065|27|0.6036751125689129|1.3|ResearchDevelopment09,15
1090|16.29922803936065|27|0.6036751125689129|1.3|ResearchDevelopment09,15
1095|16.29922803936065|27|0.6036751125689129|1.3|ResearchDevelopment09,15
1100|16.29922803936065|27|0.6036751125689129|1.3|ResearchDevelopment09,15
1105|16.29922803936065|27|0.6036751125689129|1.3|ResearchDevelopment09,15
1110|16.29922803936065|27|0.6036751125689129|1.3|ResearchDevelopment09,15
1115|16.29922803936065|27|0.6036751125689129|1.3|ResearchDevelopment09,15
1120|16.29922803936065|27|0.6036751125689129|1.3|ResearchDevelopment09,15
1125|16.29922803936065|27|0.6036751125689129|1.3|ResearchDevelopment09,15
1130|16.29922803936065|27|0.6036751125689129|1.3|ResearchDevelopment09,15
1135|16.29922803936065|27|0.6036751125689129|1.3|ResearchDevelopment09,15
1140|16.29922803936065|27|0.6036751125689129|1.3|ResearchDevelopment09,15
1145|16.29922803936065|27|0.6036751125689129|1.3|ResearchDevelopment09,15
1150|16.29922803936065|27|0.6036751125689129|1.3|ResearchDevelopment09,15
1155|16.29922803936065|27|0.6036751125689129|1.3|ResearchDevelopment09,15
1160|16.29922803936065|27|0.6036751125689129|1.3|ResearchDevelopment09,15
1165|16.29922803936065|27|0.6036751125689129|1.3|ResearchDevelopment09,15
1170|16.29922803936065|27|0.6036751125689129|1.3|ResearchDevelopment09,15
1175|16.29922803936065|27|0.6036751125689129|1.3|ResearchDevelopment09,15
1180|16.29922803936065|27|0.6036751125689129|1.3|ResearchDevelopment09,15
1185|16.29922803936065|27|0.6036751125689129|1.3|ResearchDevelopment09,15
1190|16.29922803936065|27|0.6036751125689129|1.3|ResearchDevelopment09,15
1195|16.29922803936065|27|0.6036751125689129|1.3|ResearchDevelopment09,15
1200|16.29922803936065|27|0.6036751125689129|1.3|ResearchDevelopment09,15
1205|16.29922803936065|27|0.6036751125689129|1.3|ResearchDevelopment09,15
1210|16.29922803936065|27|0.6036751125689129|1.3|ResearchDevelopment09,15
1215|16.29922803936065|27|0.6036751125689129|1.3|ResearchDevelopment09,15
1220|16.29922803936065|27|0.6036751125689129|1.3|ResearchDevelopment09,15
1225|16.29922803936065|27|0.6036751125689129|1.3|ResearchDevelopment09,15
1230|16.29922803936065|27|0.6036751125689129|1.3|ResearchDevelopment09,15
1235|16.29922803936065|27|0.6036751125689129|1.3|ResearchDevelopment09,15
1240|16.29922803936065|27|0.6036751125689129|1.3|ResearchDevelopment09,15
1245|16.29922803936065|27|0.6036751125689129|1.3|ResearchDevelopment09,15
1250|16.29922803936065|27|0.6036751125689129|1.3|ResearchDevelopment09,15
1255|16.29922803936065|27|0.6036751125689129|1.3|ResearchDevelopment09,15
1260|16.29922803936065|27|0.6036751125689129|1.3|ResearchDevelopment09,15
1265|16.29922803936065|27|0.6036751125689129|1.3|ResearchDevelopment09,15
1270|16.29922803936065|27|0.6036751125689129|1.3|ResearchDevelopment09,15
1275|16.29922803936065|27|0.6036751125689129|1.3|ResearchDevelopment09,15
1280|16.29922803936065|27|0.6036751125689129|1.3|ResearchDevelopment09,15
1285|16.29922803936065|27|0.6036751125689129|1.3|ResearchDevelopment09,15
1290|16.29922803936065|27|0.6036751125689129|1.3|ResearchDevelopment09,15
1295|16.29922803936065|27|0.6036751125689129|1.3|ResearchDevelopment09,15
1300|16.29922803936065|27|0.6036751125689129|1.3|ResearchDevelopment09,15
1305|16.29922803936065|27|0.6036751125689129|1.3|ResearchDevelopment09,15
1310|16.29922803936065|27|0.6036751125689129|1.3|ResearchDevelopment09,15
1315|16.29922803936065|27|0.6036751125689129|1.3|ResearchDevelopment09,15
1320|16.29922803936065|27|0.6036751125689129|1.3|ResearchDevelopment09,15
1325|16.29922803936065|27|0.6036751125689129|1.3|ResearchDevelopment09,15
1330|16.29922803936065|27|0.6036751125689129|1.3|ResearchDevelopment09,15
1335|16.29922803936065|27|0.6036751125689129|1.3|ResearchDevelopment09,15
1340|16.29922803936065|27|0.6036751125689129|1.3|ResearchDevelopment09,15
1345|16.29922803936065|27|0.6036751125689129|1.3|ResearchDevelopment09,15
1350|16.29922803936065|27|0.6036751125689129|1.3|ResearchDevelopment09,15
1355|16.29922803936065|27|0.6036751125689129|1.3|ResearchDevelopment09,15
1360|16.29922803936065|27|0.6036751125689129|1.3|ResearchDevelopment09,15
1365|16.29922803936065|27|0.6036751125689129|1.3|ResearchDevelopment09,15
1370|16.29922803936065|27|0.6036751125689129|1.3|ResearchDevelopment09,15
1375|16.29922803936065|27|0.6036751125689129|1.3|ResearchDevelopment09,15
1380|16.29922803936065|27|0.6036751125689129|1.3|ResearchDevelopment09,15
1385|16.29922803936065|27|0.6036751125689129|1.3|ResearchDevelopment09,15
1390|16.29922803936065|27|0.6036751125689129|1.3|ResearchDevelopment09,15
1395|16.29922803936065|27|0.6036751125689129|1.3|ResearchDevelopment09,15
1400|16.29922803936065|27|0.6036751125689129|1.3|ResearchDevelopment09,15
1405|16.29922803936065|27|0.6036751125689129|1.3|ResearchDevelopment09,15
1410|16.29922803936065|27|0.6036751125689129|1.3|ResearchDevelopment09,15
1415|16.29922803936065|27|0.6036751125689129|1.3|ResearchDevelopment09,15
1420|16.29922803936065|27|0.6036751125689129|1.3|ResearchDevelopment09,15
1425|16.29922803936065|27|0.6036751125689129|1.3|ResearchDevelopment09,15
1430|16.29922803936065|27|0.6036751125689129|1.3|ResearchDevelopment09,15
1435|16.29922803936065|27|0.6036751125689129|1.3|ResearchDevelopment09,15
1440|16.29922803936065|27|0.6036751125689129|1.3|ResearchDevelopment09,15
1445|16.29922803936065|27|0.6036751125689129|1.3|ResearchDevelopment09,15
1450|16.29922803936065|27|0.6036751125689129|1.3|ResearchDevelopment09,15
1455|16.29922803936065|27|0.6036751125689129|1.3|ResearchDevelopment09,15
1460|16.29922803936065|27|0.6036751125689129|1.3|ResearchDevelopment09,15
1465|16.29922803936065|27|0.6036751125689129|1.3|ResearchDevelopment09,15
1470|16.29922803936065|27|0.6036751125689129|1.3|ResearchDevelopment09,15
1475|16.29922803936065|27|0.6036751125689129|1.3|ResearchDevelopment09,15
1480|16.29922803936065|27|0.6036751125689129|1.3|ResearchDevelopment09,15
1485|16.29922803936065|27|0.6036751125689129|1.3|ResearchDevelopment09,15
1490|16.29922803936065|27|0.6036751125689129|1.3|ResearchDevelopment09,15
1495|16.29922803936065|27|0.6036751125689129|1.3|ResearchDevelopment09,15
1500|16.29922803936065|27|0.6036751125689129|1.3|ResearchDevelopment09,15
1505|16.29922803936065|27|0.6036751125689129|1.3|ResearchDevelopment09,15
1510|16.29922803936065|27|0.6036751125689129|1.3|ResearchDevelopment09,15
1515|16.29922803936065|27|0.6036751125689129|1.3|ResearchDevelopment09,15
1520|16.29922803936065|27|0.6036751125689129|1.3|ResearchDevelopment09,15
1525|16.29922803936065|27|0.6036751125689129|1.3|ResearchDevelopment09,15
1530|16.29922803936065|27|0.6036751125689129|1.3|ResearchDevelopment09,15
1535|16.29922803936065|27|0.6036751125689129|1.3|ResearchDevelopment09,15
1540|16.29922803936065|27|0.6036751125689129|1.3|ResearchDevelopment09,15
1545|16.29922803936065|27|0.6036751125689129|1.3|ResearchDevelopment09,15
1550|16.29922803936065|27|0.6036751125689129|1.3|ResearchDevelopment09,15
1555|16.29922803936065|27|0.6036751125689129|1.3|ResearchDevelopment09,15
1560|16.29922803936065|27|0.6036751125689129|1.3|ResearchDevelopment09,15
1565|16.29922803936065|27|0.6036751125689129|1.3|ResearchDevelopment09,15
1570|16.29922803936065|27|0.6036751125689129|1.3|ResearchDevelopment09,15
1575|16.29922803936065|27|0.6036751125689129|1.3|ResearchDevelopment09,15
1580|16.29922803936065|27|0.6036751125689129|1.3|ResearchDevelopment09,15
1585|16.29922803936065|27|0.6036751125689129|1.3|ResearchDevelopment09,15
1590|16.29922803936065|27|0.6036751125689129|1.3|ResearchDevelopment09,15
1595|16.29922803936065|27|0.6036751125689129|1.3|ResearchDevelopment09,15
1600|16.29922803936065|27|0.6036751125689129|1.3|ResearchDevelopment09,15
1605|16.29922803936065|27|0.6036751125689129|1.3|ResearchDevelopment09,15
1610|16.29922803936065|27|0.6036751125689129|1.3|ResearchDevelopment09,15
1615|16.29922803936065|27|0.6036751125689129|1.3|ResearchDevelopment09,15
1620|16.29922803936065|27|0.6036751125689129|1.3|ResearchDevelopment09,15
1625|16.29922803936065|27|0.6036751125689129|1.3|ResearchDevelopment09,15
1630|16.29922803936065|27|0.6036751125689129|1.3|ResearchDevelopment09,15
1635|16.29922803936065|27|0.6036751125689129|1.3|ResearchDevelopment09,15
1640|16.29922803936065|27|0.6036751125689129|1.3|ResearchDevelopment09,15
1645|16.29922803936065|27|0.6036751125689129|1.3|ResearchDevelopment09,15
1650|16.29922803936065|27|0.6036751125689129|1.3|ResearchDevelopment09,15
1655|16.29922803936065|27|0.6036751125689129|1.3|ResearchDevelopment09,15
1660|16.29922803936065|27|0.6036751125689129|1.3|ResearchDevelopment09,15
1665|16.29922803936065|27|0.6036751125689129|1.3|ResearchDevelopment09,15
1670|16.29922803936065|27|0.6036751125689129|1.3|ResearchDevelopment09,15
1675|16.29922803936065|27|0.6036751125689129|1.3|ResearchDevelopment09,15
1680|16.29922803936065|27|0.6036751125689129|1.3|ResearchDevelopment09,15
1685|16.29922803936065|27|0.6036751125689129|1.3|ResearchDevelopment09,15
1690|16.29922803936065|27|0.6036751125689129|1.3|ResearchDevelopment09,15
1695|16.29922803936065|27|0.6036751125689129|1.3|ResearchDevelopment09,15
1700|16.29922803936065|27|0.6036751125689129|1.3|ResearchDevelopment09,15
1705|16.29922803936065|27|0.6036751125689129|1.3|ResearchDevelopment09,15
1710|16.29922803936065|27|0.6036751125689129|1.3|ResearchDevelopment09,15
1715|16.29922803936065|27|0.6036751125689129|1.3|ResearchDevelopment09,15
1720|16.29922803936065|27|0.6036751125689129|1.3|ResearchDevelopment09,15
1725|16.29922803936065|27|0.6036751125689129|1.3|ResearchDevelopment09,15
1730|16.29922803936065|27|0.6036751125689129|1.3|ResearchDevelopment09,15
1735|16.29922803936065|27|0.6036751125689129|1.3|ResearchDevelopment09,15
1740|16.29922803936065|27|0.6036751125689129|1.3|ResearchDevelopment09,15
1745|16.29922803936065|27|0.6036751125689129|1.3|ResearchDevelopment09,15
1750|16.29922803936065|27|0.6036751125689129|1.3|ResearchDevelopment09,15
1755|16.29922803936065|27|0.6036751125689129|1.3|ResearchDevelopment09,15
1760|16.29922803936065|27|0.6036751125689129|1.3|ResearchDevelopment09,15
1765|16.29922803936065|27|0.6036751125689129|1.3|ResearchDevelopment09,15
1770|16.29922803936065|27|0.6036751125689129|1.3|ResearchDevelopment09,15
1775|16.29922803936065|27|0.6036751125689129|1.3|ResearchDevelopment09,15
1780|16.29922803936065|27|0.6036751125689129|1.3|ResearchDevelopment09,15
1785|16.29922803936065|27|0.6036751125689129|1.3|ResearchDevelopment09,15
1790|16.29922803936065|27|0.6036751125689129|1.3|ResearchDevelopment09,15
1795|16.29922803936065|27|0.6036751125689129|1.3|ResearchDevelopment09,15
1800|16.29922803936065|27|0.6036751125689129|1.3|ResearchDevelopment09,15
1805|16.29922803936065|27|0.6036751125689129|1.3|ResearchDevelopment09,15
1810|16.29922803936065|27|0.6036751125689129|1.3|ResearchDevelopment09,15
1815|16.29922803936065|27|0.6036751125689129|1.3|ResearchDevelopment09,15
1820|16.29922803936065|27|0.6036751125689129|1.3|ResearchDevelopment09,15
1825|16.29922803936065|27|0.6036751125689129|1.3|ResearchDevelopment09,15
1830|16.29922803936065|27|0.6036751125689129|1.3|ResearchDevelopment09,15
1835|16.29922803936065|27|0.6036751125689129|1.3|ResearchDevelopment09,15
1840|16.29922803936065|27|0.6036751125689129|1.3|ResearchDevelopment09,15
1845|16.29922803936065|27|0.6036751125689129|1.3|ResearchDevelopment09,15
1850|16.29922803936065|27|0.6036751125689129|1.3|ResearchDevelopment09,15
1855|16.29922803936065|27|0.6036751125689129|1.3|ResearchDevelopment09,15
1860|16.29922803936065|27|0.6036751125689129|1.3|ResearchDevelopment09,15
1865|16.29922803936065|27|0.6036751125689129|1.3|ResearchDevelopment09,15
1870|16.29922803936065|27|0.6036751125689129|1.3|ResearchDevelopment09,15
1875|16.29922803936065|27|0.6036751125689129|1.3|ResearchDevelopment09,15
1880|16.29922803936065|27|0.6036751125689129|1.3|ResearchDevelopment09,15
1885|16.29922803936065|27|0.6036751125689129|1.3|ResearchDevelopment09,15
1890|16.29922803936065|27|0.6036751125689129|1.3|ResearchDevelopment09,15
1895|16.29922803936065|27|0.6036751125689129|1.3|ResearchDevelopment09,15
1900|16.29922803936065|27|0.6036751125689129|1.3|ResearchDevelopment09,15
1905|16.29922803936065|27|0.6036751125689129|1.3|ResearchDevelopment09,15
1910|16.29922803936065|27|0.6036751125689129|1.3|ResearchDevelopment09,15
1915|16.29922803936065|27|0.6036751125689129|1.3|ResearchDevelopment09,15
1920|16.29922803936065|27|0.6036751125689129|1.3|ResearchDevelopment09,15
1925|16.29922803936065|27|0.6036751125689129|1.3|ResearchDevelopment09,15
1930|16.29922803936065|27|0.6036751125689129|1.3|ResearchDevelopment09,15
1935|16.29922803936065|27|0.6036751125689129|1.3|ResearchDevelopment09,15
1940|16.29922803936065|27|0.6036751125689129|1.3|ResearchDevelopment09,15
1945|16.29922803936065|27|0.6036751125689129|1.3|ResearchDevelopment09,15
1950|16.29922803936065|27|0.6036751125689129|1.3|ResearchDevelopment09,15
1955|16.29922803936065|27|0.6036751125689129|1.3|ResearchDevelopment09,15
1960|16.29922803936065|27|0.6036751125689129|1.3|ResearchDevelopment09,15
1965|16.29922803936065|27|0.6036751125689129|1.3|ResearchDevelopment09,15
1970|16.29922803936065|27|0.6036751125689129|1.3|ResearchDevelopment09,15
1975|16.29922803936065|27|0.6036751125689129|1.3|ResearchDevelopment09,15
1980|16.29922803936065|27|0.6036751125689129|1.3|ResearchDevelopment09,15
1985|16.29922803936065|27|0.6036751125689129|1.3|ResearchDevelopment09,15
1990|16.29922803936065|27|0.6036751125689129|1.3|ResearchDevelopment09,15
1995|16.29922803936065|27|0.6036751125689129|1.3|ResearchDevelopment09,15
2000|16.29922803936065|27|0.6036751125689129|1.3|ResearchDevelopment09,15
