#########################################################
# Algorithm Parameters #
# Generations = 2000
# Population size = 100
# Resolution = 5
#########################################################
# Financial Parameters #
# Quarter = 4
# Crossover probabilities = 0.75 -> 0.25
# Mutation start probabilities = 0.9,0.0,0.6,0.5,0.6,0.9
# Mutation end probabilities = 0.4,0.4,0.1,0.1,0.1,0.4
######################################################### 
0|7.198258740757378|7|1.028322677251054|1.0|ReturnOnEquity09,21
5|9.657522059593441|15|0.643834803972896|1.0|OperatingMargin09,3
10|11.188073729803275|15|0.745871581986885|1.4|OperatingMargin10,4
15|11.737775291849177|31|0.378637912640296|1.3636363636363635|OperatingMargin10,4
20|12.03198799425901|43|0.27981367428509324|1.5|OperatingMargin10,4
25|12.03198799425901|21|0.5729518092504291|1.4285714285714286|OperatingMargin10,4
30|12.03198799425901|21|0.5729518092504291|1.4285714285714286|OperatingMargin10,4
35|13.15728946976393|53|0.24825074471252698|2.0|OperatingMargin10,4
40|13.15728946976393|49|0.2685161116278353|1.8461538461538463|OperatingMargin10,4
45|13.235094992147538|67|0.19753873122608265|2.357142857142857|OperatingMargin10,4
50|13.6800201365377|51|0.2682356889517196|1.6666666666666667|OperatingMargin10,4
55|13.6800201365377|49|0.2791840844191367|1.6|OperatingMargin10,4
60|14.302296121177045|75|0.19069728161569394|2.176470588235294|OperatingMargin10,4
65|14.758910093718029|129|0.11441015576525604|3.5555555555555554|OperatingMargin10,4
70|14.758910093718029|129|0.11441015576525604|3.5555555555555554|OperatingMargin10,4
75|14.991879303606554|157|0.09548967709303538|3.5454545454545454|OperatingMargin10,4
80|15.370687753763931|163|0.09429869787585234|3.6818181818181817|OperatingMargin10,4
85|15.370687753763931|103|0.14922997819188283|2.55|OperatingMargin10,4
90|15.884391238118033|147|0.10805708325250363|3.0416666666666665|OperatingMargin10,4
95|15.884391238118033|95|0.16720411829597928|1.9583333333333333|OperatingMargin10,4
100|16.121094269557375|91|0.17715488208304808|1.9565217391304348|OperatingMargin10,4
105|16.121094269557375|91|0.17715488208304808|1.9565217391304348|OperatingMargin10,4
110|16.121094269557375|87|0.1852999341328434|2.0476190476190474|OperatingMargin10,4
115|16.121094269557375|79|0.2040644844247769|1.8571428571428572|OperatingMargin10,4
120|16.121094269557375|77|0.20936486064360227|1.6521739130434783|GrossMargin09,0
125|16.121094269557375|69|0.2336390473848895|1.7|OperatingMargin10,4
130|16.121094269557375|65|0.2480168349162673|1.6|OperatingMargin10,4
135|16.121094269557375|61|0.2642802339271701|1.7647058823529411|OperatingMargin10,4
140|16.121094269557375|59|0.27323888592470125|1.7058823529411764|OperatingMargin10,4
145|16.121094269557375|57|0.28282621525539253|1.5555555555555556|EarningsPerShare09,6
150|16.121094269557375|57|0.28282621525539253|1.5555555555555556|EarningsPerShare09,6
155|16.121094269557375|51|0.3160998876383799|1.6666666666666667|OperatingMargin10,4
160|16.121094269557375|51|0.3160998876383799|1.6666666666666667|OperatingMargin10,4
165|16.121094269557375|51|0.3160998876383799|1.6666666666666667|OperatingMargin10,4
170|16.121094269557375|51|0.3160998876383799|1.6666666666666667|OperatingMargin10,4
175|16.121094269557375|51|0.3160998876383799|1.6666666666666667|OperatingMargin10,4
180|16.121094269557375|51|0.3160998876383799|1.6666666666666667|OperatingMargin10,4
185|16.121094269557375|47|0.3430020057352633|1.4375|OperatingMargin10,4
190|16.121094269557375|47|0.3430020057352633|1.4375|OperatingMargin10,4
195|16.121094269557375|47|0.3430020057352633|1.4375|OperatingMargin10,4
200|16.121094269557375|47|0.3430020057352633|1.4375|OperatingMargin10,4
205|16.121094269557375|47|0.3430020057352633|1.4375|OperatingMargin10,4
210|16.121094269557375|45|0.3582465393234972|1.4666666666666666|CapExSales10,28
215|16.121094269557375|45|0.3582465393234972|1.4666666666666666|CapExSales10,28
220|16.121094269557375|45|0.3582465393234972|1.4666666666666666|CapExSales10,28
225|16.121094269557375|45|0.3582465393234972|1.4666666666666666|CapExSales10,28
230|16.121094269557375|45|0.3582465393234972|1.4666666666666666|CapExSales10,28
235|16.121094269557375|45|0.3582465393234972|1.4666666666666666|CapExSales10,28
240|16.121094269557375|45|0.3582465393234972|1.4666666666666666|CapExSales10,28
245|16.121094269557375|45|0.3582465393234972|1.4666666666666666|CapExSales10,28
250|16.121094269557375|45|0.3582465393234972|1.4666666666666666|CapExSales10,28
255|16.121094269557375|45|0.3582465393234972|1.4666666666666666|CapExSales10,28
260|16.121094269557375|41|0.3931974212087165|1.5384615384615385|CapExSales10,28
265|16.121094269557375|41|0.3931974212087165|1.5384615384615385|CapExSales10,28
270|16.121094269557375|41|0.3931974212087165|1.5384615384615385|CapExSales10,28
275|16.121094269557375|41|0.3931974212087165|1.5384615384615385|CapExSales10,28
280|16.121094269557375|41|0.3931974212087165|1.5384615384615385|CapExSales10,28
285|16.121094269557375|41|0.3931974212087165|1.5384615384615385|CapExSales10,28
290|16.121094269557375|39|0.41336139152711215|1.4615384615384615|BookValuePerShare09,9
295|16.121094269557375|39|0.41336139152711215|1.4615384615384615|BookValuePerShare09,9
300|16.121094269557375|39|0.41336139152711215|1.4615384615384615|BookValuePerShare09,9
305|16.121094269557375|35|0.460602693415925|1.4166666666666667|CapExSales10,28
310|16.121094269557375|35|0.460602693415925|1.4166666666666667|CapExSales10,28
315|16.121094269557375|35|0.460602693415925|1.4166666666666667|CapExSales10,28
320|16.121094269557375|35|0.460602693415925|1.4166666666666667|CapExSales10,28
325|16.121094269557375|35|0.460602693415925|1.4166666666666667|CapExSales10,28
330|16.121094269557375|33|0.4885180081684053|1.4545454545454546|BookValuePerShare09,9
335|16.121094269557375|33|0.4885180081684053|1.4545454545454546|BookValuePerShare09,9
340|16.121094269557375|33|0.4885180081684053|1.4545454545454546|BookValuePerShare09,9
345|16.121094269557375|33|0.4885180081684053|1.4545454545454546|BookValuePerShare09,9
350|16.121094269557375|33|0.4885180081684053|1.4545454545454546|BookValuePerShare09,9
355|16.121094269557375|33|0.4885180081684053|1.4545454545454546|BookValuePerShare09,9
360|16.121094269557375|33|0.4885180081684053|1.4545454545454546|BookValuePerShare09,9
365|16.121094269557375|33|0.4885180081684053|1.4545454545454546|BookValuePerShare09,9
370|16.121094269557375|33|0.4885180081684053|1.4545454545454546|BookValuePerShare09,9
375|16.121094269557375|33|0.4885180081684053|1.4545454545454546|BookValuePerShare09,9
380|16.121094269557375|33|0.4885180081684053|1.4545454545454546|BookValuePerShare09,9
385|16.121094269557375|33|0.4885180081684053|1.4545454545454546|BookValuePerShare09,9
390|16.121094269557375|31|0.5200352990179798|1.5|BookValuePerShare09,9
395|16.121094269557375|31|0.5200352990179798|1.5|BookValuePerShare09,9
400|16.121094269557375|31|0.5200352990179798|1.5|BookValuePerShare09,9
405|16.121094269557375|31|0.5200352990179798|1.5|BookValuePerShare09,9
410|16.121094269557375|31|0.5200352990179798|1.5|BookValuePerShare09,9
415|16.121094269557375|31|0.5200352990179798|1.5|BookValuePerShare09,9
420|16.121094269557375|31|0.5200352990179798|1.5|BookValuePerShare09,9
425|16.121094269557375|31|0.5200352990179798|1.5|BookValuePerShare09,9
430|16.121094269557375|31|0.5200352990179798|1.5|BookValuePerShare09,9
435|16.121094269557375|31|0.5200352990179798|1.5|BookValuePerShare09,9
440|16.121094269557375|31|0.5200352990179798|1.5|BookValuePerShare09,9
445|16.121094269557375|31|0.5200352990179798|1.5|BookValuePerShare09,9
450|16.121094269557375|31|0.5200352990179798|1.5|BookValuePerShare09,9
455|16.121094269557375|31|0.5200352990179798|1.5|BookValuePerShare09,9
460|16.121094269557375|31|0.5200352990179798|1.5|BookValuePerShare09,9
465|16.121094269557375|31|0.5200352990179798|1.5|BookValuePerShare09,9
470|16.121094269557375|31|0.5200352990179798|1.5|BookValuePerShare09,9
475|16.121094269557375|31|0.5200352990179798|1.5|BookValuePerShare09,9
480|16.121094269557375|31|0.5200352990179798|1.5|BookValuePerShare09,9
485|16.121094269557375|31|0.5200352990179798|1.5|BookValuePerShare09,9
490|16.121094269557375|29|0.5558998023985302|1.4|BookValuePerShare09,9
495|16.121094269557375|29|0.5558998023985302|1.4|BookValuePerShare09,9
500|16.121094269557375|29|0.5558998023985302|1.4|BookValuePerShare09,9
505|16.121094269557375|29|0.5558998023985302|1.4|BookValuePerShare09,9
510|16.121094269557375|29|0.5558998023985302|1.4|BookValuePerShare09,9
515|16.121094269557375|29|0.5558998023985302|1.4|BookValuePerShare09,9
520|16.121094269557375|29|0.5558998023985302|1.4|BookValuePerShare09,9
525|16.121094269557375|29|0.5558998023985302|1.4|BookValuePerShare09,9
530|16.121094269557375|23|0.7009171421546685|1.5714285714285714|BookValuePerShare09,9
535|16.121094269557375|23|0.7009171421546685|1.5714285714285714|BookValuePerShare09,9
540|16.30972174743606|31|0.5261200563689052|1.5|TotalCurrentAssets09,30
545|16.30972174743606|31|0.5261200563689052|1.5|TotalCurrentAssets09,30
550|16.30972174743606|31|0.5261200563689052|1.5|TotalCurrentAssets09,30
555|16.30972174743606|31|0.5261200563689052|1.5|TotalCurrentAssets09,30
560|16.30972174743606|31|0.5261200563689052|1.5|TotalCurrentAssets09,30
565|16.30972174743606|31|0.5261200563689052|1.5|TotalCurrentAssets09,30
570|16.30972174743606|29|0.5624041981874504|1.4|BookValuePerShare09,9
575|16.30972174743606|27|0.6040637684235578|1.4444444444444444|BookValuePerShare09,9
580|16.30972174743606|27|0.6040637684235578|1.4444444444444444|BookValuePerShare09,9
585|16.30972174743606|27|0.6040637684235578|1.4444444444444444|BookValuePerShare09,9
590|16.30972174743606|27|0.6040637684235578|1.4444444444444444|BookValuePerShare09,9
595|16.30972174743606|27|0.6040637684235578|1.4444444444444444|BookValuePerShare09,9
600|16.30972174743606|27|0.6040637684235578|1.4444444444444444|BookValuePerShare09,9
605|16.30972174743606|27|0.6040637684235578|1.4444444444444444|BookValuePerShare09,9
610|16.30972174743606|27|0.6040637684235578|1.4444444444444444|BookValuePerShare09,9
615|16.535136669577046|29|0.5701771265371395|1.4|BookValuePerShare09,9
620|16.535136669577046|29|0.5701771265371395|1.4|BookValuePerShare09,9
625|16.535136669577046|29|0.5701771265371395|1.4|BookValuePerShare09,9
630|16.535136669577046|29|0.5701771265371395|1.4|BookValuePerShare09,9
635|16.535136669577046|29|0.5701771265371395|1.4|BookValuePerShare09,9
640|16.535136669577046|27|0.6124124692435943|1.3|BookValuePerShare09,9
645|16.535136669577046|27|0.6124124692435943|1.3|BookValuePerShare09,9
650|16.535136669577046|27|0.6124124692435943|1.3|BookValuePerShare09,9
655|16.535136669577046|27|0.6124124692435943|1.3|BookValuePerShare09,9
660|16.535136669577046|27|0.6124124692435943|1.3|BookValuePerShare09,9
665|16.535136669577046|27|0.6124124692435943|1.3|BookValuePerShare09,9
670|16.535136669577046|27|0.6124124692435943|1.3|BookValuePerShare09,9
675|16.535136669577046|27|0.6124124692435943|1.3|BookValuePerShare09,9
680|16.535136669577046|27|0.6124124692435943|1.3|BookValuePerShare09,9
685|16.535136669577046|25|0.6614054667830819|1.3333333333333333|BookValuePerShare09,9
690|16.535136669577046|25|0.6614054667830819|1.3333333333333333|BookValuePerShare09,9
695|16.535136669577046|25|0.6614054667830819|1.3333333333333333|BookValuePerShare09,9
700|16.612942191960652|33|0.5034224906654743|1.6|BookValuePerShare09,9
705|16.612942191960652|33|0.5034224906654743|1.6|BookValuePerShare09,9
710|16.612942191960652|33|0.5034224906654743|1.6|BookValuePerShare09,9
715|16.612942191960652|33|0.5034224906654743|1.6|BookValuePerShare09,9
720|16.612942191960652|33|0.5034224906654743|1.6|BookValuePerShare09,9
725|16.612942191960652|33|0.5034224906654743|1.6|BookValuePerShare09,9
730|16.612942191960652|33|0.5034224906654743|1.6|BookValuePerShare09,9
735|16.612942191960652|33|0.5034224906654743|1.6|BookValuePerShare09,9
740|16.612942191960652|31|0.5359013610309887|1.5|BookValuePerShare09,9
745|16.612942191960652|31|0.5359013610309887|1.5|BookValuePerShare09,9
750|16.612942191960652|31|0.5359013610309887|1.5|BookValuePerShare09,9
755|16.612942191960652|31|0.5359013610309887|1.5|BookValuePerShare09,9
760|16.612942191960652|31|0.5359013610309887|1.5|BookValuePerShare09,9
765|16.700618744488523|43|0.38838648242996565|1.9090909090909092|BookValuePerShare09,9
770|16.700618744488523|43|0.38838648242996565|1.9090909090909092|BookValuePerShare09,9
775|16.700618744488523|43|0.38838648242996565|1.9090909090909092|BookValuePerShare09,9
780|16.700618744488523|41|0.4073321644997201|1.8181818181818181|BookValuePerShare09,9
785|16.700618744488523|41|0.4073321644997201|1.8181818181818181|BookValuePerShare09,9
790|16.926033666629507|79|0.2142535907168292|3.0|BookValuePerShare09,9
795|16.926033666629507|73|0.2318634748853357|2.769230769230769|BookValuePerShare09,9
800|16.926033666629507|51|0.3318830130711668|1.7857142857142858|BookValuePerShare09,9
805|16.926033666629507|47|0.3601283758857342|1.9166666666666667|BookValuePerShare09,9
810|16.926033666629507|45|0.37613408148065575|1.8333333333333333|BookValuePerShare09,9
815|16.950642660147544|51|0.3323655423558342|1.9230769230769231|BookValuePerShare09,9
820|16.950642660147544|51|0.3323655423558342|1.9230769230769231|BookValuePerShare09,9
825|16.950642660147544|49|0.34593148286015396|2.0|BookValuePerShare09,9
830|16.950642660147544|49|0.34593148286015396|2.0|BookValuePerShare09,9
835|16.950642660147544|49|0.34593148286015396|2.0|BookValuePerShare09,9
840|16.950642660147544|49|0.34593148286015396|2.0|BookValuePerShare09,9
845|16.950642660147544|47|0.36065197149250094|1.9166666666666667|BookValuePerShare09,9
850|17.034621875291805|75|0.2271282916705574|2.642857142857143|BookValuePerShare09,9
855|17.034621875291805|67|0.25424808769092244|2.357142857142857|BookValuePerShare09,9
860|17.034621875291805|67|0.25424808769092244|2.357142857142857|BookValuePerShare09,9
865|17.034621875291805|57|0.29885301535599657|1.8666666666666667|BookValuePerShare09,9
870|17.034621875291805|57|0.29885301535599657|1.8666666666666667|BookValuePerShare09,9
875|17.034621875291805|51|0.33401219363317264|1.7857142857142858|BookValuePerShare09,9
880|17.034621875291805|51|0.33401219363317264|1.7857142857142858|BookValuePerShare09,9
885|17.034621875291805|51|0.33401219363317264|1.7857142857142858|BookValuePerShare09,9
890|17.034621875291805|47|0.362438763304081|1.7692307692307692|BookValuePerShare09,9
895|17.09943944085246|63|0.2714196736643248|2.2142857142857144|BookValuePerShare09,9
900|17.09943944085246|51|0.3352831262912247|1.6666666666666667|BookValuePerShare09,9
905|17.09943944085246|51|0.3352831262912247|1.6666666666666667|BookValuePerShare09,9
910|17.09943944085246|41|0.41705949855737706|1.6666666666666667|BookValuePerShare09,9
915|17.09943944085246|41|0.41705949855737706|1.6666666666666667|BookValuePerShare09,9
920|17.09943944085246|41|0.41705949855737706|1.6666666666666667|BookValuePerShare09,9
925|17.09943944085246|41|0.41705949855737706|1.6666666666666667|BookValuePerShare09,9
930|17.09943944085246|41|0.41705949855737706|1.6666666666666667|BookValuePerShare09,9
935|17.09943944085246|41|0.41705949855737706|1.6666666666666667|BookValuePerShare09,9
940|17.09943944085246|41|0.41705949855737706|1.6666666666666667|BookValuePerShare09,9
945|17.09943944085246|41|0.41705949855737706|1.6666666666666667|BookValuePerShare09,9
950|17.09943944085246|41|0.41705949855737706|1.6666666666666667|BookValuePerShare09,9
955|17.09943944085246|41|0.41705949855737706|1.6666666666666667|BookValuePerShare09,9
960|17.09943944085246|41|0.41705949855737706|1.6666666666666667|BookValuePerShare09,9
965|17.09943944085246|39|0.4384471651500631|1.7272727272727273|BookValuePerShare09,9
970|17.09943944085246|39|0.4384471651500631|1.7272727272727273|BookValuePerShare09,9
975|17.09943944085246|37|0.46214701191493135|1.5|BookValuePerShare09,9
980|17.09943944085246|37|0.46214701191493135|1.5|BookValuePerShare09,9
985|17.09943944085246|35|0.4885554125957846|1.7|BookValuePerShare09,9
990|17.09943944085246|35|0.4885554125957846|1.7|BookValuePerShare09,9
995|17.09943944085246|35|0.4885554125957846|1.7|BookValuePerShare09,9
1000|17.09943944085246|35|0.4885554125957846|1.7|BookValuePerShare09,9
1005|17.09943944085246|35|0.4885554125957846|1.7|BookValuePerShare09,9
1010|17.09943944085246|35|0.4885554125957846|1.7|BookValuePerShare09,9
1015|17.09943944085246|35|0.4885554125957846|1.7|BookValuePerShare09,9
1020|17.09943944085246|35|0.4885554125957846|1.7|BookValuePerShare09,9
1025|17.09943944085246|35|0.4885554125957846|1.7|BookValuePerShare09,9
1030|17.09943944085246|35|0.4885554125957846|1.7|BookValuePerShare09,9
1035|17.09943944085246|35|0.4885554125957846|1.7|BookValuePerShare09,9
1040|17.09943944085246|35|0.4885554125957846|1.7|BookValuePerShare09,9
1045|17.09943944085246|33|0.5181648315409837|1.6|BookValuePerShare09,9
1050|17.09943944085246|33|0.5181648315409837|1.6|BookValuePerShare09,9
1055|17.09943944085246|33|0.5181648315409837|1.6|BookValuePerShare09,9
1060|17.09943944085246|33|0.5181648315409837|1.6|BookValuePerShare09,9
1065|17.09943944085246|33|0.5181648315409837|1.6|BookValuePerShare09,9
1070|17.09943944085246|33|0.5181648315409837|1.6|BookValuePerShare09,9
1075|17.09943944085246|33|0.5181648315409837|1.6|BookValuePerShare09,9
1080|17.09943944085246|33|0.5181648315409837|1.6|BookValuePerShare09,9
1085|17.09943944085246|33|0.5181648315409837|1.6|BookValuePerShare09,9
1090|17.09943944085246|33|0.5181648315409837|1.6|BookValuePerShare09,9
1095|17.09943944085246|33|0.5181648315409837|1.6|BookValuePerShare09,9
1100|17.09943944085246|33|0.5181648315409837|1.6|BookValuePerShare09,9
1105|17.09943944085246|33|0.5181648315409837|1.6|BookValuePerShare09,9
1110|17.09943944085246|33|0.5181648315409837|1.6|BookValuePerShare09,9
1115|17.09943944085246|33|0.5181648315409837|1.6|BookValuePerShare09,9
1120|17.09943944085246|33|0.5181648315409837|1.6|BookValuePerShare09,9
1125|17.09943944085246|33|0.5181648315409837|1.6|BookValuePerShare09,9
1130|17.09943944085246|33|0.5181648315409837|1.6|BookValuePerShare09,9
1135|17.09943944085246|33|0.5181648315409837|1.6|BookValuePerShare09,9
1140|17.09943944085246|33|0.5181648315409837|1.6|BookValuePerShare09,9
1145|17.09943944085246|33|0.5181648315409837|1.6|BookValuePerShare09,9
1150|17.09943944085246|33|0.5181648315409837|1.6|BookValuePerShare09,9
1155|17.09943944085246|33|0.5181648315409837|1.6|BookValuePerShare09,9
1160|17.09943944085246|33|0.5181648315409837|1.6|BookValuePerShare09,9
1165|17.09943944085246|33|0.5181648315409837|1.6|BookValuePerShare09,9
1170|17.09943944085246|33|0.5181648315409837|1.6|BookValuePerShare09,9
1175|17.09943944085246|33|0.5181648315409837|1.6|BookValuePerShare09,9
1180|17.09943944085246|33|0.5181648315409837|1.6|BookValuePerShare09,9
1185|17.09943944085246|33|0.5181648315409837|1.6|BookValuePerShare09,9
1190|17.09943944085246|33|0.5181648315409837|1.6|BookValuePerShare09,9
1195|17.09943944085246|33|0.5181648315409837|1.6|BookValuePerShare09,9
1200|17.09943944085246|31|0.55159482067266|1.5|BookValuePerShare09,9
1205|17.09943944085246|31|0.55159482067266|1.5|BookValuePerShare09,9
1210|17.09943944085246|31|0.55159482067266|1.5|BookValuePerShare09,9
1215|17.09943944085246|31|0.55159482067266|1.5|BookValuePerShare09,9
1220|17.09943944085246|31|0.55159482067266|1.5|BookValuePerShare09,9
1225|17.09943944085246|31|0.55159482067266|1.5|BookValuePerShare09,9
1230|17.09943944085246|31|0.55159482067266|1.5|BookValuePerShare09,9
1235|17.09943944085246|31|0.55159482067266|1.5|BookValuePerShare09,9
1240|17.09943944085246|31|0.55159482067266|1.5|BookValuePerShare09,9
1245|17.09943944085246|31|0.55159482067266|1.5|BookValuePerShare09,9
1250|17.09943944085246|31|0.55159482067266|1.5|BookValuePerShare09,9
1255|17.09943944085246|31|0.55159482067266|1.5|BookValuePerShare09,9
1260|17.09943944085246|31|0.55159482067266|1.5|BookValuePerShare09,9
1265|17.09943944085246|31|0.55159482067266|1.5|BookValuePerShare09,9
1270|17.09943944085246|29|0.5896358427880158|1.4|BookValuePerShare09,9
1275|17.09943944085246|29|0.5896358427880158|1.4|BookValuePerShare09,9
1280|17.09943944085246|29|0.5896358427880158|1.4|BookValuePerShare09,9
1285|17.09943944085246|29|0.5896358427880158|1.4|BookValuePerShare09,9
1290|17.09943944085246|29|0.5896358427880158|1.4|BookValuePerShare09,9
1295|17.09943944085246|29|0.5896358427880158|1.4|BookValuePerShare09,9
1300|17.09943944085246|29|0.5896358427880158|1.4|BookValuePerShare09,9
1305|17.09943944085246|29|0.5896358427880158|1.4|BookValuePerShare09,9
1310|17.09943944085246|29|0.5896358427880158|1.4|BookValuePerShare09,9
1315|17.09943944085246|29|0.5896358427880158|1.4|BookValuePerShare09,9
1320|17.09943944085246|29|0.5896358427880158|1.4|BookValuePerShare09,9
1325|17.09943944085246|29|0.5896358427880158|1.4|BookValuePerShare09,9
1330|17.09943944085246|29|0.5896358427880158|1.4|BookValuePerShare09,9
1335|17.09943944085246|29|0.5896358427880158|1.4|BookValuePerShare09,9
1340|17.09943944085246|29|0.5896358427880158|1.4|BookValuePerShare09,9
1345|17.09943944085246|29|0.5896358427880158|1.4|BookValuePerShare09,9
1350|17.09943944085246|29|0.5896358427880158|1.4|BookValuePerShare09,9
1355|17.09943944085246|29|0.5896358427880158|1.4|BookValuePerShare09,9
1360|17.09943944085246|29|0.5896358427880158|1.4|BookValuePerShare09,9
1365|17.09943944085246|29|0.5896358427880158|1.4|BookValuePerShare09,9
1370|17.09943944085246|29|0.5896358427880158|1.4|BookValuePerShare09,9
1375|17.09943944085246|29|0.5896358427880158|1.4|BookValuePerShare09,9
1380|17.09943944085246|29|0.5896358427880158|1.4|BookValuePerShare09,9
1385|17.09943944085246|29|0.5896358427880158|1.4|BookValuePerShare09,9
1390|17.09943944085246|29|0.5896358427880158|1.4|BookValuePerShare09,9
1395|17.09943944085246|29|0.5896358427880158|1.4|BookValuePerShare09,9
1400|17.09943944085246|29|0.5896358427880158|1.4|BookValuePerShare09,9
1405|17.09943944085246|29|0.5896358427880158|1.4|BookValuePerShare09,9
1410|17.09943944085246|29|0.5896358427880158|1.4|BookValuePerShare09,9
1415|17.09943944085246|29|0.5896358427880158|1.4|BookValuePerShare09,9
1420|17.09943944085246|29|0.5896358427880158|1.4|BookValuePerShare09,9
1425|17.09943944085246|29|0.5896358427880158|1.4|BookValuePerShare09,9
1430|17.09943944085246|29|0.5896358427880158|1.4|BookValuePerShare09,9
1435|17.09943944085246|29|0.5896358427880158|1.4|BookValuePerShare09,9
1440|17.09943944085246|29|0.5896358427880158|1.4|BookValuePerShare09,9
1445|17.09943944085246|29|0.5896358427880158|1.4|BookValuePerShare09,9
1450|17.09943944085246|29|0.5896358427880158|1.4|BookValuePerShare09,9
1455|17.09943944085246|29|0.5896358427880158|1.4|BookValuePerShare09,9
1460|17.09943944085246|29|0.5896358427880158|1.4|BookValuePerShare09,9
1465|17.09943944085246|29|0.5896358427880158|1.4|BookValuePerShare09,9
1470|17.09943944085246|29|0.5896358427880158|1.4|BookValuePerShare09,9
1475|17.09943944085246|29|0.5896358427880158|1.4|BookValuePerShare09,9
1480|17.09943944085246|29|0.5896358427880158|1.4|BookValuePerShare09,9
1485|17.09943944085246|29|0.5896358427880158|1.4|BookValuePerShare09,9
1490|17.09943944085246|29|0.5896358427880158|1.4|BookValuePerShare09,9
1495|17.09943944085246|29|0.5896358427880158|1.4|BookValuePerShare09,9
1500|17.09943944085246|29|0.5896358427880158|1.4|BookValuePerShare09,9
1505|17.09943944085246|29|0.5896358427880158|1.4|BookValuePerShare09,9
1510|17.09943944085246|29|0.5896358427880158|1.4|BookValuePerShare09,9
1515|17.09943944085246|29|0.5896358427880158|1.4|BookValuePerShare09,9
1520|17.09943944085246|29|0.5896358427880158|1.4|BookValuePerShare09,9
1525|17.09943944085246|29|0.5896358427880158|1.4|BookValuePerShare09,9
1530|17.09943944085246|29|0.5896358427880158|1.4|BookValuePerShare09,9
1535|17.09943944085246|29|0.5896358427880158|1.4|BookValuePerShare09,9
1540|17.09943944085246|29|0.5896358427880158|1.4|BookValuePerShare09,9
1545|17.09943944085246|29|0.5896358427880158|1.4|BookValuePerShare09,9
1550|17.09943944085246|29|0.5896358427880158|1.4|BookValuePerShare09,9
1555|17.09943944085246|29|0.5896358427880158|1.4|BookValuePerShare09,9
1560|17.09943944085246|29|0.5896358427880158|1.4|BookValuePerShare09,9
1565|17.09943944085246|29|0.5896358427880158|1.4|BookValuePerShare09,9
1570|17.09943944085246|29|0.5896358427880158|1.4|BookValuePerShare09,9
1575|17.09943944085246|29|0.5896358427880158|1.4|BookValuePerShare09,9
1580|17.09943944085246|29|0.5896358427880158|1.4|BookValuePerShare09,9
1585|17.09943944085246|29|0.5896358427880158|1.4|BookValuePerShare09,9
1590|17.09943944085246|29|0.5896358427880158|1.4|BookValuePerShare09,9
1595|17.09943944085246|29|0.5896358427880158|1.4|BookValuePerShare09,9
1600|17.09943944085246|29|0.5896358427880158|1.4|BookValuePerShare09,9
1605|17.09943944085246|29|0.5896358427880158|1.4|BookValuePerShare09,9
1610|17.09943944085246|29|0.5896358427880158|1.4|BookValuePerShare09,9
1615|17.09943944085246|29|0.5896358427880158|1.4|BookValuePerShare09,9
1620|17.09943944085246|29|0.5896358427880158|1.4|BookValuePerShare09,9
1625|17.09943944085246|29|0.5896358427880158|1.4|BookValuePerShare09,9
1630|17.09943944085246|29|0.5896358427880158|1.4|BookValuePerShare09,9
1635|17.09943944085246|29|0.5896358427880158|1.4|BookValuePerShare09,9
1640|17.09943944085246|29|0.5896358427880158|1.4|BookValuePerShare09,9
1645|17.09943944085246|29|0.5896358427880158|1.4|BookValuePerShare09,9
1650|17.09943944085246|29|0.5896358427880158|1.4|BookValuePerShare09,9
1655|17.09943944085246|29|0.5896358427880158|1.4|BookValuePerShare09,9
1660|17.09943944085246|29|0.5896358427880158|1.4|BookValuePerShare09,9
1665|17.09943944085246|29|0.5896358427880158|1.4|BookValuePerShare09,9
1670|17.09943944085246|29|0.5896358427880158|1.4|BookValuePerShare09,9
1675|17.09943944085246|29|0.5896358427880158|1.4|BookValuePerShare09,9
1680|17.09943944085246|29|0.5896358427880158|1.4|BookValuePerShare09,9
1685|17.09943944085246|29|0.5896358427880158|1.4|BookValuePerShare09,9
1690|17.09943944085246|29|0.5896358427880158|1.4|BookValuePerShare09,9
1695|17.09943944085246|29|0.5896358427880158|1.4|BookValuePerShare09,9
1700|17.09943944085246|29|0.5896358427880158|1.4|BookValuePerShare09,9
1705|17.09943944085246|29|0.5896358427880158|1.4|BookValuePerShare09,9
1710|17.09943944085246|29|0.5896358427880158|1.4|BookValuePerShare09,9
1715|17.09943944085246|29|0.5896358427880158|1.4|BookValuePerShare09,9
1720|17.09943944085246|29|0.5896358427880158|1.4|BookValuePerShare09,9
1725|17.09943944085246|29|0.5896358427880158|1.4|BookValuePerShare09,9
1730|17.09943944085246|29|0.5896358427880158|1.4|BookValuePerShare09,9
1735|17.09943944085246|29|0.5896358427880158|1.4|BookValuePerShare09,9
1740|17.09943944085246|29|0.5896358427880158|1.4|BookValuePerShare09,9
1745|17.09943944085246|29|0.5896358427880158|1.4|BookValuePerShare09,9
1750|17.09943944085246|29|0.5896358427880158|1.4|BookValuePerShare09,9
1755|17.09943944085246|29|0.5896358427880158|1.4|BookValuePerShare09,9
1760|17.09943944085246|29|0.5896358427880158|1.4|BookValuePerShare09,9
1765|17.09943944085246|29|0.5896358427880158|1.4|BookValuePerShare09,9
1770|17.09943944085246|29|0.5896358427880158|1.4|BookValuePerShare09,9
1775|17.09943944085246|29|0.5896358427880158|1.4|BookValuePerShare09,9
1780|17.09943944085246|29|0.5896358427880158|1.4|BookValuePerShare09,9
1785|17.09943944085246|29|0.5896358427880158|1.4|BookValuePerShare09,9
1790|17.09943944085246|29|0.5896358427880158|1.4|BookValuePerShare09,9
1795|17.09943944085246|29|0.5896358427880158|1.4|BookValuePerShare09,9
1800|17.09943944085246|29|0.5896358427880158|1.4|BookValuePerShare09,9
1805|17.09943944085246|29|0.5896358427880158|1.4|BookValuePerShare09,9
1810|17.09943944085246|29|0.5896358427880158|1.4|BookValuePerShare09,9
1815|17.09943944085246|29|0.5896358427880158|1.4|BookValuePerShare09,9
1820|17.09943944085246|29|0.5896358427880158|1.4|BookValuePerShare09,9
1825|17.09943944085246|29|0.5896358427880158|1.4|BookValuePerShare09,9
1830|17.09943944085246|29|0.5896358427880158|1.4|BookValuePerShare09,9
1835|17.09943944085246|29|0.5896358427880158|1.4|BookValuePerShare09,9
1840|17.09943944085246|29|0.5896358427880158|1.4|BookValuePerShare09,9
1845|17.09943944085246|29|0.5896358427880158|1.4|BookValuePerShare09,9
1850|17.09943944085246|29|0.5896358427880158|1.4|BookValuePerShare09,9
1855|17.09943944085246|29|0.5896358427880158|1.4|BookValuePerShare09,9
1860|17.09943944085246|29|0.5896358427880158|1.4|BookValuePerShare09,9
1865|17.09943944085246|29|0.5896358427880158|1.4|BookValuePerShare09,9
1870|17.09943944085246|29|0.5896358427880158|1.4|BookValuePerShare09,9
1875|17.09943944085246|29|0.5896358427880158|1.4|BookValuePerShare09,9
1880|17.09943944085246|29|0.5896358427880158|1.4|BookValuePerShare09,9
1885|17.09943944085246|29|0.5896358427880158|1.4|BookValuePerShare09,9
1890|17.09943944085246|29|0.5896358427880158|1.4|BookValuePerShare09,9
1895|17.09943944085246|29|0.5896358427880158|1.4|BookValuePerShare09,9
1900|17.09943944085246|29|0.5896358427880158|1.4|BookValuePerShare09,9
1905|17.09943944085246|29|0.5896358427880158|1.4|BookValuePerShare09,9
1910|17.09943944085246|29|0.5896358427880158|1.4|BookValuePerShare09,9
1915|17.09943944085246|29|0.5896358427880158|1.4|BookValuePerShare09,9
1920|17.09943944085246|29|0.5896358427880158|1.4|BookValuePerShare09,9
1925|17.09943944085246|29|0.5896358427880158|1.4|BookValuePerShare09,9
1930|17.09943944085246|29|0.5896358427880158|1.4|BookValuePerShare09,9
1935|17.09943944085246|29|0.5896358427880158|1.4|BookValuePerShare09,9
1940|17.09943944085246|29|0.5896358427880158|1.4|BookValuePerShare09,9
1945|17.09943944085246|29|0.5896358427880158|1.4|BookValuePerShare09,9
1950|17.09943944085246|29|0.5896358427880158|1.4|BookValuePerShare09,9
1955|17.09943944085246|29|0.5896358427880158|1.4|BookValuePerShare09,9
1960|17.09943944085246|29|0.5896358427880158|1.4|BookValuePerShare09,9
1965|17.09943944085246|29|0.5896358427880158|1.4|BookValuePerShare09,9
1970|17.09943944085246|29|0.5896358427880158|1.4|BookValuePerShare09,9
1975|17.09943944085246|29|0.5896358427880158|1.4|BookValuePerShare09,9
1980|17.09943944085246|29|0.5896358427880158|1.4|BookValuePerShare09,9
1985|17.09943944085246|29|0.5896358427880158|1.4|BookValuePerShare09,9
1990|17.09943944085246|29|0.5896358427880158|1.4|BookValuePerShare09,9
1995|17.09943944085246|29|0.5896358427880158|1.4|BookValuePerShare09,9
2000|17.09943944085246|29|0.5896358427880158|1.4|BookValuePerShare09,9
