#########################################################
# Algorithm Parameters #
# Generations = 2000
# Population size = 100
# Resolution = 5
#########################################################
# Financial Parameters #
# Quarter = 4
# Crossover probabilities = 0.75 -> 0.25
# Mutation start probabilities = 0.9,0.0,0.6,0.5,0.6,0.9
# Mutation end probabilities = 0.4,0.4,0.1,0.1,0.1,0.4
######################################################### 
0|7.198258740757378|7|1.028322677251054|1.0|SGAExpenses10,13
5|8.417334300301642|17|0.4951373117824495|1.0|OperatingMargin09,3
10|11.203121048029507|11|1.0184655498208643|1.25|TotalCurrentAssetsChange,32
15|11.506341492554098|23|0.5002757170675695|1.2222222222222223|EarningsPerShare09,6
20|12.644869929872128|33|0.38317787666279174|1.7777777777777777|EarningsPerShare09,6
25|12.644869929872128|23|0.5497769534727012|1.2222222222222223|EarningsPerShare09,6
30|13.183169441255734|35|0.3766619840358781|1.4166666666666667|TotalCurrentAssetsChange,32
35|13.531645708455734|45|0.300703237965683|1.4666666666666666|TotalCurrentAssets10,31
40|13.535132876170488|53|0.2553798655881224|2.1666666666666665|TotalCurrentAssetsChange,32
45|13.82697596216393|59|0.23435552478243948|1.380952380952381|EarningsPerShare09,6
50|14.0131539387836|65|0.21558698367359383|1.6842105263157894|EarningsPerShare09,6
55|14.0131539387836|65|0.21558698367359383|1.6842105263157894|EarningsPerShare09,6
60|14.362443298967206|67|0.21436482535771947|1.736842105263158|EarningsPerShare09,6
65|14.362443298967206|63|0.22797529045979692|1.631578947368421|EarningsPerShare09,6
70|14.362443298967206|51|0.28161653527386676|1.3157894736842106|EarningsPerShare09,6
75|14.665663743491798|123|0.11923303856497397|2.5416666666666665|EarningsPerShare09,6
80|14.665663743491798|77|0.19046316549989348|2.111111111111111|EarningsPerShare09,6
85|15.556981286560651|77|0.20203871800728118|1.6521739130434783|TotalCurrentAssetsChange,32
90|15.556981286560651|59|0.2636776489247568|1.5263157894736843|GrossMarginChange,2
95|15.63478680894426|87|0.17971019320625586|1.8695652173913044|TotalCurrentAssetsChange,32
100|15.63478680894426|57|0.2742945054200747|1.6470588235294117|BookValuePerShareChange,11
105|15.63478680894426|51|0.3065644472342012|1.3888888888888888|TotalCurrentAssetsChange,32
110|15.63478680894426|41|0.38133626363278683|1.3333333333333333|TotalCurrentAssetsChange,32
115|15.63478680894426|41|0.38133626363278683|1.3333333333333333|TotalCurrentAssetsChange,32
120|15.63478680894426|41|0.38133626363278683|1.3333333333333333|TotalCurrentAssetsChange,32
125|15.63478680894426|41|0.38133626363278683|1.3333333333333333|TotalCurrentAssetsChange,32
130|15.63478680894426|41|0.38133626363278683|1.3333333333333333|TotalCurrentAssetsChange,32
135|15.63478680894426|37|0.42256180564714213|1.2857142857142858|TotalCurrentAssetsChange,32
140|15.63478680894426|37|0.42256180564714213|1.2857142857142858|TotalCurrentAssetsChange,32
145|15.652651250639343|39|0.40135003206767544|1.3571428571428572|TotalCurrentAssetsChange,32
150|15.652651250639343|39|0.40135003206767544|1.3571428571428572|TotalCurrentAssetsChange,32
155|15.947981504347538|65|0.24535356160534674|2.1333333333333333|BookValuePerShareChange,11
160|15.947981504347538|39|0.4089226026755779|1.5833333333333333|TotalCurrentAssetsChange,32
165|15.947981504347538|39|0.4089226026755779|1.5833333333333333|TotalCurrentAssetsChange,32
170|15.947981504347538|39|0.4089226026755779|1.5833333333333333|TotalCurrentAssetsChange,32
175|15.947981504347538|39|0.4089226026755779|1.5833333333333333|TotalCurrentAssetsChange,32
180|15.947981504347538|39|0.4089226026755779|1.5833333333333333|TotalCurrentAssetsChange,32
185|15.947981504347538|35|0.45565661440992966|1.5454545454545454|BookValuePerShare10,10
190|15.947981504347538|35|0.45565661440992966|1.5454545454545454|BookValuePerShare10,10
195|15.947981504347538|35|0.45565661440992966|1.5454545454545454|BookValuePerShare10,10
200|16.136608982226225|45|0.3585913107161383|1.6923076923076923|BookValuePerShare10,10
205|16.136608982226225|45|0.3585913107161383|1.6923076923076923|BookValuePerShare10,10
210|16.136608982226225|45|0.3585913107161383|1.6923076923076923|BookValuePerShare10,10
215|16.136608982226225|45|0.3585913107161383|1.6923076923076923|BookValuePerShare10,10
220|16.136608982226225|45|0.3585913107161383|1.6923076923076923|BookValuePerShare10,10
225|16.136608982226225|45|0.3585913107161383|1.6923076923076923|BookValuePerShare10,10
230|16.136608982226225|45|0.3585913107161383|1.6923076923076923|BookValuePerShare10,10
235|16.136608982226225|43|0.3752699763308424|1.9090909090909092|BookValuePerShare10,10
240|16.136608982226225|39|0.4137592046724673|1.5833333333333333|BookValuePerShareChange,11
245|16.136608982226225|39|0.4137592046724673|1.5833333333333333|BookValuePerShareChange,11
250|16.136608982226225|39|0.4137592046724673|1.5833333333333333|BookValuePerShareChange,11
255|16.136608982226225|39|0.4137592046724673|1.5833333333333333|BookValuePerShareChange,11
260|16.136608982226225|39|0.4137592046724673|1.5833333333333333|BookValuePerShareChange,11
265|16.136608982226225|39|0.4137592046724673|1.5833333333333333|BookValuePerShareChange,11
270|16.136608982226225|39|0.4137592046724673|1.5833333333333333|BookValuePerShareChange,11
275|16.136608982226225|39|0.4137592046724673|1.5833333333333333|BookValuePerShareChange,11
280|16.136608982226225|39|0.4137592046724673|1.5833333333333333|BookValuePerShareChange,11
285|16.136608982226225|39|0.4137592046724673|1.5833333333333333|BookValuePerShareChange,11
290|16.136608982226225|39|0.4137592046724673|1.5833333333333333|BookValuePerShareChange,11
295|16.136608982226225|39|0.4137592046724673|1.5833333333333333|BookValuePerShareChange,11
300|16.136608982226225|39|0.4137592046724673|1.5833333333333333|BookValuePerShareChange,11
305|16.136608982226225|37|0.43612456708719527|1.6363636363636365|BookValuePerShareChange,11
310|16.136608982226225|37|0.43612456708719527|1.6363636363636365|BookValuePerShareChange,11
315|16.136608982226225|37|0.43612456708719527|1.6363636363636365|BookValuePerShareChange,11
320|16.136608982226225|37|0.43612456708719527|1.6363636363636365|BookValuePerShareChange,11
325|16.136608982226225|37|0.43612456708719527|1.6363636363636365|BookValuePerShareChange,11
330|16.136608982226225|37|0.43612456708719527|1.6363636363636365|BookValuePerShareChange,11
335|16.136608982226225|37|0.43612456708719527|1.6363636363636365|BookValuePerShareChange,11
340|16.136608982226225|37|0.43612456708719527|1.6363636363636365|BookValuePerShareChange,11
345|16.136608982226225|37|0.43612456708719527|1.6363636363636365|BookValuePerShareChange,11
350|16.136608982226225|37|0.43612456708719527|1.6363636363636365|BookValuePerShareChange,11
355|16.136608982226225|37|0.43612456708719527|1.6363636363636365|BookValuePerShareChange,11
360|16.136608982226225|37|0.43612456708719527|1.6363636363636365|BookValuePerShareChange,11
365|16.136608982226225|37|0.43612456708719527|1.6363636363636365|BookValuePerShareChange,11
370|16.136608982226225|37|0.43612456708719527|1.6363636363636365|BookValuePerShareChange,11
375|16.136608982226225|37|0.43612456708719527|1.6363636363636365|BookValuePerShareChange,11
380|16.136608982226225|37|0.43612456708719527|1.6363636363636365|BookValuePerShareChange,11
385|16.136608982226225|37|0.43612456708719527|1.6363636363636365|BookValuePerShareChange,11
390|16.136608982226225|35|0.4610459709207493|1.5454545454545454|BookValuePerShareChange,11
395|16.136608982226225|35|0.4610459709207493|1.5454545454545454|BookValuePerShareChange,11
400|16.136608982226225|35|0.4610459709207493|1.5454545454545454|BookValuePerShareChange,11
405|16.136608982226225|35|0.4610459709207493|1.5454545454545454|BookValuePerShareChange,11
410|16.136608982226225|35|0.4610459709207493|1.5454545454545454|BookValuePerShareChange,11
415|16.136608982226225|35|0.4610459709207493|1.5454545454545454|BookValuePerShareChange,11
420|16.136608982226225|35|0.4610459709207493|1.5454545454545454|BookValuePerShareChange,11
425|16.136608982226225|35|0.4610459709207493|1.5454545454545454|BookValuePerShareChange,11
430|16.136608982226225|35|0.4610459709207493|1.5454545454545454|BookValuePerShareChange,11
435|16.136608982226225|35|0.4610459709207493|1.5454545454545454|BookValuePerShareChange,11
440|16.136608982226225|35|0.4610459709207493|1.5454545454545454|BookValuePerShareChange,11
445|16.136608982226225|35|0.4610459709207493|1.5454545454545454|BookValuePerShareChange,11
450|16.136608982226225|35|0.4610459709207493|1.5454545454545454|BookValuePerShareChange,11
455|16.136608982226225|35|0.4610459709207493|1.5454545454545454|BookValuePerShareChange,11
460|16.136608982226225|35|0.4610459709207493|1.5454545454545454|BookValuePerShareChange,11
465|16.136608982226225|35|0.4610459709207493|1.5454545454545454|BookValuePerShareChange,11
470|16.136608982226225|35|0.4610459709207493|1.5454545454545454|BookValuePerShareChange,11
475|16.136608982226225|35|0.4610459709207493|1.5454545454545454|BookValuePerShareChange,11
480|16.136608982226225|35|0.4610459709207493|1.5454545454545454|BookValuePerShareChange,11
485|16.136608982226225|35|0.4610459709207493|1.5454545454545454|BookValuePerShareChange,11
490|16.136608982226225|35|0.4610459709207493|1.5454545454545454|BookValuePerShareChange,11
495|16.136608982226225|35|0.4610459709207493|1.5454545454545454|BookValuePerShareChange,11
500|16.136608982226225|35|0.4610459709207493|1.5454545454545454|BookValuePerShareChange,11
505|16.136608982226225|35|0.4610459709207493|1.5454545454545454|BookValuePerShareChange,11
510|16.136608982226225|35|0.4610459709207493|1.5454545454545454|BookValuePerShareChange,11
515|16.136608982226225|35|0.4610459709207493|1.5454545454545454|BookValuePerShareChange,11
520|16.136608982226225|35|0.4610459709207493|1.5454545454545454|BookValuePerShareChange,11
525|16.136608982226225|35|0.4610459709207493|1.5454545454545454|BookValuePerShareChange,11
530|16.136608982226225|35|0.4610459709207493|1.5454545454545454|BookValuePerShareChange,11
535|16.136608982226225|35|0.4610459709207493|1.5454545454545454|BookValuePerShareChange,11
540|16.136608982226225|35|0.4610459709207493|1.5454545454545454|BookValuePerShareChange,11
545|16.136608982226225|35|0.4610459709207493|1.5454545454545454|BookValuePerShareChange,11
550|16.136608982226225|33|0.48898815097655224|1.4545454545454546|BookValuePerShare10,10
555|16.136608982226225|33|0.48898815097655224|1.4545454545454546|BookValuePerShare10,10
560|16.136608982226225|33|0.48898815097655224|1.4545454545454546|BookValuePerShare10,10
565|16.136608982226225|31|0.5205357736202008|1.3636363636363635|BookValuePerShareChange,11
570|16.136608982226225|31|0.5205357736202008|1.3636363636363635|BookValuePerShareChange,11
575|16.136608982226225|31|0.5205357736202008|1.3636363636363635|BookValuePerShareChange,11
580|16.136608982226225|31|0.5205357736202008|1.3636363636363635|BookValuePerShareChange,11
585|16.136608982226225|31|0.5205357736202008|1.3636363636363635|BookValuePerShareChange,11
590|16.136608982226225|31|0.5205357736202008|1.3636363636363635|BookValuePerShareChange,11
595|16.136608982226225|31|0.5205357736202008|1.3636363636363635|BookValuePerShareChange,11
600|16.136608982226225|31|0.5205357736202008|1.3636363636363635|BookValuePerShareChange,11
605|16.136608982226225|31|0.5205357736202008|1.3636363636363635|BookValuePerShareChange,11
610|16.136608982226225|31|0.5205357736202008|1.3636363636363635|BookValuePerShareChange,11
615|16.136608982226225|31|0.5205357736202008|1.3636363636363635|BookValuePerShareChange,11
620|16.136608982226225|31|0.5205357736202008|1.3636363636363635|BookValuePerShareChange,11
625|16.136608982226225|31|0.5205357736202008|1.3636363636363635|BookValuePerShareChange,11
630|16.136608982226225|31|0.5205357736202008|1.3636363636363635|BookValuePerShareChange,11
635|16.136608982226225|31|0.5205357736202008|1.3636363636363635|BookValuePerShareChange,11
640|16.136608982226225|31|0.5205357736202008|1.3636363636363635|BookValuePerShareChange,11
645|16.136608982226225|31|0.5205357736202008|1.3636363636363635|BookValuePerShareChange,11
650|16.136608982226225|31|0.5205357736202008|1.3636363636363635|BookValuePerShareChange,11
655|16.136608982226225|29|0.5564347924905595|1.2727272727272727|BookValuePerShareChange,11
660|16.136608982226225|29|0.5564347924905595|1.2727272727272727|BookValuePerShareChange,11
665|16.136608982226225|29|0.5564347924905595|1.2727272727272727|BookValuePerShareChange,11
670|16.136608982226225|29|0.5564347924905595|1.2727272727272727|BookValuePerShareChange,11
675|16.136608982226225|29|0.5564347924905595|1.2727272727272727|BookValuePerShareChange,11
680|16.136608982226225|29|0.5564347924905595|1.2727272727272727|BookValuePerShareChange,11
685|16.136608982226225|29|0.5564347924905595|1.2727272727272727|BookValuePerShareChange,11
690|16.136608982226225|29|0.5564347924905595|1.2727272727272727|BookValuePerShareChange,11
695|16.136608982226225|29|0.5564347924905595|1.2727272727272727|BookValuePerShareChange,11
700|16.136608982226225|29|0.5564347924905595|1.2727272727272727|BookValuePerShareChange,11
705|16.136608982226225|29|0.5564347924905595|1.2727272727272727|BookValuePerShareChange,11
710|16.136608982226225|29|0.5564347924905595|1.2727272727272727|BookValuePerShareChange,11
715|16.136608982226225|29|0.5564347924905595|1.2727272727272727|BookValuePerShareChange,11
720|16.136608982226225|29|0.5564347924905595|1.2727272727272727|BookValuePerShareChange,11
725|16.136608982226225|29|0.5564347924905595|1.2727272727272727|BookValuePerShareChange,11
730|16.136608982226225|27|0.5976521845268972|1.3|BookValuePerShareChange,11
735|16.136608982226225|27|0.5976521845268972|1.3|BookValuePerShareChange,11
740|16.136608982226225|27|0.5976521845268972|1.3|BookValuePerShareChange,11
745|16.136608982226225|27|0.5976521845268972|1.3|BookValuePerShareChange,11
750|16.136608982226225|27|0.5976521845268972|1.3|BookValuePerShareChange,11
755|16.136608982226225|27|0.5976521845268972|1.3|BookValuePerShareChange,11
760|16.136608982226225|27|0.5976521845268972|1.3|BookValuePerShareChange,11
765|16.136608982226225|27|0.5976521845268972|1.3|BookValuePerShareChange,11
770|16.136608982226225|27|0.5976521845268972|1.3|BookValuePerShareChange,11
775|16.136608982226225|27|0.5976521845268972|1.3|BookValuePerShareChange,11
780|16.136608982226225|27|0.5976521845268972|1.3|BookValuePerShareChange,11
785|16.136608982226225|27|0.5976521845268972|1.3|BookValuePerShareChange,11
790|16.136608982226225|27|0.5976521845268972|1.3|BookValuePerShareChange,11
795|16.282940140911467|45|0.36184311424247706|1.8333333333333333|TotalCurrentAssetsChange,32
800|16.282940140911467|45|0.36184311424247706|1.8333333333333333|TotalCurrentAssetsChange,32
805|16.282940140911467|45|0.36184311424247706|1.8333333333333333|TotalCurrentAssetsChange,32
810|16.282940140911467|33|0.4934224285124687|1.3333333333333333|CurrentRatio10,37
815|16.282940140911467|33|0.4934224285124687|1.3333333333333333|CurrentRatio10,37
820|16.282940140911467|33|0.4934224285124687|1.3333333333333333|CurrentRatio10,37
825|16.282940140911467|33|0.4934224285124687|1.3333333333333333|CurrentRatio10,37
830|16.282940140911467|33|0.4934224285124687|1.3333333333333333|CurrentRatio10,37
835|16.282940140911467|33|0.4934224285124687|1.3333333333333333|CurrentRatio10,37
840|16.282940140911467|31|0.5252561335777892|1.25|TotalCurrentAssetsChange,32
845|16.282940140911467|31|0.5252561335777892|1.25|TotalCurrentAssetsChange,32
850|16.282940140911467|31|0.5252561335777892|1.25|TotalCurrentAssetsChange,32
855|16.282940140911467|31|0.5252561335777892|1.25|TotalCurrentAssetsChange,32
860|16.282940140911467|31|0.5252561335777892|1.25|TotalCurrentAssetsChange,32
865|16.282940140911467|31|0.5252561335777892|1.25|TotalCurrentAssetsChange,32
870|16.282940140911467|31|0.5252561335777892|1.25|TotalCurrentAssetsChange,32
875|16.282940140911467|31|0.5252561335777892|1.25|TotalCurrentAssetsChange,32
880|16.282940140911467|31|0.5252561335777892|1.25|TotalCurrentAssetsChange,32
885|16.282940140911467|31|0.5252561335777892|1.25|TotalCurrentAssetsChange,32
890|16.282940140911467|31|0.5252561335777892|1.25|TotalCurrentAssetsChange,32
895|16.282940140911467|31|0.5252561335777892|1.25|TotalCurrentAssetsChange,32
900|16.282940140911467|31|0.5252561335777892|1.25|TotalCurrentAssetsChange,32
905|16.282940140911467|31|0.5252561335777892|1.25|TotalCurrentAssetsChange,32
910|16.282940140911467|31|0.5252561335777892|1.25|TotalCurrentAssetsChange,32
915|16.282940140911467|31|0.5252561335777892|1.25|TotalCurrentAssetsChange,32
920|16.282940140911467|31|0.5252561335777892|1.25|TotalCurrentAssetsChange,32
925|16.282940140911467|31|0.5252561335777892|1.25|TotalCurrentAssetsChange,32
930|16.282940140911467|31|0.5252561335777892|1.25|TotalCurrentAssetsChange,32
935|16.282940140911467|31|0.5252561335777892|1.25|TotalCurrentAssetsChange,32
940|16.282940140911467|31|0.5252561335777892|1.25|TotalCurrentAssetsChange,32
945|16.282940140911467|29|0.5614806945141886|1.1666666666666667|TotalCurrentAssetsChange,32
950|16.282940140911467|29|0.5614806945141886|1.1666666666666667|TotalCurrentAssetsChange,32
955|16.282940140911467|29|0.5614806945141886|1.1666666666666667|TotalCurrentAssetsChange,32
960|16.282940140911467|29|0.5614806945141886|1.1666666666666667|TotalCurrentAssetsChange,32
965|16.282940140911467|29|0.5614806945141886|1.1666666666666667|TotalCurrentAssetsChange,32
970|16.282940140911467|29|0.5614806945141886|1.1666666666666667|TotalCurrentAssetsChange,32
975|16.282940140911467|29|0.5614806945141886|1.1666666666666667|TotalCurrentAssetsChange,32
980|16.282940140911467|29|0.5614806945141886|1.1666666666666667|TotalCurrentAssetsChange,32
985|16.282940140911467|29|0.5614806945141886|1.1666666666666667|TotalCurrentAssetsChange,32
990|16.282940140911467|29|0.5614806945141886|1.1666666666666667|TotalCurrentAssetsChange,32
995|16.282940140911467|29|0.5614806945141886|1.1666666666666667|TotalCurrentAssetsChange,32
1000|16.282940140911467|29|0.5614806945141886|1.1666666666666667|TotalCurrentAssetsChange,32
1005|16.282940140911467|29|0.5614806945141886|1.1666666666666667|TotalCurrentAssetsChange,32
1010|16.282940140911467|29|0.5614806945141886|1.1666666666666667|TotalCurrentAssetsChange,32
1015|16.282940140911467|29|0.5614806945141886|1.1666666666666667|TotalCurrentAssetsChange,32
1020|16.282940140911467|29|0.5614806945141886|1.1666666666666667|TotalCurrentAssetsChange,32
1025|16.282940140911467|29|0.5614806945141886|1.1666666666666667|TotalCurrentAssetsChange,32
1030|16.282940140911467|27|0.6030718570707951|1.1818181818181819|TotalCurrentAssetsChange,32
1035|16.282940140911467|27|0.6030718570707951|1.1818181818181819|TotalCurrentAssetsChange,32
1040|16.282940140911467|27|0.6030718570707951|1.1818181818181819|TotalCurrentAssetsChange,32
1045|16.282940140911467|27|0.6030718570707951|1.1818181818181819|TotalCurrentAssetsChange,32
1050|16.282940140911467|27|0.6030718570707951|1.1818181818181819|TotalCurrentAssetsChange,32
1055|16.282940140911467|27|0.6030718570707951|1.1818181818181819|TotalCurrentAssetsChange,32
1060|16.282940140911467|27|0.6030718570707951|1.1818181818181819|TotalCurrentAssetsChange,32
1065|16.282940140911467|27|0.6030718570707951|1.1818181818181819|TotalCurrentAssetsChange,32
1070|16.282940140911467|25|0.6513176056364587|1.2|TotalCurrentAssetsChange,32
1075|16.282940140911467|25|0.6513176056364587|1.2|TotalCurrentAssetsChange,32
1080|16.282940140911467|25|0.6513176056364587|1.2|TotalCurrentAssetsChange,32
1085|16.282940140911467|25|0.6513176056364587|1.2|TotalCurrentAssetsChange,32
1090|16.282940140911467|25|0.6513176056364587|1.2|TotalCurrentAssetsChange,32
1095|16.282940140911467|25|0.6513176056364587|1.2|TotalCurrentAssetsChange,32
1100|16.282940140911467|25|0.6513176056364587|1.2|TotalCurrentAssetsChange,32
1105|16.282940140911467|25|0.6513176056364587|1.2|TotalCurrentAssetsChange,32
1110|16.282940140911467|25|0.6513176056364587|1.2|TotalCurrentAssetsChange,32
1115|16.282940140911467|25|0.6513176056364587|1.2|TotalCurrentAssetsChange,32
1120|16.462434642436058|33|0.4988616558313957|1.6|TotalCurrentAssetsChange,32
1125|16.462434642436058|33|0.4988616558313957|1.6|TotalCurrentAssetsChange,32
1130|16.462434642436058|33|0.4988616558313957|1.6|TotalCurrentAssetsChange,32
1135|16.462434642436058|33|0.4988616558313957|1.6|TotalCurrentAssetsChange,32
1140|16.462434642436058|33|0.4988616558313957|1.6|TotalCurrentAssetsChange,32
1145|16.462434642436058|33|0.4988616558313957|1.6|TotalCurrentAssetsChange,32
1150|16.462434642436058|33|0.4988616558313957|1.6|TotalCurrentAssetsChange,32
1155|16.462434642436058|33|0.4988616558313957|1.6|TotalCurrentAssetsChange,32
1160|16.462434642436058|33|0.4988616558313957|1.6|TotalCurrentAssetsChange,32
1165|16.462434642436058|33|0.4988616558313957|1.6|TotalCurrentAssetsChange,32
1170|16.462434642436058|31|0.5310462787882599|1.5|TotalCurrentAssetsChange,32
1175|16.462434642436058|29|0.567670160084002|1.4|SGAExpensesChange,14
1180|16.462434642436058|29|0.567670160084002|1.4|SGAExpensesChange,14
1185|16.462434642436058|29|0.567670160084002|1.4|SGAExpensesChange,14
1190|16.462434642436058|29|0.567670160084002|1.4|SGAExpensesChange,14
1195|16.462434642436058|29|0.567670160084002|1.4|SGAExpensesChange,14
1200|16.462434642436058|29|0.567670160084002|1.4|SGAExpensesChange,14
1205|16.462434642436058|29|0.567670160084002|1.4|SGAExpensesChange,14
1210|16.462434642436058|29|0.567670160084002|1.4|SGAExpensesChange,14
1215|16.462434642436058|29|0.567670160084002|1.4|SGAExpensesChange,14
1220|16.462434642436058|29|0.567670160084002|1.4|SGAExpensesChange,14
1225|16.462434642436058|29|0.567670160084002|1.4|SGAExpensesChange,14
1230|16.462434642436058|29|0.567670160084002|1.4|SGAExpensesChange,14
1235|16.462434642436058|29|0.567670160084002|1.4|SGAExpensesChange,14
1240|16.462434642436058|29|0.567670160084002|1.4|SGAExpensesChange,14
1245|16.462434642436058|29|0.567670160084002|1.4|SGAExpensesChange,14
1250|16.462434642436058|29|0.567670160084002|1.4|SGAExpensesChange,14
1255|16.462434642436058|29|0.567670160084002|1.4|SGAExpensesChange,14
1260|16.462434642436058|29|0.567670160084002|1.4|SGAExpensesChange,14
1265|16.462434642436058|29|0.567670160084002|1.4|SGAExpensesChange,14
1270|16.462434642436058|29|0.567670160084002|1.4|SGAExpensesChange,14
1275|16.462434642436058|29|0.567670160084002|1.4|SGAExpensesChange,14
1280|16.462434642436058|27|0.6097198015717059|1.3|ResearchDevelopment10,16
1285|16.462434642436058|27|0.6097198015717059|1.3|ResearchDevelopment10,16
1290|16.462434642436058|27|0.6097198015717059|1.3|ResearchDevelopment10,16
1295|16.462434642436058|27|0.6097198015717059|1.3|ResearchDevelopment10,16
1300|16.462434642436058|27|0.6097198015717059|1.3|ResearchDevelopment10,16
1305|16.462434642436058|27|0.6097198015717059|1.3|ResearchDevelopment10,16
1310|16.462434642436058|27|0.6097198015717059|1.3|ResearchDevelopment10,16
1315|16.462434642436058|27|0.6097198015717059|1.3|ResearchDevelopment10,16
1320|16.462434642436058|27|0.6097198015717059|1.3|ResearchDevelopment10,16
1325|16.462434642436058|27|0.6097198015717059|1.3|ResearchDevelopment10,16
1330|16.462434642436058|27|0.6097198015717059|1.3|ResearchDevelopment10,16
1335|16.462434642436058|27|0.6097198015717059|1.3|ResearchDevelopment10,16
1340|16.462434642436058|27|0.6097198015717059|1.3|ResearchDevelopment10,16
1345|16.462434642436058|27|0.6097198015717059|1.3|ResearchDevelopment10,16
1350|16.462434642436058|27|0.6097198015717059|1.3|ResearchDevelopment10,16
1355|16.462434642436058|27|0.6097198015717059|1.3|ResearchDevelopment10,16
1360|16.462434642436058|27|0.6097198015717059|1.3|ResearchDevelopment10,16
1365|16.462434642436058|27|0.6097198015717059|1.3|ResearchDevelopment10,16
1370|16.462434642436058|27|0.6097198015717059|1.3|ResearchDevelopment10,16
1375|16.462434642436058|27|0.6097198015717059|1.3|ResearchDevelopment10,16
1380|16.462434642436058|27|0.6097198015717059|1.3|ResearchDevelopment10,16
1385|16.462434642436058|27|0.6097198015717059|1.3|ResearchDevelopment10,16
1390|16.462434642436058|27|0.6097198015717059|1.3|ResearchDevelopment10,16
1395|16.462434642436058|27|0.6097198015717059|1.3|ResearchDevelopment10,16
1400|16.462434642436058|27|0.6097198015717059|1.3|ResearchDevelopment10,16
1405|16.462434642436058|27|0.6097198015717059|1.3|ResearchDevelopment10,16
1410|16.462434642436058|27|0.6097198015717059|1.3|ResearchDevelopment10,16
1415|16.462434642436058|27|0.6097198015717059|1.3|ResearchDevelopment10,16
1420|16.462434642436058|27|0.6097198015717059|1.3|ResearchDevelopment10,16
1425|16.462434642436058|27|0.6097198015717059|1.3|ResearchDevelopment10,16
1430|16.462434642436058|27|0.6097198015717059|1.3|ResearchDevelopment10,16
1435|16.462434642436058|27|0.6097198015717059|1.3|ResearchDevelopment10,16
1440|16.462434642436058|27|0.6097198015717059|1.3|ResearchDevelopment10,16
1445|16.462434642436058|27|0.6097198015717059|1.3|ResearchDevelopment10,16
1450|16.462434642436058|27|0.6097198015717059|1.3|ResearchDevelopment10,16
1455|16.462434642436058|27|0.6097198015717059|1.3|ResearchDevelopment10,16
1460|16.462434642436058|27|0.6097198015717059|1.3|ResearchDevelopment10,16
1465|16.462434642436058|27|0.6097198015717059|1.3|ResearchDevelopment10,16
1470|16.462434642436058|27|0.6097198015717059|1.3|ResearchDevelopment10,16
1475|16.462434642436058|27|0.6097198015717059|1.3|ResearchDevelopment10,16
1480|16.462434642436058|27|0.6097198015717059|1.3|ResearchDevelopment10,16
1485|16.462434642436058|27|0.6097198015717059|1.3|ResearchDevelopment10,16
1490|16.462434642436058|27|0.6097198015717059|1.3|ResearchDevelopment10,16
1495|16.540240164819668|47|0.35192000350680147|2.090909090909091|ResearchDevelopment10,16
1500|16.540240164819668|47|0.35192000350680147|2.090909090909091|ResearchDevelopment10,16
1505|16.540240164819668|47|0.35192000350680147|2.090909090909091|ResearchDevelopment10,16
1510|16.540240164819668|47|0.35192000350680147|2.090909090909091|ResearchDevelopment10,16
1515|16.540240164819668|47|0.35192000350680147|2.090909090909091|ResearchDevelopment10,16
1520|16.540240164819668|45|0.36756089255154817|2.2|ResearchDevelopment10,16
1525|16.540240164819668|43|0.384656748019062|2.1|BookValuePerShareChange,11
1530|16.540240164819668|43|0.384656748019062|2.1|BookValuePerShareChange,11
1535|16.540240164819668|43|0.384656748019062|2.1|BookValuePerShareChange,11
1540|16.540240164819668|43|0.384656748019062|2.1|BookValuePerShareChange,11
1545|16.540240164819668|43|0.384656748019062|2.1|BookValuePerShareChange,11
1550|16.540240164819668|35|0.4725782904234191|1.4166666666666667|ResearchDevelopment10,16
1555|16.540240164819668|35|0.4725782904234191|1.4166666666666667|ResearchDevelopment10,16
1560|16.540240164819668|35|0.4725782904234191|1.4166666666666667|ResearchDevelopment10,16
1565|16.540240164819668|35|0.4725782904234191|1.4166666666666667|ResearchDevelopment10,16
1570|16.540240164819668|35|0.4725782904234191|1.4166666666666667|ResearchDevelopment10,16
1575|16.540240164819668|33|0.5012193989339293|1.6|SGAExpenses10,13
1580|16.540240164819668|33|0.5012193989339293|1.6|SGAExpenses10,13
1585|16.540240164819668|33|0.5012193989339293|1.6|SGAExpenses10,13
1590|16.540240164819668|33|0.5012193989339293|1.6|SGAExpenses10,13
1595|16.540240164819668|33|0.5012193989339293|1.6|SGAExpenses10,13
1600|16.583795053495077|33|0.5025392440453054|1.4545454545454546|SGAExpenses10,13
1605|16.583795053495077|33|0.5025392440453054|1.4545454545454546|SGAExpenses10,13
1610|16.661600575878683|41|0.40638050185069957|1.6666666666666667|ReturnOnEquityChange,23
1615|16.661600575878683|41|0.40638050185069957|1.6666666666666667|ReturnOnEquityChange,23
1620|16.661600575878683|41|0.40638050185069957|1.6666666666666667|ReturnOnEquityChange,23
1625|16.661600575878683|41|0.40638050185069957|1.6666666666666667|ReturnOnEquityChange,23
1630|16.661600575878683|41|0.40638050185069957|1.6666666666666667|ReturnOnEquityChange,23
1635|16.661600575878683|39|0.4272205275866329|1.7272727272727273|ReturnOnEquityChange,23
1640|16.661600575878683|39|0.4272205275866329|1.7272727272727273|ReturnOnEquityChange,23
1645|16.661600575878683|39|0.4272205275866329|1.7272727272727273|ReturnOnEquityChange,23
1650|16.661600575878683|39|0.4272205275866329|1.7272727272727273|ReturnOnEquityChange,23
1655|16.661600575878683|39|0.4272205275866329|1.7272727272727273|ReturnOnEquityChange,23
1660|16.661600575878683|39|0.4272205275866329|1.7272727272727273|ReturnOnEquityChange,23
1665|16.661600575878683|39|0.4272205275866329|1.7272727272727273|ReturnOnEquityChange,23
1670|16.661600575878683|39|0.4272205275866329|1.7272727272727273|ReturnOnEquityChange,23
1675|16.661600575878683|39|0.4272205275866329|1.7272727272727273|ReturnOnEquityChange,23
1680|16.661600575878683|39|0.4272205275866329|1.7272727272727273|ReturnOnEquityChange,23
1685|16.661600575878683|39|0.4272205275866329|1.7272727272727273|ReturnOnEquityChange,23
1690|16.661600575878683|39|0.4272205275866329|1.7272727272727273|ReturnOnEquityChange,23
1695|16.661600575878683|39|0.4272205275866329|1.7272727272727273|ReturnOnEquityChange,23
1700|16.661600575878683|39|0.4272205275866329|1.7272727272727273|ReturnOnEquityChange,23
1705|16.661600575878683|39|0.4272205275866329|1.7272727272727273|ReturnOnEquityChange,23
1710|16.661600575878683|37|0.45031352907780225|1.8|ReturnOnEquityChange,23
1715|16.661600575878683|37|0.45031352907780225|1.8|ReturnOnEquityChange,23
1720|16.661600575878683|37|0.45031352907780225|1.8|ReturnOnEquityChange,23
1725|16.661600575878683|37|0.45031352907780225|1.8|ReturnOnEquityChange,23
1730|16.661600575878683|37|0.45031352907780225|1.8|ReturnOnEquityChange,23
1735|16.661600575878683|37|0.45031352907780225|1.8|ReturnOnEquityChange,23
1740|16.661600575878683|37|0.45031352907780225|1.8|ReturnOnEquityChange,23
1745|16.661600575878683|37|0.45031352907780225|1.8|ReturnOnEquityChange,23
1750|16.661600575878683|37|0.45031352907780225|1.8|ReturnOnEquityChange,23
1755|16.661600575878683|37|0.45031352907780225|1.8|ReturnOnEquityChange,23
1760|16.661600575878683|37|0.45031352907780225|1.8|ReturnOnEquityChange,23
1765|16.661600575878683|37|0.45031352907780225|1.8|ReturnOnEquityChange,23
1770|16.661600575878683|35|0.47604573073939094|1.5454545454545454|ReturnOnEquityChange,23
1775|16.661600575878683|35|0.47604573073939094|1.5454545454545454|ReturnOnEquityChange,23
1780|16.661600575878683|35|0.47604573073939094|1.5454545454545454|ReturnOnEquityChange,23
1785|16.661600575878683|35|0.47604573073939094|1.5454545454545454|ReturnOnEquityChange,23
1790|16.661600575878683|35|0.47604573073939094|1.5454545454545454|ReturnOnEquityChange,23
1795|16.661600575878683|35|0.47604573073939094|1.5454545454545454|ReturnOnEquityChange,23
1800|16.661600575878683|35|0.47604573073939094|1.5454545454545454|ReturnOnEquityChange,23
1805|16.661600575878683|35|0.47604573073939094|1.5454545454545454|ReturnOnEquityChange,23
1810|16.661600575878683|35|0.47604573073939094|1.5454545454545454|ReturnOnEquityChange,23
1815|16.661600575878683|35|0.47604573073939094|1.5454545454545454|ReturnOnEquityChange,23
1820|16.661600575878683|33|0.5048969871478389|1.6|ReturnOnEquityChange,23
1825|16.661600575878683|33|0.5048969871478389|1.6|ReturnOnEquityChange,23
1830|16.661600575878683|33|0.5048969871478389|1.6|ReturnOnEquityChange,23
1835|16.661600575878683|33|0.5048969871478389|1.6|ReturnOnEquityChange,23
1840|16.661600575878683|33|0.5048969871478389|1.6|ReturnOnEquityChange,23
1845|16.661600575878683|33|0.5048969871478389|1.6|ReturnOnEquityChange,23
1850|16.661600575878683|33|0.5048969871478389|1.6|ReturnOnEquityChange,23
1855|16.661600575878683|33|0.5048969871478389|1.6|ReturnOnEquityChange,23
1860|16.661600575878683|33|0.5048969871478389|1.6|ReturnOnEquityChange,23
1865|16.661600575878683|33|0.5048969871478389|1.6|ReturnOnEquityChange,23
1870|16.661600575878683|33|0.5048969871478389|1.6|ReturnOnEquityChange,23
1875|16.661600575878683|33|0.5048969871478389|1.6|ReturnOnEquityChange,23
1880|16.661600575878683|33|0.5048969871478389|1.6|ReturnOnEquityChange,23
1885|16.661600575878683|33|0.5048969871478389|1.6|ReturnOnEquityChange,23
1890|16.661600575878683|33|0.5048969871478389|1.6|ReturnOnEquityChange,23
1895|16.661600575878683|33|0.5048969871478389|1.6|ReturnOnEquityChange,23
1900|16.661600575878683|33|0.5048969871478389|1.6|ReturnOnEquityChange,23
1905|16.661600575878683|33|0.5048969871478389|1.6|ReturnOnEquityChange,23
1910|16.661600575878683|33|0.5048969871478389|1.6|ReturnOnEquityChange,23
1915|16.661600575878683|33|0.5048969871478389|1.6|ReturnOnEquityChange,23
1920|16.661600575878683|33|0.5048969871478389|1.6|ReturnOnEquityChange,23
1925|16.661600575878683|33|0.5048969871478389|1.6|ReturnOnEquityChange,23
1930|16.661600575878683|33|0.5048969871478389|1.6|ReturnOnEquityChange,23
1935|16.661600575878683|33|0.5048969871478389|1.6|ReturnOnEquityChange,23
1940|16.661600575878683|33|0.5048969871478389|1.6|ReturnOnEquityChange,23
1945|16.661600575878683|33|0.5048969871478389|1.6|ReturnOnEquityChange,23
1950|16.661600575878683|33|0.5048969871478389|1.6|ReturnOnEquityChange,23
1955|16.661600575878683|33|0.5048969871478389|1.6|ReturnOnEquityChange,23
1960|16.661600575878683|33|0.5048969871478389|1.6|ReturnOnEquityChange,23
1965|16.661600575878683|33|0.5048969871478389|1.6|ReturnOnEquityChange,23
1970|16.661600575878683|33|0.5048969871478389|1.6|ReturnOnEquityChange,23
1975|16.661600575878683|33|0.5048969871478389|1.6|ReturnOnEquityChange,23
1980|16.661600575878683|33|0.5048969871478389|1.6|ReturnOnEquityChange,23
1985|16.661600575878683|33|0.5048969871478389|1.6|ReturnOnEquityChange,23
1990|16.661600575878683|33|0.5048969871478389|1.6|ReturnOnEquityChange,23
1995|16.661600575878683|33|0.5048969871478389|1.6|ReturnOnEquityChange,23
2000|16.661600575878683|33|0.5048969871478389|1.6|ReturnOnEquityChange,23
