#########################################################
# Algorithm Parameters #
# Generations = 2000
# Population size = 100
# Resolution = 5
#########################################################
# Financial Parameters #
# Quarter = 4
# Crossover probabilities = 0.75 -> 0.25
# Mutation start probabilities = 0.9,0.0,0.6,0.5,0.6,0.9
# Mutation end probabilities = 0.4,0.4,0.1,0.1,0.1,0.4
######################################################### 
0|7.778134404904919|7|1.11116205784356|1.0|GrossMargin10,1
5|9.74812852838033|13|0.7498560406446407|1.0|BookValuePerShare10,10
10|10.310930831685248|7|1.4729901188121783|1.0|EarningsPerShareChange,8
15|11.154845096140985|13|0.8580650073954603|1.0|GrossMargin09,0
20|11.699926950203277|43|0.27209132442333206|1.5|BookValuePerShare10,10
25|11.699926950203277|43|0.27209132442333206|1.5|BookValuePerShare10,10
30|11.699926950203277|39|0.29999812692828914|1.5833333333333333|BookValuePerShare10,10
35|11.93911614464918|51|0.23410031656174862|1.5625|BookValuePerShare10,10
40|12.056484384222944|53|0.22748083743816877|2.0|BookValuePerShare10,10
45|12.495644241432787|65|0.1922406806374275|1.5238095238095237|BookValuePerShare10,10
50|12.624089287514751|79|0.1597985985761361|2.2941176470588234|BookValuePerShare10,10
55|13.326239435019673|65|0.20501906823107188|1.5238095238095237|BookValuePerShare10,10
60|14.12195672624918|47|0.3004671643882804|1.5333333333333334|ResearchDevelopment10,16
65|14.12195672624918|45|0.3138212605833151|1.375|CapExSales09,27
70|14.347371648390165|59|0.24317579065068076|1.7058823529411764|BookValuePerShare09,9
75|14.578570698790166|53|0.27506737167528617|1.625|ResearchDevelopment09,15
80|14.8727834012|99|0.15023013536565655|2.3333333333333335|ResearchDevelopment10,16
85|14.8727834012|57|0.2609260245824561|1.5555555555555556|BookValuePerShare09,9
90|14.8727834012|57|0.2609260245824561|1.5555555555555556|BookValuePerShare09,9
95|15.04618917542295|113|0.1331521165966633|2.5454545454545454|CapExSales09,27
100|15.15666602694754|79|0.19185653198667774|1.95|CapExSales09,27
105|15.15666602694754|79|0.19185653198667774|1.95|CapExSales09,27
110|15.15666602694754|61|0.24846993486799246|1.6666666666666667|ResearchDevelopment09,15
115|15.15666602694754|61|0.24846993486799246|1.6666666666666667|ResearchDevelopment09,15
120|15.15666602694754|61|0.24846993486799246|1.6666666666666667|ResearchDevelopment09,15
125|15.382080949088525|61|0.25216526146046764|1.4285714285714286|BookValuePerShare09,9
130|15.393528577049178|97|0.1586961708974142|2.0|ResearchDevelopment09,15
135|15.393528577049178|87|0.17693711008102503|1.8695652173913044|ResearchDevelopment09,15
140|15.393528577049178|87|0.17693711008102503|1.8695652173913044|ResearchDevelopment09,15
145|15.393528577049178|83|0.18546419972348407|1.8636363636363635|ResearchDevelopment09,15
150|15.853462584747541|101|0.1569649760866093|2.1739130434782608|CapExSales10,28
155|15.907726149537705|85|0.18714971940632594|1.9090909090909092|TotalCurrentAssetsChange,32
160|16.323299263006557|83|0.19666625618080188|2.2777777777777777|ResearchDevelopment09,15
165|16.442075935042624|147|0.11185085670097022|2.7037037037037037|ResearchDevelopment09,15
170|16.442075935042624|143|0.11497955199330506|2.730769230769231|ResearchDevelopment09,15
175|16.73740618875082|151|0.1108437495943763|2.6785714285714284|ResearchDevelopment09,15
180|16.755270630445903|147|0.11398143286017622|2.7037037037037037|ResearchDevelopment09,15
185|17.0506008841541|201|0.08482886012016966|4.0|ResearchDevelopment09,15
190|17.232201934281967|215|0.08014977643852078|3.962962962962963|ResearchDevelopment09,15
195|17.44913209395738|231|0.07553736837210988|3.9655172413793105|ResearchDevelopment09,15
200|17.630733144085248|253|0.06968669226911166|4.5|ResearchDevelopment09,15
205|17.630733144085248|253|0.06968669226911166|4.5|ResearchDevelopment09,15
210|17.630733144085248|217|0.08124761817550806|3.7241379310344827|ResearchDevelopment09,15
215|17.630733144085248|209|0.08435757485208252|3.586206896551724|ResearchDevelopment09,15
220|17.630733144085248|189|0.0932843023496574|3.357142857142857|ResearchDevelopment09,15
225|17.630733144085248|181|0.09740736543693507|3.3333333333333335|ResearchDevelopment09,15
230|17.630733144085248|175|0.10074704653762999|3.48|OperatingMargin09,3
235|17.630733144085248|165|0.1068529281459712|2.8275862068965516|ResearchDevelopment09,15
240|17.630733144085248|163|0.10816400701892791|3.0|ResearchDevelopment09,15
245|17.630733144085248|161|0.1095076592800326|3.076923076923077|ResearchDevelopment09,15
250|17.630733144085248|151|0.11675982214625992|2.7777777777777777|ResearchDevelopment09,15
255|17.630733144085248|149|0.11832706808110904|2.3870967741935485|ResearchDevelopment09,15
260|17.630733144085248|123|0.1433392938543516|2.3461538461538463|ResearchDevelopment09,15
265|17.630733144085248|123|0.1433392938543516|2.3461538461538463|ResearchDevelopment09,15
270|17.630733144085248|121|0.1457085383808698|2.4|ResearchDevelopment09,15
275|17.630733144085248|107|0.16477320695406775|2.409090909090909|TotalCurrentAssetsChange,32
280|17.630733144085248|95|0.18558666467458157|2.764705882352941|TotalCurrentAssetsChange,32
285|17.630733144085248|93|0.18957777574285212|2.5555555555555554|TotalCurrentAssetsChange,32
290|17.630733144085248|93|0.18957777574285212|2.5555555555555554|TotalCurrentAssetsChange,32
295|17.630733144085248|93|0.18957777574285212|2.5555555555555554|TotalCurrentAssetsChange,32
300|17.630733144085248|87|0.20265210510442813|2.388888888888889|TotalCurrentAssetsChange,32
305|17.630733144085248|87|0.20265210510442813|2.388888888888889|TotalCurrentAssetsChange,32
310|17.630733144085248|85|0.20742038993041467|2.4705882352941178|TotalCurrentAssetsChange,32
315|17.630733144085248|85|0.20742038993041467|2.4705882352941178|TotalCurrentAssetsChange,32
320|17.630733144085248|85|0.20742038993041467|2.4705882352941178|TotalCurrentAssetsChange,32
325|17.630733144085248|75|0.23507644192113664|2.0555555555555554|TotalCurrentAssetsChange,32
330|17.630733144085248|75|0.23507644192113664|2.0555555555555554|TotalCurrentAssetsChange,32
335|17.630733144085248|73|0.24151689238472943|2.0|TotalCurrentAssetsChange,32
340|17.630733144085248|71|0.24832018512796125|2.0588235294117645|TotalCurrentAssetsChange,32
345|17.630733144085248|71|0.24832018512796125|2.0588235294117645|TotalCurrentAssetsChange,32
350|17.630733144085248|71|0.24832018512796125|2.0588235294117645|TotalCurrentAssetsChange,32
355|17.630733144085248|71|0.24832018512796125|2.0588235294117645|TotalCurrentAssetsChange,32
360|17.630733144085248|71|0.24832018512796125|2.0588235294117645|TotalCurrentAssetsChange,32
365|17.630733144085248|71|0.24832018512796125|2.0588235294117645|TotalCurrentAssetsChange,32
370|17.630733144085248|67|0.2631452708072425|2.0625|TotalCurrentAssetsChange,32
375|17.630733144085248|67|0.2631452708072425|2.0625|TotalCurrentAssetsChange,32
380|17.630733144085248|67|0.2631452708072425|2.0625|TotalCurrentAssetsChange,32
385|17.630733144085248|65|0.2712420483705423|2.0|TotalCurrentAssetsChange,32
390|17.630733144085248|59|0.2988259854929703|1.8125|TotalCurrentAssetsChange,32
395|17.630733144085248|59|0.2988259854929703|1.8125|TotalCurrentAssetsChange,32
400|17.630733144085248|59|0.2988259854929703|1.8125|TotalCurrentAssetsChange,32
405|17.630733144085248|57|0.30931110779096926|1.75|TotalCurrentAssetsChange,32
410|17.630733144085248|57|0.30931110779096926|1.75|TotalCurrentAssetsChange,32
415|17.630733144085248|57|0.30931110779096926|1.75|TotalCurrentAssetsChange,32
420|17.630733144085248|57|0.30931110779096926|1.75|TotalCurrentAssetsChange,32
425|17.630733144085248|57|0.30931110779096926|1.75|TotalCurrentAssetsChange,32
430|17.630733144085248|57|0.30931110779096926|1.75|TotalCurrentAssetsChange,32
435|17.630733144085248|57|0.30931110779096926|1.75|TotalCurrentAssetsChange,32
440|17.630733144085248|53|0.3326553423412311|1.7333333333333334|TotalCurrentAssetsChange,32
445|17.630733144085248|51|0.3457006498840245|1.7857142857142858|TotalCurrentAssetsChange,32
450|17.630733144085248|51|0.3457006498840245|1.7857142857142858|TotalCurrentAssetsChange,32
455|17.630733144085248|51|0.3457006498840245|1.7857142857142858|TotalCurrentAssetsChange,32
460|17.630733144085248|51|0.3457006498840245|1.7857142857142858|TotalCurrentAssetsChange,32
465|17.630733144085248|49|0.35981088049153565|1.7142857142857142|TotalCurrentAssetsChange,32
470|17.630733144085248|49|0.35981088049153565|1.7142857142857142|TotalCurrentAssetsChange,32
475|17.630733144085248|49|0.35981088049153565|1.7142857142857142|TotalCurrentAssetsChange,32
480|17.630733144085248|49|0.35981088049153565|1.7142857142857142|TotalCurrentAssetsChange,32
485|17.630733144085248|45|0.3917940698685611|1.8333333333333333|GrossMargin09,0
490|17.630733144085248|45|0.3917940698685611|1.8333333333333333|GrossMargin09,0
495|17.630733144085248|45|0.3917940698685611|1.8333333333333333|GrossMargin09,0
500|17.630733144085248|45|0.3917940698685611|1.8333333333333333|GrossMargin09,0
505|17.630733144085248|45|0.3917940698685611|1.8333333333333333|GrossMargin09,0
510|17.630733144085248|45|0.3917940698685611|1.8333333333333333|GrossMargin09,0
515|17.630733144085248|45|0.3917940698685611|1.8333333333333333|GrossMargin09,0
520|17.630733144085248|45|0.3917940698685611|1.8333333333333333|GrossMargin09,0
525|17.630733144085248|45|0.3917940698685611|1.8333333333333333|GrossMargin09,0
530|17.630733144085248|43|0.41001704986244764|2.1|GrossMargin09,0
535|17.630733144085248|43|0.41001704986244764|2.1|GrossMargin09,0
540|17.630733144085248|43|0.41001704986244764|2.1|GrossMargin09,0
545|17.630733144085248|43|0.41001704986244764|2.1|GrossMargin09,0
550|17.630733144085248|43|0.41001704986244764|2.1|GrossMargin09,0
555|17.630733144085248|43|0.41001704986244764|2.1|GrossMargin09,0
560|17.630733144085248|43|0.41001704986244764|2.1|GrossMargin09,0
565|17.630733144085248|43|0.41001704986244764|2.1|GrossMargin09,0
570|17.630733144085248|43|0.41001704986244764|2.1|GrossMargin09,0
575|17.630733144085248|43|0.41001704986244764|2.1|GrossMargin09,0
580|17.630733144085248|43|0.41001704986244764|2.1|GrossMargin09,0
585|17.630733144085248|43|0.41001704986244764|2.1|GrossMargin09,0
590|17.630733144085248|43|0.41001704986244764|2.1|GrossMargin09,0
595|17.630733144085248|43|0.41001704986244764|2.1|GrossMargin09,0
600|17.630733144085248|43|0.41001704986244764|2.1|GrossMargin09,0
605|17.630733144085248|43|0.41001704986244764|2.1|GrossMargin09,0
610|17.630733144085248|43|0.41001704986244764|2.1|GrossMargin09,0
615|17.630733144085248|43|0.41001704986244764|2.1|GrossMargin09,0
620|17.712418682927876|59|0.3002104861513199|2.6363636363636362|GrossMargin09,0
625|17.712418682927876|59|0.3002104861513199|2.6363636363636362|GrossMargin09,0
630|17.712418682927876|45|0.3936093040650639|2.2|GrossMargin09,0
635|17.712418682927876|45|0.3936093040650639|2.2|GrossMargin09,0
640|17.712418682927876|45|0.3936093040650639|2.2|GrossMargin09,0
645|17.712418682927876|45|0.3936093040650639|2.2|GrossMargin09,0
650|17.712418682927876|45|0.3936093040650639|2.2|GrossMargin09,0
655|17.712418682927876|45|0.3936093040650639|2.2|GrossMargin09,0
660|17.712418682927876|45|0.3936093040650639|2.2|GrossMargin09,0
665|17.712418682927876|45|0.3936093040650639|2.2|GrossMargin09,0
670|17.712418682927876|45|0.3936093040650639|2.2|GrossMargin09,0
675|17.712418682927876|45|0.3936093040650639|2.2|GrossMargin09,0
680|17.712418682927876|45|0.3936093040650639|2.2|GrossMargin09,0
685|17.712418682927876|45|0.3936093040650639|2.2|GrossMargin09,0
690|17.712418682927876|45|0.3936093040650639|2.2|GrossMargin09,0
695|17.712418682927876|45|0.3936093040650639|2.2|GrossMargin09,0
700|17.712418682927876|45|0.3936093040650639|2.2|GrossMargin09,0
705|17.712418682927876|45|0.3936093040650639|2.2|GrossMargin09,0
710|17.712418682927876|45|0.3936093040650639|2.2|GrossMargin09,0
715|17.712418682927876|43|0.4119167135564622|2.3333333333333335|GrossMargin09,0
720|17.712418682927876|43|0.4119167135564622|2.3333333333333335|GrossMargin09,0
725|17.712418682927876|43|0.4119167135564622|2.3333333333333335|GrossMargin09,0
730|17.712418682927876|43|0.4119167135564622|2.3333333333333335|GrossMargin09,0
735|17.712418682927876|39|0.4541645816135353|2.111111111111111|GrossMargin09,0
740|17.712418682927876|39|0.4541645816135353|2.111111111111111|GrossMargin09,0
745|17.712418682927876|39|0.4541645816135353|2.111111111111111|GrossMargin09,0
750|17.712418682927876|39|0.4541645816135353|2.111111111111111|GrossMargin09,0
755|17.712418682927876|39|0.4541645816135353|2.111111111111111|GrossMargin09,0
760|17.712418682927876|39|0.4541645816135353|2.111111111111111|GrossMargin09,0
765|17.712418682927876|39|0.4541645816135353|2.111111111111111|GrossMargin09,0
770|17.712418682927876|39|0.4541645816135353|2.111111111111111|GrossMargin09,0
775|17.712418682927876|39|0.4541645816135353|2.111111111111111|GrossMargin09,0
780|17.712418682927876|39|0.4541645816135353|2.111111111111111|GrossMargin09,0
785|17.712418682927876|39|0.4541645816135353|2.111111111111111|GrossMargin09,0
790|17.712418682927876|39|0.4541645816135353|2.111111111111111|GrossMargin09,0
795|17.712418682927876|39|0.4541645816135353|2.111111111111111|GrossMargin09,0
800|17.712418682927876|39|0.4541645816135353|2.111111111111111|GrossMargin09,0
805|17.712418682927876|39|0.4541645816135353|2.111111111111111|GrossMargin09,0
810|17.712418682927876|39|0.4541645816135353|2.111111111111111|GrossMargin09,0
815|17.712418682927876|39|0.4541645816135353|2.111111111111111|GrossMargin09,0
820|17.712418682927876|39|0.4541645816135353|2.111111111111111|GrossMargin09,0
825|17.712418682927876|39|0.4541645816135353|2.111111111111111|GrossMargin09,0
830|17.712418682927876|37|0.47871401845751016|2.0|GrossMargin09,0
835|17.712418682927876|37|0.47871401845751016|2.0|GrossMargin09,0
840|17.712418682927876|37|0.47871401845751016|2.0|GrossMargin09,0
845|17.712418682927876|37|0.47871401845751016|2.0|GrossMargin09,0
850|17.712418682927876|35|0.5060691052265107|2.125|GrossMargin09,0
855|17.712418682927876|35|0.5060691052265107|2.125|GrossMargin09,0
860|17.712418682927876|35|0.5060691052265107|2.125|GrossMargin09,0
865|17.712418682927876|35|0.5060691052265107|2.125|GrossMargin09,0
870|17.712418682927876|35|0.5060691052265107|2.125|GrossMargin09,0
875|17.712418682927876|35|0.5060691052265107|2.125|GrossMargin09,0
880|17.712418682927876|35|0.5060691052265107|2.125|GrossMargin09,0
885|17.712418682927876|35|0.5060691052265107|2.125|GrossMargin09,0
890|17.712418682927876|35|0.5060691052265107|2.125|GrossMargin09,0
895|17.712418682927876|35|0.5060691052265107|2.125|GrossMargin09,0
900|17.712418682927876|35|0.5060691052265107|2.125|GrossMargin09,0
905|17.712418682927876|35|0.5060691052265107|2.125|GrossMargin09,0
910|17.712418682927876|35|0.5060691052265107|2.125|GrossMargin09,0
915|17.712418682927876|35|0.5060691052265107|2.125|GrossMargin09,0
920|17.712418682927876|35|0.5060691052265107|2.125|GrossMargin09,0
925|17.712418682927876|35|0.5060691052265107|2.125|GrossMargin09,0
930|17.712418682927876|35|0.5060691052265107|2.125|GrossMargin09,0
935|17.712418682927876|35|0.5060691052265107|2.125|GrossMargin09,0
940|17.712418682927876|35|0.5060691052265107|2.125|GrossMargin09,0
945|17.712418682927876|35|0.5060691052265107|2.125|GrossMargin09,0
950|17.712418682927876|35|0.5060691052265107|2.125|GrossMargin09,0
955|17.712418682927876|35|0.5060691052265107|2.125|GrossMargin09,0
960|17.712418682927876|35|0.5060691052265107|2.125|GrossMargin09,0
965|17.712418682927876|35|0.5060691052265107|2.125|GrossMargin09,0
970|17.712418682927876|35|0.5060691052265107|2.125|GrossMargin09,0
975|17.712418682927876|35|0.5060691052265107|2.125|GrossMargin09,0
980|17.712418682927876|35|0.5060691052265107|2.125|GrossMargin09,0
985|17.712418682927876|35|0.5060691052265107|2.125|GrossMargin09,0
990|17.712418682927876|35|0.5060691052265107|2.125|GrossMargin09,0
995|17.712418682927876|35|0.5060691052265107|2.125|GrossMargin09,0
1000|17.712418682927876|35|0.5060691052265107|2.125|GrossMargin09,0
1005|17.712418682927876|35|0.5060691052265107|2.125|GrossMargin09,0
1010|17.712418682927876|35|0.5060691052265107|2.125|GrossMargin09,0
1015|17.712418682927876|35|0.5060691052265107|2.125|GrossMargin09,0
1020|17.712418682927876|35|0.5060691052265107|2.125|GrossMargin09,0
1025|17.712418682927876|35|0.5060691052265107|2.125|GrossMargin09,0
1030|17.712418682927876|35|0.5060691052265107|2.125|GrossMargin09,0
1035|17.712418682927876|33|0.5367399600887235|2.0|GrossMargin09,0
1040|17.712418682927876|33|0.5367399600887235|2.0|GrossMargin09,0
1045|17.712418682927876|33|0.5367399600887235|2.0|GrossMargin09,0
1050|17.712418682927876|33|0.5367399600887235|2.0|GrossMargin09,0
1055|17.712418682927876|33|0.5367399600887235|2.0|GrossMargin09,0
1060|17.712418682927876|33|0.5367399600887235|2.0|GrossMargin09,0
1065|17.712418682927876|31|0.5713683446105766|1.875|GrossMargin09,0
1070|17.712418682927876|31|0.5713683446105766|1.875|GrossMargin09,0
1075|17.712418682927876|31|0.5713683446105766|1.875|GrossMargin09,0
1080|17.712418682927876|31|0.5713683446105766|1.875|GrossMargin09,0
1085|17.712418682927876|31|0.5713683446105766|1.875|GrossMargin09,0
1090|17.712418682927876|31|0.5713683446105766|1.875|GrossMargin09,0
1095|17.712418682927876|31|0.5713683446105766|1.875|GrossMargin09,0
1100|17.712418682927876|31|0.5713683446105766|1.875|GrossMargin09,0
1105|17.712418682927876|31|0.5713683446105766|1.875|GrossMargin09,0
1110|17.712418682927876|31|0.5713683446105766|1.875|GrossMargin09,0
1115|17.712418682927876|31|0.5713683446105766|1.875|GrossMargin09,0
1120|17.712418682927876|31|0.5713683446105766|1.875|GrossMargin09,0
1125|17.712418682927876|31|0.5713683446105766|1.875|GrossMargin09,0
1130|17.712418682927876|31|0.5713683446105766|1.875|GrossMargin09,0
1135|17.712418682927876|31|0.5713683446105766|1.875|GrossMargin09,0
1140|17.712418682927876|31|0.5713683446105766|1.875|GrossMargin09,0
1145|17.712418682927876|31|0.5713683446105766|1.875|GrossMargin09,0
1150|17.712418682927876|31|0.5713683446105766|1.875|GrossMargin09,0
1155|17.712418682927876|31|0.5713683446105766|1.875|GrossMargin09,0
1160|17.712418682927876|31|0.5713683446105766|1.875|GrossMargin09,0
1165|17.712418682927876|31|0.5713683446105766|1.875|GrossMargin09,0
1170|17.712418682927876|31|0.5713683446105766|1.875|GrossMargin09,0
1175|17.712418682927876|31|0.5713683446105766|1.875|GrossMargin09,0
1180|17.712418682927876|31|0.5713683446105766|1.875|GrossMargin09,0
1185|17.712418682927876|31|0.5713683446105766|1.875|GrossMargin09,0
1190|17.712418682927876|31|0.5713683446105766|1.875|GrossMargin09,0
1195|17.712418682927876|31|0.5713683446105766|1.875|GrossMargin09,0
1200|17.712418682927876|31|0.5713683446105766|1.875|GrossMargin09,0
1205|17.712418682927876|31|0.5713683446105766|1.875|GrossMargin09,0
1210|17.712418682927876|31|0.5713683446105766|1.875|GrossMargin09,0
1215|17.712418682927876|31|0.5713683446105766|1.875|GrossMargin09,0
1220|17.712418682927876|31|0.5713683446105766|1.875|GrossMargin09,0
1225|17.712418682927876|31|0.5713683446105766|1.875|GrossMargin09,0
1230|17.712418682927876|31|0.5713683446105766|1.875|GrossMargin09,0
1235|17.712418682927876|31|0.5713683446105766|1.875|GrossMargin09,0
1240|17.712418682927876|31|0.5713683446105766|1.875|GrossMargin09,0
1245|17.712418682927876|31|0.5713683446105766|1.875|GrossMargin09,0
1250|17.712418682927876|31|0.5713683446105766|1.875|GrossMargin09,0
1255|17.712418682927876|31|0.5713683446105766|1.875|GrossMargin09,0
1260|17.712418682927876|31|0.5713683446105766|1.875|GrossMargin09,0
1265|17.712418682927876|31|0.5713683446105766|1.875|GrossMargin09,0
1270|17.712418682927876|31|0.5713683446105766|1.875|GrossMargin09,0
1275|17.712418682927876|31|0.5713683446105766|1.875|GrossMargin09,0
1280|17.712418682927876|31|0.5713683446105766|1.875|GrossMargin09,0
1285|17.712418682927876|31|0.5713683446105766|1.875|GrossMargin09,0
1290|17.712418682927876|31|0.5713683446105766|1.875|GrossMargin09,0
1295|17.712418682927876|31|0.5713683446105766|1.875|GrossMargin09,0
1300|17.712418682927876|31|0.5713683446105766|1.875|GrossMargin09,0
1305|17.712418682927876|31|0.5713683446105766|1.875|GrossMargin09,0
1310|17.712418682927876|31|0.5713683446105766|1.875|GrossMargin09,0
1315|17.712418682927876|31|0.5713683446105766|1.875|GrossMargin09,0
1320|17.712418682927876|31|0.5713683446105766|1.875|GrossMargin09,0
1325|17.712418682927876|31|0.5713683446105766|1.875|GrossMargin09,0
1330|17.712418682927876|31|0.5713683446105766|1.875|GrossMargin09,0
1335|17.712418682927876|31|0.5713683446105766|1.875|GrossMargin09,0
1340|17.712418682927876|31|0.5713683446105766|1.875|GrossMargin09,0
1345|17.712418682927876|31|0.5713683446105766|1.875|GrossMargin09,0
1350|17.712418682927876|31|0.5713683446105766|1.875|GrossMargin09,0
1355|17.712418682927876|31|0.5713683446105766|1.875|GrossMargin09,0
1360|17.712418682927876|31|0.5713683446105766|1.875|GrossMargin09,0
1365|17.712418682927876|31|0.5713683446105766|1.875|GrossMargin09,0
1370|17.712418682927876|31|0.5713683446105766|1.875|GrossMargin09,0
1375|17.712418682927876|31|0.5713683446105766|1.875|GrossMargin09,0
1380|17.712418682927876|31|0.5713683446105766|1.875|GrossMargin09,0
1385|17.712418682927876|31|0.5713683446105766|1.875|GrossMargin09,0
1390|17.712418682927876|31|0.5713683446105766|1.875|GrossMargin09,0
1395|17.712418682927876|31|0.5713683446105766|1.875|GrossMargin09,0
1400|17.712418682927876|31|0.5713683446105766|1.875|GrossMargin09,0
1405|17.712418682927876|31|0.5713683446105766|1.875|GrossMargin09,0
1410|17.712418682927876|31|0.5713683446105766|1.875|GrossMargin09,0
1415|17.712418682927876|31|0.5713683446105766|1.875|GrossMargin09,0
1420|17.712418682927876|31|0.5713683446105766|1.875|GrossMargin09,0
1425|17.712418682927876|31|0.5713683446105766|1.875|GrossMargin09,0
1430|17.712418682927876|31|0.5713683446105766|1.875|GrossMargin09,0
1435|17.712418682927876|31|0.5713683446105766|1.875|GrossMargin09,0
1440|17.712418682927876|31|0.5713683446105766|1.875|GrossMargin09,0
1445|17.712418682927876|31|0.5713683446105766|1.875|GrossMargin09,0
1450|17.712418682927876|31|0.5713683446105766|1.875|GrossMargin09,0
1455|17.712418682927876|31|0.5713683446105766|1.875|GrossMargin09,0
1460|17.712418682927876|31|0.5713683446105766|1.875|GrossMargin09,0
1465|17.712418682927876|31|0.5713683446105766|1.875|GrossMargin09,0
1470|17.712418682927876|31|0.5713683446105766|1.875|GrossMargin09,0
1475|17.712418682927876|31|0.5713683446105766|1.875|GrossMargin09,0
1480|17.712418682927876|31|0.5713683446105766|1.875|GrossMargin09,0
1485|17.712418682927876|31|0.5713683446105766|1.875|GrossMargin09,0
1490|17.712418682927876|31|0.5713683446105766|1.875|GrossMargin09,0
1495|17.712418682927876|31|0.5713683446105766|1.875|GrossMargin09,0
1500|17.712418682927876|31|0.5713683446105766|1.875|GrossMargin09,0
1505|17.712418682927876|31|0.5713683446105766|1.875|GrossMargin09,0
1510|17.712418682927876|31|0.5713683446105766|1.875|GrossMargin09,0
1515|17.712418682927876|31|0.5713683446105766|1.875|GrossMargin09,0
1520|17.712418682927876|31|0.5713683446105766|1.875|GrossMargin09,0
1525|17.712418682927876|31|0.5713683446105766|1.875|GrossMargin09,0
1530|17.712418682927876|31|0.5713683446105766|1.875|GrossMargin09,0
1535|17.712418682927876|31|0.5713683446105766|1.875|GrossMargin09,0
1540|17.712418682927876|31|0.5713683446105766|1.875|GrossMargin09,0
1545|17.712418682927876|31|0.5713683446105766|1.875|GrossMargin09,0
1550|17.712418682927876|31|0.5713683446105766|1.875|GrossMargin09,0
1555|17.712418682927876|31|0.5713683446105766|1.875|GrossMargin09,0
1560|17.712418682927876|31|0.5713683446105766|1.875|GrossMargin09,0
1565|17.712418682927876|31|0.5713683446105766|1.875|GrossMargin09,0
1570|17.712418682927876|31|0.5713683446105766|1.875|GrossMargin09,0
1575|17.712418682927876|31|0.5713683446105766|1.875|GrossMargin09,0
1580|17.712418682927876|31|0.5713683446105766|1.875|GrossMargin09,0
1585|17.712418682927876|31|0.5713683446105766|1.875|GrossMargin09,0
1590|17.712418682927876|31|0.5713683446105766|1.875|GrossMargin09,0
1595|17.712418682927876|31|0.5713683446105766|1.875|GrossMargin09,0
1600|17.712418682927876|31|0.5713683446105766|1.875|GrossMargin09,0
1605|17.712418682927876|31|0.5713683446105766|1.875|GrossMargin09,0
1610|17.712418682927876|31|0.5713683446105766|1.875|GrossMargin09,0
1615|17.712418682927876|31|0.5713683446105766|1.875|GrossMargin09,0
1620|17.712418682927876|31|0.5713683446105766|1.875|GrossMargin09,0
1625|17.712418682927876|31|0.5713683446105766|1.875|GrossMargin09,0
1630|17.712418682927876|31|0.5713683446105766|1.875|GrossMargin09,0
1635|17.712418682927876|31|0.5713683446105766|1.875|GrossMargin09,0
1640|17.712418682927876|31|0.5713683446105766|1.875|GrossMargin09,0
1645|17.712418682927876|31|0.5713683446105766|1.875|GrossMargin09,0
1650|17.712418682927876|31|0.5713683446105766|1.875|GrossMargin09,0
1655|17.712418682927876|31|0.5713683446105766|1.875|GrossMargin09,0
1660|17.712418682927876|31|0.5713683446105766|1.875|GrossMargin09,0
1665|17.712418682927876|31|0.5713683446105766|1.875|GrossMargin09,0
1670|17.712418682927876|31|0.5713683446105766|1.875|GrossMargin09,0
1675|17.712418682927876|31|0.5713683446105766|1.875|GrossMargin09,0
1680|17.712418682927876|31|0.5713683446105766|1.875|GrossMargin09,0
1685|17.712418682927876|31|0.5713683446105766|1.875|GrossMargin09,0
1690|17.712418682927876|31|0.5713683446105766|1.875|GrossMargin09,0
1695|17.712418682927876|31|0.5713683446105766|1.875|GrossMargin09,0
1700|17.712418682927876|31|0.5713683446105766|1.875|GrossMargin09,0
1705|17.712418682927876|31|0.5713683446105766|1.875|GrossMargin09,0
1710|17.712418682927876|31|0.5713683446105766|1.875|GrossMargin09,0
1715|17.712418682927876|31|0.5713683446105766|1.875|GrossMargin09,0
1720|17.712418682927876|31|0.5713683446105766|1.875|GrossMargin09,0
1725|17.712418682927876|31|0.5713683446105766|1.875|GrossMargin09,0
1730|17.712418682927876|31|0.5713683446105766|1.875|GrossMargin09,0
1735|17.712418682927876|31|0.5713683446105766|1.875|GrossMargin09,0
1740|17.712418682927876|31|0.5713683446105766|1.875|GrossMargin09,0
1745|17.712418682927876|31|0.5713683446105766|1.875|GrossMargin09,0
1750|17.712418682927876|31|0.5713683446105766|1.875|GrossMargin09,0
1755|17.712418682927876|31|0.5713683446105766|1.875|GrossMargin09,0
1760|17.712418682927876|31|0.5713683446105766|1.875|GrossMargin09,0
1765|17.712418682927876|31|0.5713683446105766|1.875|GrossMargin09,0
1770|17.712418682927876|31|0.5713683446105766|1.875|GrossMargin09,0
1775|17.712418682927876|31|0.5713683446105766|1.875|GrossMargin09,0
1780|17.712418682927876|31|0.5713683446105766|1.875|GrossMargin09,0
1785|17.712418682927876|31|0.5713683446105766|1.875|GrossMargin09,0
1790|17.712418682927876|31|0.5713683446105766|1.875|GrossMargin09,0
1795|17.712418682927876|31|0.5713683446105766|1.875|GrossMargin09,0
1800|17.712418682927876|31|0.5713683446105766|1.875|GrossMargin09,0
1805|17.712418682927876|31|0.5713683446105766|1.875|GrossMargin09,0
1810|17.712418682927876|31|0.5713683446105766|1.875|GrossMargin09,0
1815|17.712418682927876|31|0.5713683446105766|1.875|GrossMargin09,0
1820|17.712418682927876|31|0.5713683446105766|1.875|GrossMargin09,0
1825|17.712418682927876|31|0.5713683446105766|1.875|GrossMargin09,0
1830|17.712418682927876|31|0.5713683446105766|1.875|GrossMargin09,0
1835|17.712418682927876|31|0.5713683446105766|1.875|GrossMargin09,0
1840|17.712418682927876|31|0.5713683446105766|1.875|GrossMargin09,0
1845|17.712418682927876|31|0.5713683446105766|1.875|GrossMargin09,0
1850|17.712418682927876|31|0.5713683446105766|1.875|GrossMargin09,0
1855|17.712418682927876|31|0.5713683446105766|1.875|GrossMargin09,0
1860|17.712418682927876|31|0.5713683446105766|1.875|GrossMargin09,0
1865|17.712418682927876|31|0.5713683446105766|1.875|GrossMargin09,0
1870|17.712418682927876|31|0.5713683446105766|1.875|GrossMargin09,0
1875|17.712418682927876|31|0.5713683446105766|1.875|GrossMargin09,0
1880|17.712418682927876|31|0.5713683446105766|1.875|GrossMargin09,0
1885|17.712418682927876|31|0.5713683446105766|1.875|GrossMargin09,0
1890|17.712418682927876|31|0.5713683446105766|1.875|GrossMargin09,0
1895|17.712418682927876|31|0.5713683446105766|1.875|GrossMargin09,0
1900|17.712418682927876|31|0.5713683446105766|1.875|GrossMargin09,0
1905|17.712418682927876|31|0.5713683446105766|1.875|GrossMargin09,0
1910|17.712418682927876|31|0.5713683446105766|1.875|GrossMargin09,0
1915|17.712418682927876|31|0.5713683446105766|1.875|GrossMargin09,0
1920|17.712418682927876|31|0.5713683446105766|1.875|GrossMargin09,0
1925|17.712418682927876|31|0.5713683446105766|1.875|GrossMargin09,0
1930|17.712418682927876|31|0.5713683446105766|1.875|GrossMargin09,0
1935|17.712418682927876|31|0.5713683446105766|1.875|GrossMargin09,0
1940|17.712418682927876|31|0.5713683446105766|1.875|GrossMargin09,0
1945|17.712418682927876|31|0.5713683446105766|1.875|GrossMargin09,0
1950|17.712418682927876|31|0.5713683446105766|1.875|GrossMargin09,0
1955|17.712418682927876|31|0.5713683446105766|1.875|GrossMargin09,0
1960|17.712418682927876|31|0.5713683446105766|1.875|GrossMargin09,0
1965|17.712418682927876|31|0.5713683446105766|1.875|GrossMargin09,0
1970|17.712418682927876|31|0.5713683446105766|1.875|GrossMargin09,0
1975|17.712418682927876|31|0.5713683446105766|1.875|GrossMargin09,0
1980|17.712418682927876|31|0.5713683446105766|1.875|GrossMargin09,0
1985|17.712418682927876|31|0.5713683446105766|1.875|GrossMargin09,0
1990|17.712418682927876|31|0.5713683446105766|1.875|GrossMargin09,0
1995|17.712418682927876|31|0.5713683446105766|1.875|GrossMargin09,0
2000|17.712418682927876|31|0.5713683446105766|1.875|GrossMargin09,0
