#########################################################
# Algorithm Parameters #
# Generations = 2000
# Population size = 100
# Resolution = 5
#########################################################
# Financial Parameters #
# Quarter = 4
# Crossover probabilities = 0.75 -> 0.25
# Mutation start probabilities = 0.9,0.0,0.6,0.5,0.6,0.9
# Mutation end probabilities = 0.4,0.4,0.1,0.1,0.1,0.4
######################################################### 
0|9.413485420390165|9|1.0459428244877962|1.0|ResearchDevelopment09,15
5|10.209202711619673|15|0.6806135141079782|1.0|ReturnOnInvestedCapital10,25
10|10.209202711619673|15|0.6806135141079782|1.0|ReturnOnInvestedCapital10,25
15|10.855234302232786|31|0.3501688484591221|1.5|CurrentRatio09,36
20|12.008211287770488|27|0.4447485662137218|1.0833333333333333|CapExSales10,28
25|12.644869929872128|23|0.5497769534727012|1.0|GrossMargin10,1
30|12.644869929872128|23|0.5497769534727012|1.0|GrossMargin10,1
35|13.514091372921307|21|0.6435281606153003|1.1111111111111112|OperatingMargin10,4
40|13.528813533875406|35|0.3865375295392973|1.3076923076923077|OperatingMargin09,3
45|13.528813533875406|29|0.46651081151294505|1.2727272727272727|OperatingMargin09,3
50|13.98542750641639|65|0.21516042317563677|1.7777777777777777|TotalCurrentAssetsChange,32
55|14.280757760124585|109|0.1310161262396751|2.7|TotalCurrentAssetsChange,32
60|14.506172682265568|87|0.16673761703753526|2.263157894736842|TotalCurrentAssetsChange,32
65|14.506172682265568|81|0.17908855163290824|2.0|ReturnOnInvestedCapital09,24
70|14.506172682265568|77|0.18839185301643593|1.9|TotalCurrentAssetsChange,32
75|14.506172682265568|71|0.20431229129951503|2.0588235294117645|ReturnOnInvestedCapital09,24
80|14.506172682265568|67|0.21651004003381444|2.0625|OperatingMarginChange,5
85|14.506172682265568|63|0.2302567092423106|1.9375|ReturnOnInvestedCapital09,24
90|14.7144555349377|81|0.18165994487577408|2.2222222222222223|TotalCurrentAssetsChange,32
95|14.7144555349377|79|0.1862589308219962|2.1666666666666665|TotalCurrentAssetsChange,32
100|14.724978024757373|159|0.09260992468400864|3.761904761904762|TotalCurrentAssetsChange,32
105|15.569670672727865|169|0.09212822883270926|3.8181818181818183|TotalCurrentAssetsChange,32
110|15.823049925685241|159|0.09951603726846064|3.590909090909091|TotalCurrentAssetsChange,32
115|16.17805675003606|231|0.0700348777057838|5.0|TotalCurrentAssetsChange,32
120|16.17805675003606|187|0.08651367246008589|3.875|TotalCurrentAssetsChange,32
125|16.527346110219668|199|0.08305199050361642|3.96|TotalCurrentAssetsChange,32
130|16.527346110219668|135|0.12242478600162716|3.35|TotalCurrentAssetsChange,32
135|16.60903164906229|199|0.08346247059830296|3.6666666666666665|OperatingMargin10,4
140|16.60903164906229|151|0.1099935870798827|3.125|TotalCurrentAssetsChange,32
145|16.60903164906229|137|0.12123380765738896|2.8333333333333335|TotalCurrentAssetsChange,32
150|16.80208032715082|159|0.10567346117704918|3.4347826086956523|TotalCurrentAssetsChange,32
155|16.80208032715082|153|0.10981751847810993|2.923076923076923|TotalCurrentAssetsChange,32
160|16.80208032715082|133|0.12633143103120917|2.869565217391304|TotalCurrentAssetsChange,32
165|16.80208032715082|129|0.13024868470659548|2.6666666666666665|TotalCurrentAssetsChange,32
170|16.80208032715082|119|0.14119395232899848|2.36|TotalCurrentAssetsChange,32
175|16.80208032715082|117|0.14360752416368222|2.230769230769231|TotalCurrentAssetsChange,32
180|16.80208032715082|113|0.1486909763464674|2.4347826086956523|ReturnOnInvestedCapital09,24
185|16.80208032715082|103|0.1631269934674837|2.04|TotalCurrentAssetsChange,32
190|16.80208032715082|103|0.1631269934674837|2.04|TotalCurrentAssetsChange,32
195|16.80208032715082|89|0.18878741940618898|2.2|OperatingMarginChange,5
200|16.80208032715082|83|0.20243470273675684|2.1578947368421053|OperatingMarginChange,5
205|16.80208032715082|83|0.20243470273675684|2.1578947368421053|OperatingMarginChange,5
210|16.80208032715082|79|0.2126845611031749|2.0526315789473686|OperatingMarginChange,5
215|16.80208032715082|69|0.24350841053841765|1.7894736842105263|OperatingMargin10,4
220|16.80208032715082|67|0.25077731831568384|1.736842105263158|OperatingMargin10,4
225|16.80208032715082|67|0.25077731831568384|1.736842105263158|OperatingMargin10,4
230|16.80208032715082|61|0.27544393978935766|1.7647058823529411|TotalCurrentAssets09,30
235|16.80208032715082|59|0.28478102249408166|1.6111111111111112|TotalCurrentAssets09,30
240|16.80208032715082|59|0.28478102249408166|1.6111111111111112|TotalCurrentAssets09,30
245|16.80208032715082|55|0.30549236958456033|1.588235294117647|TotalCurrentAssetsChange,32
250|16.80208032715082|53|0.31702038353114753|1.7333333333333334|TotalCurrentAssetsChange,32
255|16.80208032715082|53|0.31702038353114753|1.7333333333333334|TotalCurrentAssetsChange,32
260|16.80208032715082|53|0.31702038353114753|1.7333333333333334|TotalCurrentAssetsChange,32
265|16.80208032715082|51|0.3294525554343298|1.4705882352941178|TotalCurrentAssetsChange,32
270|16.80208032715082|51|0.3294525554343298|1.4705882352941178|TotalCurrentAssetsChange,32
275|16.80208032715082|51|0.3294525554343298|1.4705882352941178|TotalCurrentAssetsChange,32
280|16.80208032715082|49|0.342899598513282|1.6|TotalCurrentAssetsChange,32
285|16.80208032715082|45|0.3733795628255737|1.4666666666666666|TotalCurrentAssets09,30
290|16.80208032715082|41|0.40980683724758094|1.4285714285714286|TotalCurrentAssets09,30
295|16.80208032715082|41|0.40980683724758094|1.4285714285714286|TotalCurrentAssets09,30
300|16.80208032715082|41|0.40980683724758094|1.4285714285714286|TotalCurrentAssets09,30
305|16.80208032715082|41|0.40980683724758094|1.4285714285714286|TotalCurrentAssets09,30
310|16.80208032715082|41|0.40980683724758094|1.4285714285714286|TotalCurrentAssets09,30
315|16.80208032715082|41|0.40980683724758094|1.4285714285714286|TotalCurrentAssets09,30
320|16.80208032715082|41|0.40980683724758094|1.4285714285714286|TotalCurrentAssets09,30
325|16.80208032715082|41|0.40980683724758094|1.4285714285714286|TotalCurrentAssets09,30
330|16.80208032715082|37|0.45411027911218427|1.3846153846153846|TotalCurrentAssetsChange,32
335|16.80208032715082|37|0.45411027911218427|1.3846153846153846|TotalCurrentAssetsChange,32
340|16.80208032715082|37|0.45411027911218427|1.3846153846153846|TotalCurrentAssetsChange,32
345|16.80208032715082|37|0.45411027911218427|1.3846153846153846|TotalCurrentAssetsChange,32
350|16.80208032715082|37|0.45411027911218427|1.3846153846153846|TotalCurrentAssetsChange,32
355|16.80208032715082|37|0.45411027911218427|1.3846153846153846|TotalCurrentAssetsChange,32
360|16.80208032715082|37|0.45411027911218427|1.3846153846153846|TotalCurrentAssetsChange,32
365|16.80208032715082|37|0.45411027911218427|1.3846153846153846|TotalCurrentAssetsChange,32
370|16.80208032715082|37|0.45411027911218427|1.3846153846153846|TotalCurrentAssetsChange,32
375|16.80208032715082|37|0.45411027911218427|1.3846153846153846|TotalCurrentAssetsChange,32
380|16.80208032715082|37|0.45411027911218427|1.3846153846153846|TotalCurrentAssetsChange,32
385|16.80208032715082|37|0.45411027911218427|1.3846153846153846|TotalCurrentAssetsChange,32
390|16.80208032715082|35|0.4800594379185948|1.4166666666666667|OperatingMargin10,4
395|16.80208032715082|35|0.4800594379185948|1.4166666666666667|OperatingMargin10,4
400|16.914542310721313|55|0.3075371329222057|2.076923076923077|TotalCurrentAssetsChange,32
405|16.914542310721313|55|0.3075371329222057|2.076923076923077|TotalCurrentAssetsChange,32
410|16.914542310721313|55|0.3075371329222057|2.076923076923077|TotalCurrentAssetsChange,32
415|17.096143360849183|55|0.31083897019725787|2.076923076923077|GrossMargin10,1
420|17.096143360849183|55|0.31083897019725787|2.076923076923077|GrossMargin10,1
425|17.096143360849183|55|0.31083897019725787|2.076923076923077|GrossMargin10,1
430|17.096143360849183|45|0.37991429690775963|1.6923076923076923|TotalCurrentAssetsChange,32
435|17.115275022554098|53|0.3229297174066811|2.0|GrossMargin10,1
440|17.115275022554098|53|0.3229297174066811|2.0|GrossMargin10,1
445|17.115275022554098|53|0.3229297174066811|2.0|GrossMargin10,1
450|17.115275022554098|51|0.3355936278932176|1.7857142857142858|OperatingMargin10,4
455|17.115275022554098|43|0.3980296516873046|1.5|GrossMargin10,1
460|17.115275022554098|43|0.3980296516873046|1.5|GrossMargin10,1
465|17.115275022554098|43|0.3980296516873046|1.5|GrossMargin10,1
470|17.115275022554098|41|0.417445732257417|1.5384615384615385|TotalCurrentAssetsChange,32
475|17.115275022554098|41|0.417445732257417|1.5384615384615385|TotalCurrentAssetsChange,32
480|17.115275022554098|41|0.417445732257417|1.5384615384615385|TotalCurrentAssetsChange,32
485|17.115275022554098|41|0.417445732257417|1.5384615384615385|TotalCurrentAssetsChange,32
490|17.115275022554098|41|0.417445732257417|1.5384615384615385|TotalCurrentAssetsChange,32
495|17.115275022554098|39|0.4388532057065153|1.4615384615384615|GrossMargin10,1
500|17.115275022554098|39|0.4388532057065153|1.4615384615384615|GrossMargin10,1
505|17.115275022554098|39|0.4388532057065153|1.4615384615384615|GrossMargin10,1
510|17.115275022554098|39|0.4388532057065153|1.4615384615384615|GrossMargin10,1
515|17.115275022554098|39|0.4388532057065153|1.4615384615384615|GrossMargin10,1
520|17.115275022554098|39|0.4388532057065153|1.4615384615384615|GrossMargin10,1
525|17.115275022554098|39|0.4388532057065153|1.4615384615384615|GrossMargin10,1
530|17.115275022554098|39|0.4388532057065153|1.4615384615384615|GrossMargin10,1
535|17.115275022554098|39|0.4388532057065153|1.4615384615384615|GrossMargin10,1
540|17.115275022554098|39|0.4388532057065153|1.4615384615384615|GrossMargin10,1
545|17.115275022554098|39|0.4388532057065153|1.4615384615384615|GrossMargin10,1
550|17.115275022554098|39|0.4388532057065153|1.4615384615384615|GrossMargin10,1
555|17.115275022554098|39|0.4388532057065153|1.4615384615384615|GrossMargin10,1
560|17.115275022554098|39|0.4388532057065153|1.4615384615384615|GrossMargin10,1
565|17.115275022554098|39|0.4388532057065153|1.4615384615384615|GrossMargin10,1
570|17.115275022554098|39|0.4388532057065153|1.4615384615384615|GrossMargin10,1
575|17.115275022554098|39|0.4388532057065153|1.4615384615384615|GrossMargin10,1
580|17.115275022554098|37|0.4625750006095702|1.3846153846153846|TotalCurrentAssetsChange,32
585|17.115275022554098|37|0.4625750006095702|1.3846153846153846|TotalCurrentAssetsChange,32
590|17.115275022554098|37|0.4625750006095702|1.3846153846153846|TotalCurrentAssetsChange,32
595|17.115275022554098|37|0.4625750006095702|1.3846153846153846|TotalCurrentAssetsChange,32
600|17.115275022554098|37|0.4625750006095702|1.3846153846153846|TotalCurrentAssetsChange,32
605|17.115275022554098|37|0.4625750006095702|1.3846153846153846|TotalCurrentAssetsChange,32
610|17.115275022554098|35|0.4890078577872599|1.5454545454545454|SGAExpenses10,13
615|17.115275022554098|35|0.4890078577872599|1.5454545454545454|SGAExpenses10,13
620|17.115275022554098|35|0.4890078577872599|1.5454545454545454|SGAExpenses10,13
625|17.115275022554098|35|0.4890078577872599|1.5454545454545454|SGAExpenses10,13
630|17.115275022554098|35|0.4890078577872599|1.5454545454545454|SGAExpenses10,13
635|17.115275022554098|35|0.4890078577872599|1.5454545454545454|SGAExpenses10,13
640|17.115275022554098|35|0.4890078577872599|1.5454545454545454|SGAExpenses10,13
645|17.115275022554098|35|0.4890078577872599|1.5454545454545454|SGAExpenses10,13
650|17.115275022554098|35|0.4890078577872599|1.5454545454545454|SGAExpenses10,13
655|17.115275022554098|35|0.4890078577872599|1.5454545454545454|SGAExpenses10,13
660|17.115275022554098|35|0.4890078577872599|1.5454545454545454|SGAExpenses10,13
665|17.115275022554098|35|0.4890078577872599|1.5454545454545454|SGAExpenses10,13
670|17.115275022554098|35|0.4890078577872599|1.5454545454545454|SGAExpenses10,13
675|17.115275022554098|33|0.5186446976531545|1.4545454545454546|SGAExpenses10,13
680|17.115275022554098|33|0.5186446976531545|1.4545454545454546|SGAExpenses10,13
685|17.115275022554098|33|0.5186446976531545|1.4545454545454546|SGAExpenses10,13
690|17.115275022554098|33|0.5186446976531545|1.4545454545454546|SGAExpenses10,13
695|17.115275022554098|33|0.5186446976531545|1.4545454545454546|SGAExpenses10,13
700|17.115275022554098|33|0.5186446976531545|1.4545454545454546|SGAExpenses10,13
705|17.115275022554098|31|0.5521056458888418|1.3636363636363635|SGAExpenses10,13
710|17.115275022554098|31|0.5521056458888418|1.3636363636363635|SGAExpenses10,13
715|17.115275022554098|31|0.5521056458888418|1.3636363636363635|SGAExpenses10,13
720|17.115275022554098|31|0.5521056458888418|1.3636363636363635|SGAExpenses10,13
725|17.115275022554098|31|0.5521056458888418|1.3636363636363635|SGAExpenses10,13
730|17.115275022554098|31|0.5521056458888418|1.3636363636363635|SGAExpenses10,13
735|17.115275022554098|31|0.5521056458888418|1.3636363636363635|SGAExpenses10,13
740|17.115275022554098|31|0.5521056458888418|1.3636363636363635|SGAExpenses10,13
745|17.115275022554098|31|0.5521056458888418|1.3636363636363635|SGAExpenses10,13
750|17.115275022554098|31|0.5521056458888418|1.3636363636363635|SGAExpenses10,13
755|17.115275022554098|31|0.5521056458888418|1.3636363636363635|SGAExpenses10,13
760|17.115275022554098|31|0.5521056458888418|1.3636363636363635|SGAExpenses10,13
765|17.115275022554098|31|0.5521056458888418|1.3636363636363635|SGAExpenses10,13
770|17.115275022554098|31|0.5521056458888418|1.3636363636363635|SGAExpenses10,13
775|17.115275022554098|31|0.5521056458888418|1.3636363636363635|SGAExpenses10,13
780|17.115275022554098|31|0.5521056458888418|1.3636363636363635|SGAExpenses10,13
785|17.115275022554098|31|0.5521056458888418|1.3636363636363635|SGAExpenses10,13
790|17.115275022554098|31|0.5521056458888418|1.3636363636363635|SGAExpenses10,13
795|17.115275022554098|31|0.5521056458888418|1.3636363636363635|SGAExpenses10,13
800|17.115275022554098|31|0.5521056458888418|1.3636363636363635|SGAExpenses10,13
805|17.115275022554098|31|0.5521056458888418|1.3636363636363635|SGAExpenses10,13
810|17.115275022554098|31|0.5521056458888418|1.3636363636363635|SGAExpenses10,13
815|17.115275022554098|31|0.5521056458888418|1.3636363636363635|SGAExpenses10,13
820|17.115275022554098|31|0.5521056458888418|1.3636363636363635|SGAExpenses10,13
825|17.115275022554098|31|0.5521056458888418|1.3636363636363635|SGAExpenses10,13
830|17.115275022554098|31|0.5521056458888418|1.3636363636363635|SGAExpenses10,13
835|17.115275022554098|31|0.5521056458888418|1.3636363636363635|SGAExpenses10,13
840|17.115275022554098|31|0.5521056458888418|1.3636363636363635|SGAExpenses10,13
845|17.115275022554098|31|0.5521056458888418|1.3636363636363635|SGAExpenses10,13
850|17.115275022554098|31|0.5521056458888418|1.3636363636363635|SGAExpenses10,13
855|17.115275022554098|31|0.5521056458888418|1.3636363636363635|SGAExpenses10,13
860|17.115275022554098|31|0.5521056458888418|1.3636363636363635|SGAExpenses10,13
865|17.115275022554098|31|0.5521056458888418|1.3636363636363635|SGAExpenses10,13
870|17.115275022554098|31|0.5521056458888418|1.3636363636363635|SGAExpenses10,13
875|17.115275022554098|31|0.5521056458888418|1.3636363636363635|SGAExpenses10,13
880|17.115275022554098|31|0.5521056458888418|1.3636363636363635|SGAExpenses10,13
885|17.115275022554098|31|0.5521056458888418|1.3636363636363635|SGAExpenses10,13
890|17.115275022554098|31|0.5521056458888418|1.3636363636363635|SGAExpenses10,13
895|17.115275022554098|31|0.5521056458888418|1.3636363636363635|SGAExpenses10,13
900|17.115275022554098|31|0.5521056458888418|1.3636363636363635|SGAExpenses10,13
905|17.115275022554098|31|0.5521056458888418|1.3636363636363635|SGAExpenses10,13
910|17.115275022554098|31|0.5521056458888418|1.3636363636363635|SGAExpenses10,13
915|17.115275022554098|31|0.5521056458888418|1.3636363636363635|SGAExpenses10,13
920|17.115275022554098|31|0.5521056458888418|1.3636363636363635|SGAExpenses10,13
925|17.115275022554098|31|0.5521056458888418|1.3636363636363635|SGAExpenses10,13
930|17.115275022554098|31|0.5521056458888418|1.3636363636363635|SGAExpenses10,13
935|17.115275022554098|31|0.5521056458888418|1.3636363636363635|SGAExpenses10,13
940|17.115275022554098|31|0.5521056458888418|1.3636363636363635|SGAExpenses10,13
945|17.193080544937708|33|0.5210024407556881|1.3333333333333333|TotalCurrentAssetsChange,32
950|17.193080544937708|33|0.5210024407556881|1.3333333333333333|TotalCurrentAssetsChange,32
955|17.193080544937708|33|0.5210024407556881|1.3333333333333333|TotalCurrentAssetsChange,32
960|17.193080544937708|33|0.5210024407556881|1.3333333333333333|TotalCurrentAssetsChange,32
965|17.193080544937708|33|0.5210024407556881|1.3333333333333333|TotalCurrentAssetsChange,32
970|17.193080544937708|33|0.5210024407556881|1.3333333333333333|TotalCurrentAssetsChange,32
975|17.193080544937708|31|0.5546155014496035|1.25|TotalCurrentAssetsChange,32
980|17.193080544937708|31|0.5546155014496035|1.25|TotalCurrentAssetsChange,32
985|17.193080544937708|31|0.5546155014496035|1.25|TotalCurrentAssetsChange,32
990|17.193080544937708|31|0.5546155014496035|1.25|TotalCurrentAssetsChange,32
995|17.193080544937708|31|0.5546155014496035|1.25|TotalCurrentAssetsChange,32
1000|17.193080544937708|31|0.5546155014496035|1.25|TotalCurrentAssetsChange,32
1005|17.193080544937708|31|0.5546155014496035|1.25|TotalCurrentAssetsChange,32
1010|17.193080544937708|31|0.5546155014496035|1.25|TotalCurrentAssetsChange,32
1015|17.193080544937708|31|0.5546155014496035|1.25|TotalCurrentAssetsChange,32
1020|17.193080544937708|31|0.5546155014496035|1.25|TotalCurrentAssetsChange,32
1025|17.193080544937708|31|0.5546155014496035|1.25|TotalCurrentAssetsChange,32
1030|17.193080544937708|31|0.5546155014496035|1.25|TotalCurrentAssetsChange,32
1035|17.193080544937708|31|0.5546155014496035|1.25|TotalCurrentAssetsChange,32
1040|17.193080544937708|31|0.5546155014496035|1.25|TotalCurrentAssetsChange,32
1045|17.193080544937708|31|0.5546155014496035|1.25|TotalCurrentAssetsChange,32
1050|17.193080544937708|31|0.5546155014496035|1.25|TotalCurrentAssetsChange,32
1055|17.193080544937708|31|0.5546155014496035|1.25|TotalCurrentAssetsChange,32
1060|17.193080544937708|31|0.5546155014496035|1.25|TotalCurrentAssetsChange,32
1065|17.193080544937708|31|0.5546155014496035|1.25|TotalCurrentAssetsChange,32
1070|17.193080544937708|31|0.5546155014496035|1.25|TotalCurrentAssetsChange,32
1075|17.193080544937708|31|0.5546155014496035|1.25|TotalCurrentAssetsChange,32
1080|17.193080544937708|31|0.5546155014496035|1.25|TotalCurrentAssetsChange,32
1085|17.193080544937708|31|0.5546155014496035|1.25|TotalCurrentAssetsChange,32
1090|17.193080544937708|31|0.5546155014496035|1.25|TotalCurrentAssetsChange,32
1095|17.193080544937708|31|0.5546155014496035|1.25|TotalCurrentAssetsChange,32
1100|17.193080544937708|31|0.5546155014496035|1.25|TotalCurrentAssetsChange,32
1105|17.193080544937708|31|0.5546155014496035|1.25|TotalCurrentAssetsChange,32
1110|17.193080544937708|31|0.5546155014496035|1.25|TotalCurrentAssetsChange,32
1115|17.193080544937708|31|0.5546155014496035|1.25|TotalCurrentAssetsChange,32
1120|17.193080544937708|31|0.5546155014496035|1.25|TotalCurrentAssetsChange,32
1125|17.193080544937708|31|0.5546155014496035|1.25|TotalCurrentAssetsChange,32
1130|17.193080544937708|31|0.5546155014496035|1.25|TotalCurrentAssetsChange,32
1135|17.193080544937708|31|0.5546155014496035|1.25|TotalCurrentAssetsChange,32
1140|17.193080544937708|31|0.5546155014496035|1.25|TotalCurrentAssetsChange,32
1145|17.193080544937708|31|0.5546155014496035|1.25|TotalCurrentAssetsChange,32
1150|17.193080544937708|31|0.5546155014496035|1.25|TotalCurrentAssetsChange,32
1155|17.193080544937708|31|0.5546155014496035|1.25|TotalCurrentAssetsChange,32
1160|17.193080544937708|31|0.5546155014496035|1.25|TotalCurrentAssetsChange,32
1165|17.193080544937708|31|0.5546155014496035|1.25|TotalCurrentAssetsChange,32
1170|17.193080544937708|31|0.5546155014496035|1.25|TotalCurrentAssetsChange,32
1175|17.193080544937708|31|0.5546155014496035|1.25|TotalCurrentAssetsChange,32
1180|17.193080544937708|31|0.5546155014496035|1.25|TotalCurrentAssetsChange,32
1185|17.193080544937708|31|0.5546155014496035|1.25|TotalCurrentAssetsChange,32
1190|17.193080544937708|31|0.5546155014496035|1.25|TotalCurrentAssetsChange,32
1195|17.193080544937708|31|0.5546155014496035|1.25|TotalCurrentAssetsChange,32
1200|17.193080544937708|31|0.5546155014496035|1.25|TotalCurrentAssetsChange,32
1205|17.193080544937708|31|0.5546155014496035|1.25|TotalCurrentAssetsChange,32
1210|17.193080544937708|31|0.5546155014496035|1.25|TotalCurrentAssetsChange,32
1215|17.193080544937708|31|0.5546155014496035|1.25|TotalCurrentAssetsChange,32
1220|17.193080544937708|31|0.5546155014496035|1.25|TotalCurrentAssetsChange,32
1225|17.193080544937708|31|0.5546155014496035|1.25|TotalCurrentAssetsChange,32
1230|17.193080544937708|31|0.5546155014496035|1.25|TotalCurrentAssetsChange,32
1235|17.193080544937708|31|0.5546155014496035|1.25|TotalCurrentAssetsChange,32
1240|17.193080544937708|31|0.5546155014496035|1.25|TotalCurrentAssetsChange,32
1245|17.193080544937708|31|0.5546155014496035|1.25|TotalCurrentAssetsChange,32
1250|17.193080544937708|31|0.5546155014496035|1.25|TotalCurrentAssetsChange,32
1255|17.193080544937708|31|0.5546155014496035|1.25|TotalCurrentAssetsChange,32
1260|17.193080544937708|31|0.5546155014496035|1.25|TotalCurrentAssetsChange,32
1265|17.193080544937708|31|0.5546155014496035|1.25|TotalCurrentAssetsChange,32
1270|17.193080544937708|31|0.5546155014496035|1.25|TotalCurrentAssetsChange,32
1275|17.193080544937708|31|0.5546155014496035|1.25|TotalCurrentAssetsChange,32
1280|17.193080544937708|31|0.5546155014496035|1.25|TotalCurrentAssetsChange,32
1285|17.193080544937708|31|0.5546155014496035|1.25|TotalCurrentAssetsChange,32
1290|17.193080544937708|31|0.5546155014496035|1.25|TotalCurrentAssetsChange,32
1295|17.193080544937708|31|0.5546155014496035|1.25|TotalCurrentAssetsChange,32
1300|17.193080544937708|31|0.5546155014496035|1.25|TotalCurrentAssetsChange,32
1305|17.193080544937708|31|0.5546155014496035|1.25|TotalCurrentAssetsChange,32
1310|17.193080544937708|31|0.5546155014496035|1.25|TotalCurrentAssetsChange,32
1315|17.193080544937708|31|0.5546155014496035|1.25|TotalCurrentAssetsChange,32
1320|17.193080544937708|31|0.5546155014496035|1.25|TotalCurrentAssetsChange,32
1325|17.193080544937708|31|0.5546155014496035|1.25|TotalCurrentAssetsChange,32
1330|17.193080544937708|31|0.5546155014496035|1.25|TotalCurrentAssetsChange,32
1335|17.193080544937708|31|0.5546155014496035|1.25|TotalCurrentAssetsChange,32
1340|17.193080544937708|31|0.5546155014496035|1.25|TotalCurrentAssetsChange,32
1345|17.193080544937708|31|0.5546155014496035|1.25|TotalCurrentAssetsChange,32
1350|17.193080544937708|31|0.5546155014496035|1.25|TotalCurrentAssetsChange,32
1355|17.193080544937708|31|0.5546155014496035|1.25|TotalCurrentAssetsChange,32
1360|17.193080544937708|31|0.5546155014496035|1.25|TotalCurrentAssetsChange,32
1365|17.193080544937708|31|0.5546155014496035|1.25|TotalCurrentAssetsChange,32
1370|17.193080544937708|31|0.5546155014496035|1.25|TotalCurrentAssetsChange,32
1375|17.193080544937708|31|0.5546155014496035|1.25|TotalCurrentAssetsChange,32
1380|17.193080544937708|31|0.5546155014496035|1.25|TotalCurrentAssetsChange,32
1385|17.193080544937708|31|0.5546155014496035|1.25|TotalCurrentAssetsChange,32
1390|17.193080544937708|31|0.5546155014496035|1.25|TotalCurrentAssetsChange,32
1395|17.193080544937708|31|0.5546155014496035|1.25|TotalCurrentAssetsChange,32
1400|17.193080544937708|31|0.5546155014496035|1.25|TotalCurrentAssetsChange,32
1405|17.193080544937708|31|0.5546155014496035|1.25|TotalCurrentAssetsChange,32
1410|17.193080544937708|31|0.5546155014496035|1.25|TotalCurrentAssetsChange,32
1415|17.193080544937708|31|0.5546155014496035|1.25|TotalCurrentAssetsChange,32
1420|17.193080544937708|31|0.5546155014496035|1.25|TotalCurrentAssetsChange,32
1425|17.193080544937708|31|0.5546155014496035|1.25|TotalCurrentAssetsChange,32
1430|17.193080544937708|31|0.5546155014496035|1.25|TotalCurrentAssetsChange,32
1435|17.193080544937708|31|0.5546155014496035|1.25|TotalCurrentAssetsChange,32
1440|17.193080544937708|31|0.5546155014496035|1.25|TotalCurrentAssetsChange,32
1445|17.193080544937708|31|0.5546155014496035|1.25|TotalCurrentAssetsChange,32
1450|17.193080544937708|31|0.5546155014496035|1.25|TotalCurrentAssetsChange,32
1455|17.193080544937708|31|0.5546155014496035|1.25|TotalCurrentAssetsChange,32
1460|17.193080544937708|31|0.5546155014496035|1.25|TotalCurrentAssetsChange,32
1465|17.193080544937708|31|0.5546155014496035|1.25|TotalCurrentAssetsChange,32
1470|17.193080544937708|31|0.5546155014496035|1.25|TotalCurrentAssetsChange,32
1475|17.193080544937708|31|0.5546155014496035|1.25|TotalCurrentAssetsChange,32
1480|17.193080544937708|31|0.5546155014496035|1.25|TotalCurrentAssetsChange,32
1485|17.193080544937708|31|0.5546155014496035|1.25|TotalCurrentAssetsChange,32
1490|17.193080544937708|31|0.5546155014496035|1.25|TotalCurrentAssetsChange,32
1495|17.193080544937708|31|0.5546155014496035|1.25|TotalCurrentAssetsChange,32
1500|17.193080544937708|31|0.5546155014496035|1.25|TotalCurrentAssetsChange,32
1505|17.193080544937708|31|0.5546155014496035|1.25|TotalCurrentAssetsChange,32
1510|17.193080544937708|31|0.5546155014496035|1.25|TotalCurrentAssetsChange,32
1515|17.193080544937708|31|0.5546155014496035|1.25|TotalCurrentAssetsChange,32
1520|17.193080544937708|31|0.5546155014496035|1.25|TotalCurrentAssetsChange,32
1525|17.193080544937708|31|0.5546155014496035|1.25|TotalCurrentAssetsChange,32
1530|17.193080544937708|31|0.5546155014496035|1.25|TotalCurrentAssetsChange,32
1535|17.193080544937708|31|0.5546155014496035|1.25|TotalCurrentAssetsChange,32
1540|17.193080544937708|31|0.5546155014496035|1.25|TotalCurrentAssetsChange,32
1545|17.193080544937708|31|0.5546155014496035|1.25|TotalCurrentAssetsChange,32
1550|17.193080544937708|31|0.5546155014496035|1.25|TotalCurrentAssetsChange,32
1555|17.193080544937708|31|0.5546155014496035|1.25|TotalCurrentAssetsChange,32
1560|17.193080544937708|31|0.5546155014496035|1.25|TotalCurrentAssetsChange,32
1565|17.193080544937708|31|0.5546155014496035|1.25|TotalCurrentAssetsChange,32
1570|17.193080544937708|31|0.5546155014496035|1.25|TotalCurrentAssetsChange,32
1575|17.193080544937708|31|0.5546155014496035|1.25|TotalCurrentAssetsChange,32
1580|17.193080544937708|31|0.5546155014496035|1.25|TotalCurrentAssetsChange,32
1585|17.193080544937708|31|0.5546155014496035|1.25|TotalCurrentAssetsChange,32
1590|17.193080544937708|31|0.5546155014496035|1.25|TotalCurrentAssetsChange,32
1595|17.193080544937708|31|0.5546155014496035|1.25|TotalCurrentAssetsChange,32
1600|17.193080544937708|31|0.5546155014496035|1.25|TotalCurrentAssetsChange,32
1605|17.193080544937708|31|0.5546155014496035|1.25|TotalCurrentAssetsChange,32
1610|17.193080544937708|31|0.5546155014496035|1.25|TotalCurrentAssetsChange,32
1615|17.193080544937708|31|0.5546155014496035|1.25|TotalCurrentAssetsChange,32
1620|17.193080544937708|31|0.5546155014496035|1.25|TotalCurrentAssetsChange,32
1625|17.193080544937708|31|0.5546155014496035|1.25|TotalCurrentAssetsChange,32
1630|17.193080544937708|31|0.5546155014496035|1.25|TotalCurrentAssetsChange,32
1635|17.193080544937708|31|0.5546155014496035|1.25|TotalCurrentAssetsChange,32
1640|17.193080544937708|31|0.5546155014496035|1.25|TotalCurrentAssetsChange,32
1645|17.193080544937708|31|0.5546155014496035|1.25|TotalCurrentAssetsChange,32
1650|17.193080544937708|31|0.5546155014496035|1.25|TotalCurrentAssetsChange,32
1655|17.193080544937708|31|0.5546155014496035|1.25|TotalCurrentAssetsChange,32
1660|17.193080544937708|31|0.5546155014496035|1.25|TotalCurrentAssetsChange,32
1665|17.193080544937708|31|0.5546155014496035|1.25|TotalCurrentAssetsChange,32
1670|17.193080544937708|31|0.5546155014496035|1.25|TotalCurrentAssetsChange,32
1675|17.193080544937708|31|0.5546155014496035|1.25|TotalCurrentAssetsChange,32
1680|17.193080544937708|31|0.5546155014496035|1.25|TotalCurrentAssetsChange,32
1685|17.193080544937708|31|0.5546155014496035|1.25|TotalCurrentAssetsChange,32
1690|17.193080544937708|31|0.5546155014496035|1.25|TotalCurrentAssetsChange,32
1695|17.193080544937708|31|0.5546155014496035|1.25|TotalCurrentAssetsChange,32
1700|17.193080544937708|31|0.5546155014496035|1.25|TotalCurrentAssetsChange,32
1705|17.193080544937708|31|0.5546155014496035|1.25|TotalCurrentAssetsChange,32
1710|17.193080544937708|31|0.5546155014496035|1.25|TotalCurrentAssetsChange,32
1715|17.193080544937708|31|0.5546155014496035|1.25|TotalCurrentAssetsChange,32
1720|17.193080544937708|31|0.5546155014496035|1.25|TotalCurrentAssetsChange,32
1725|17.193080544937708|31|0.5546155014496035|1.25|TotalCurrentAssetsChange,32
1730|17.193080544937708|31|0.5546155014496035|1.25|TotalCurrentAssetsChange,32
1735|17.193080544937708|31|0.5546155014496035|1.25|TotalCurrentAssetsChange,32
1740|17.193080544937708|31|0.5546155014496035|1.25|TotalCurrentAssetsChange,32
1745|17.193080544937708|31|0.5546155014496035|1.25|TotalCurrentAssetsChange,32
1750|17.193080544937708|31|0.5546155014496035|1.25|TotalCurrentAssetsChange,32
1755|17.193080544937708|31|0.5546155014496035|1.25|TotalCurrentAssetsChange,32
1760|17.193080544937708|31|0.5546155014496035|1.25|TotalCurrentAssetsChange,32
1765|17.193080544937708|31|0.5546155014496035|1.25|TotalCurrentAssetsChange,32
1770|17.193080544937708|31|0.5546155014496035|1.25|TotalCurrentAssetsChange,32
1775|17.193080544937708|31|0.5546155014496035|1.25|TotalCurrentAssetsChange,32
1780|17.193080544937708|31|0.5546155014496035|1.25|TotalCurrentAssetsChange,32
1785|17.193080544937708|31|0.5546155014496035|1.25|TotalCurrentAssetsChange,32
1790|17.193080544937708|31|0.5546155014496035|1.25|TotalCurrentAssetsChange,32
1795|17.193080544937708|31|0.5546155014496035|1.25|TotalCurrentAssetsChange,32
1800|17.193080544937708|31|0.5546155014496035|1.25|TotalCurrentAssetsChange,32
1805|17.193080544937708|31|0.5546155014496035|1.25|TotalCurrentAssetsChange,32
1810|17.193080544937708|31|0.5546155014496035|1.25|TotalCurrentAssetsChange,32
1815|17.193080544937708|31|0.5546155014496035|1.25|TotalCurrentAssetsChange,32
1820|17.193080544937708|31|0.5546155014496035|1.25|TotalCurrentAssetsChange,32
1825|17.193080544937708|31|0.5546155014496035|1.25|TotalCurrentAssetsChange,32
1830|17.193080544937708|31|0.5546155014496035|1.25|TotalCurrentAssetsChange,32
1835|17.193080544937708|31|0.5546155014496035|1.25|TotalCurrentAssetsChange,32
1840|17.193080544937708|31|0.5546155014496035|1.25|TotalCurrentAssetsChange,32
1845|17.193080544937708|31|0.5546155014496035|1.25|TotalCurrentAssetsChange,32
1850|17.193080544937708|31|0.5546155014496035|1.25|TotalCurrentAssetsChange,32
1855|17.193080544937708|31|0.5546155014496035|1.25|TotalCurrentAssetsChange,32
1860|17.193080544937708|31|0.5546155014496035|1.25|TotalCurrentAssetsChange,32
1865|17.193080544937708|31|0.5546155014496035|1.25|TotalCurrentAssetsChange,32
1870|17.193080544937708|31|0.5546155014496035|1.25|TotalCurrentAssetsChange,32
1875|17.193080544937708|31|0.5546155014496035|1.25|TotalCurrentAssetsChange,32
1880|17.193080544937708|31|0.5546155014496035|1.25|TotalCurrentAssetsChange,32
1885|17.193080544937708|31|0.5546155014496035|1.25|TotalCurrentAssetsChange,32
1890|17.193080544937708|31|0.5546155014496035|1.25|TotalCurrentAssetsChange,32
1895|17.193080544937708|31|0.5546155014496035|1.25|TotalCurrentAssetsChange,32
1900|17.193080544937708|31|0.5546155014496035|1.25|TotalCurrentAssetsChange,32
1905|17.193080544937708|31|0.5546155014496035|1.25|TotalCurrentAssetsChange,32
1910|17.193080544937708|31|0.5546155014496035|1.25|TotalCurrentAssetsChange,32
1915|17.193080544937708|31|0.5546155014496035|1.25|TotalCurrentAssetsChange,32
1920|17.193080544937708|31|0.5546155014496035|1.25|TotalCurrentAssetsChange,32
1925|17.193080544937708|31|0.5546155014496035|1.25|TotalCurrentAssetsChange,32
1930|17.193080544937708|31|0.5546155014496035|1.25|TotalCurrentAssetsChange,32
1935|17.193080544937708|31|0.5546155014496035|1.25|TotalCurrentAssetsChange,32
1940|17.193080544937708|31|0.5546155014496035|1.25|TotalCurrentAssetsChange,32
1945|17.193080544937708|31|0.5546155014496035|1.25|TotalCurrentAssetsChange,32
1950|17.193080544937708|31|0.5546155014496035|1.25|TotalCurrentAssetsChange,32
1955|17.193080544937708|31|0.5546155014496035|1.25|TotalCurrentAssetsChange,32
1960|17.193080544937708|31|0.5546155014496035|1.25|TotalCurrentAssetsChange,32
1965|17.193080544937708|31|0.5546155014496035|1.25|TotalCurrentAssetsChange,32
1970|17.193080544937708|31|0.5546155014496035|1.25|TotalCurrentAssetsChange,32
1975|17.193080544937708|31|0.5546155014496035|1.25|TotalCurrentAssetsChange,32
1980|17.193080544937708|31|0.5546155014496035|1.25|TotalCurrentAssetsChange,32
1985|17.193080544937708|31|0.5546155014496035|1.25|TotalCurrentAssetsChange,32
1990|17.193080544937708|31|0.5546155014496035|1.25|TotalCurrentAssetsChange,32
1995|17.193080544937708|31|0.5546155014496035|1.25|TotalCurrentAssetsChange,32
2000|17.193080544937708|31|0.5546155014496035|1.25|TotalCurrentAssetsChange,32
