#########################################################
# Algorithm Parameters #
# Generations = 2000
# Population size = 100
# Resolution = 5
#########################################################
# Financial Parameters #
# Quarter = 2
# Crossover probabilities = 0.75 -> 0.25
# Mutation start probabilities = 0.9,0.0,0.6,0.5,0.6,0.9
# Mutation end probabilities = 0.4,0.4,0.1,0.1,0.1,0.4
######################################################### 
0|7.592382408539347|7|1.0846260583627638|1.0|GrossMarginChange,2
5|8.61380606865738|9|0.9570895631841534|1.0|GrossMarginChange,2
10|8.678738267227873|11|0.7889762061116248|1.0|GrossMarginChange,2
15|9.21417519913935|21|0.43877024757806427|1.1111111111111112|ReturnOnEquity09,21
20|9.66595435369673|19|0.5087344396682489|1.2857142857142858|GrossMarginChange,2
25|9.66595435369673|15|0.6443969569131153|1.0|GrossMarginChange,2
30|9.66595435369673|15|0.6443969569131153|1.0|GrossMarginChange,2
35|9.906045780513121|19|0.5213708305533222|1.125|ReturnOnEquity09,21
40|9.906045780513121|19|0.5213708305533222|1.125|ReturnOnEquity09,21
45|10.073816195752467|19|0.5302008524080246|1.2857142857142858|GrossMarginChange,2
50|10.073816195752467|19|0.5302008524080246|1.2857142857142858|GrossMarginChange,2
55|10.073816195752467|19|0.5302008524080246|1.2857142857142858|GrossMarginChange,2
60|10.322351364290165|21|0.49154054115667456|1.25|GrossMarginChange,2
65|10.322351364290165|21|0.49154054115667456|1.25|GrossMarginChange,2
70|10.322351364290165|21|0.49154054115667456|1.25|GrossMarginChange,2
75|10.562442791106559|31|0.3407239610034374|1.25|GrossMarginChange,2
80|10.562442791106559|25|0.42249771164426236|1.2|GrossMarginChange,2
85|10.820855138844264|31|0.3490598431885246|1.25|GrossMarginChange,2
90|10.820855138844264|31|0.3490598431885246|1.25|GrossMarginChange,2
95|10.820855138844264|31|0.3490598431885246|1.25|GrossMarginChange,2
100|10.868444964640986|33|0.3293468171103329|1.3333333333333333|BookValuePerShare10,10
105|10.868444964640986|33|0.3293468171103329|1.3333333333333333|BookValuePerShare10,10
110|10.868444964640986|31|0.35059499885938666|1.25|GrossMarginChange,2
115|10.868444964640986|31|0.35059499885938666|1.25|GrossMarginChange,2
120|10.868444964640986|29|0.37477396429796506|1.1666666666666667|GrossMarginChange,2
125|10.868444964640986|29|0.37477396429796506|1.1666666666666667|GrossMarginChange,2
130|10.868444964640986|27|0.4025349986904069|1.1818181818181819|GrossMarginChange,2
135|10.868444964640986|27|0.4025349986904069|1.1818181818181819|GrossMarginChange,2
140|10.868444964640986|27|0.4025349986904069|1.1818181818181819|GrossMarginChange,2
145|10.868444964640986|27|0.4025349986904069|1.1818181818181819|GrossMarginChange,2
150|10.986621454136067|29|0.3788490156598644|1.1666666666666667|GrossMarginChange,2
155|10.986621454136067|29|0.3788490156598644|1.1666666666666667|GrossMarginChange,2
160|10.986621454136067|29|0.3788490156598644|1.1666666666666667|GrossMarginChange,2
165|10.986621454136067|29|0.3788490156598644|1.1666666666666667|GrossMarginChange,2
170|10.986621454136067|27|0.4069119057087432|1.1818181818181819|GrossMarginChange,2
175|10.986621454136067|27|0.4069119057087432|1.1818181818181819|GrossMarginChange,2
180|10.986621454136067|27|0.4069119057087432|1.1818181818181819|GrossMarginChange,2
185|10.986621454136067|27|0.4069119057087432|1.1818181818181819|GrossMarginChange,2
190|10.986621454136067|27|0.4069119057087432|1.1818181818181819|GrossMarginChange,2
195|10.986621454136067|27|0.4069119057087432|1.1818181818181819|GrossMarginChange,2
200|10.986621454136067|27|0.4069119057087432|1.1818181818181819|GrossMarginChange,2
205|10.986621454136067|27|0.4069119057087432|1.1818181818181819|GrossMarginChange,2
210|10.986621454136067|27|0.4069119057087432|1.1818181818181819|GrossMarginChange,2
215|10.986621454136067|27|0.4069119057087432|1.1818181818181819|GrossMarginChange,2
220|10.986621454136067|27|0.4069119057087432|1.1818181818181819|GrossMarginChange,2
225|10.986621454136067|27|0.4069119057087432|1.1818181818181819|GrossMarginChange,2
230|10.986621454136067|27|0.4069119057087432|1.1818181818181819|GrossMarginChange,2
235|10.986621454136067|27|0.4069119057087432|1.1818181818181819|GrossMarginChange,2
240|10.986621454136067|25|0.4394648581654427|1.2|GrossMarginChange,2
245|10.986621454136067|25|0.4394648581654427|1.2|GrossMarginChange,2
250|10.986621454136067|25|0.4394648581654427|1.2|GrossMarginChange,2
255|11.166179787273773|29|0.3850406823197853|1.1666666666666667|GrossMarginChange,2
260|11.166179787273773|29|0.3850406823197853|1.1666666666666667|GrossMarginChange,2
265|11.166179787273773|29|0.3850406823197853|1.1666666666666667|GrossMarginChange,2
270|11.166179787273773|29|0.3850406823197853|1.1666666666666667|GrossMarginChange,2
275|11.42393257569017|33|0.34617977502091424|1.1428571428571428|GrossMarginChange,2
280|11.42393257569017|33|0.34617977502091424|1.1428571428571428|GrossMarginChange,2
285|11.602122169418037|33|0.35157945967933446|1.2307692307692308|GrossMarginChange,2
290|11.602122169418037|33|0.35157945967933446|1.2307692307692308|GrossMarginChange,2
295|11.602122169418037|31|0.37426200546509797|1.1538461538461537|GrossMarginChange,2
300|11.602122169418037|31|0.37426200546509797|1.1538461538461537|GrossMarginChange,2
305|11.602122169418037|31|0.37426200546509797|1.1538461538461537|GrossMarginChange,2
310|11.602122169418037|31|0.37426200546509797|1.1538461538461537|GrossMarginChange,2
315|11.602122169418037|29|0.40007317825579436|1.1666666666666667|GrossMarginChange,2
320|11.602122169418037|29|0.40007317825579436|1.1666666666666667|GrossMarginChange,2
325|11.602122169418037|29|0.40007317825579436|1.1666666666666667|GrossMarginChange,2
330|11.602122169418037|29|0.40007317825579436|1.1666666666666667|GrossMarginChange,2
335|11.602122169418037|29|0.40007317825579436|1.1666666666666667|GrossMarginChange,2
340|11.602122169418037|29|0.40007317825579436|1.1666666666666667|GrossMarginChange,2
345|11.602122169418037|29|0.40007317825579436|1.1666666666666667|GrossMarginChange,2
350|11.602122169418037|29|0.40007317825579436|1.1666666666666667|GrossMarginChange,2
355|11.602122169418037|29|0.40007317825579436|1.1666666666666667|GrossMarginChange,2
360|11.602122169418037|27|0.42970822849696433|1.1818181818181819|GrossMarginChange,2
365|11.602122169418037|27|0.42970822849696433|1.1818181818181819|GrossMarginChange,2
370|11.602122169418037|27|0.42970822849696433|1.1818181818181819|GrossMarginChange,2
375|11.602122169418037|27|0.42970822849696433|1.1818181818181819|GrossMarginChange,2
380|11.602122169418037|27|0.42970822849696433|1.1818181818181819|GrossMarginChange,2
385|11.602122169418037|25|0.46408488677672144|1.0909090909090908|GrossMarginChange,2
390|11.602122169418037|25|0.46408488677672144|1.0909090909090908|GrossMarginChange,2
395|11.602122169418037|25|0.46408488677672144|1.0909090909090908|GrossMarginChange,2
400|11.602122169418037|25|0.46408488677672144|1.0909090909090908|GrossMarginChange,2
405|11.602122169418037|25|0.46408488677672144|1.0909090909090908|GrossMarginChange,2
410|11.602122169418037|25|0.46408488677672144|1.0909090909090908|GrossMarginChange,2
415|11.602122169418037|25|0.46408488677672144|1.0909090909090908|GrossMarginChange,2
420|11.602122169418037|25|0.46408488677672144|1.0909090909090908|GrossMarginChange,2
425|11.602122169418037|25|0.46408488677672144|1.0909090909090908|GrossMarginChange,2
430|11.602122169418037|25|0.46408488677672144|1.0909090909090908|GrossMarginChange,2
435|11.602122169418037|25|0.46408488677672144|1.0909090909090908|GrossMarginChange,2
440|11.602122169418037|25|0.46408488677672144|1.0909090909090908|GrossMarginChange,2
445|11.602122169418037|25|0.46408488677672144|1.0909090909090908|GrossMarginChange,2
450|11.602122169418037|25|0.46408488677672144|1.0909090909090908|GrossMarginChange,2
455|11.602122169418037|25|0.46408488677672144|1.0909090909090908|GrossMarginChange,2
460|11.602122169418037|25|0.46408488677672144|1.0909090909090908|GrossMarginChange,2
465|11.602122169418037|25|0.46408488677672144|1.0909090909090908|GrossMarginChange,2
470|11.602122169418037|25|0.46408488677672144|1.0909090909090908|GrossMarginChange,2
475|11.602122169418037|25|0.46408488677672144|1.0909090909090908|GrossMarginChange,2
480|11.602122169418037|23|0.5044400943225233|1.1|GrossMarginChange,2
485|11.602122169418037|23|0.5044400943225233|1.1|GrossMarginChange,2
490|11.602122169418037|23|0.5044400943225233|1.1|GrossMarginChange,2
495|11.602122169418037|23|0.5044400943225233|1.1|GrossMarginChange,2
500|11.602122169418037|23|0.5044400943225233|1.1|GrossMarginChange,2
505|11.602122169418037|23|0.5044400943225233|1.1|GrossMarginChange,2
510|11.602122169418037|23|0.5044400943225233|1.1|GrossMarginChange,2
515|11.602122169418037|23|0.5044400943225233|1.1|GrossMarginChange,2
520|11.602122169418037|23|0.5044400943225233|1.1|GrossMarginChange,2
525|11.602122169418037|23|0.5044400943225233|1.1|GrossMarginChange,2
530|11.602122169418037|23|0.5044400943225233|1.1|GrossMarginChange,2
535|11.602122169418037|23|0.5044400943225233|1.1|GrossMarginChange,2
540|11.602122169418037|23|0.5044400943225233|1.1|GrossMarginChange,2
545|11.602122169418037|23|0.5044400943225233|1.1|GrossMarginChange,2
550|11.602122169418037|23|0.5044400943225233|1.1|GrossMarginChange,2
555|11.602122169418037|23|0.5044400943225233|1.1|GrossMarginChange,2
560|11.602122169418037|23|0.5044400943225233|1.1|GrossMarginChange,2
565|11.625569051011478|23|0.5054595239570208|1.1|GrossMarginChange,2
570|11.625569051011478|23|0.5054595239570208|1.1|GrossMarginChange,2
575|11.625569051011478|23|0.5054595239570208|1.1|GrossMarginChange,2
580|11.625569051011478|23|0.5054595239570208|1.1|GrossMarginChange,2
585|11.735292107703282|23|0.5102300916392731|1.1|GrossMarginChange,2
590|11.735292107703282|23|0.5102300916392731|1.1|GrossMarginChange,2
595|11.735292107703282|23|0.5102300916392731|1.1|GrossMarginChange,2
600|11.735292107703282|23|0.5102300916392731|1.1|GrossMarginChange,2
605|11.735292107703282|21|0.5588234337001563|1.1111111111111112|GrossMarginChange,2
610|11.91348170143115|23|0.5179774652796152|1.2222222222222223|GrossMarginChange,2
615|11.93862983968361|27|0.4421714755438374|1.0833333333333333|GrossMarginChange,2
620|11.93862983968361|25|0.47754519358734443|1.0909090909090908|GrossMarginChange,2
625|11.93862983968361|25|0.47754519358734443|1.0909090909090908|GrossMarginChange,2
630|11.93862983968361|25|0.47754519358734443|1.0909090909090908|GrossMarginChange,2
635|11.93862983968361|25|0.47754519358734443|1.0909090909090908|GrossMarginChange,2
640|11.93862983968361|25|0.47754519358734443|1.0909090909090908|GrossMarginChange,2
645|11.93862983968361|25|0.47754519358734443|1.0909090909090908|GrossMarginChange,2
650|11.93862983968361|25|0.47754519358734443|1.0909090909090908|GrossMarginChange,2
655|11.93862983968361|25|0.47754519358734443|1.0909090909090908|GrossMarginChange,2
660|11.93862983968361|25|0.47754519358734443|1.0909090909090908|GrossMarginChange,2
665|11.93862983968361|25|0.47754519358734443|1.0909090909090908|GrossMarginChange,2
670|11.93862983968361|25|0.47754519358734443|1.0909090909090908|GrossMarginChange,2
675|11.93862983968361|25|0.47754519358734443|1.0909090909090908|GrossMarginChange,2
680|11.93862983968361|25|0.47754519358734443|1.0909090909090908|GrossMarginChange,2
685|11.93862983968361|25|0.47754519358734443|1.0909090909090908|GrossMarginChange,2
690|11.93862983968361|23|0.5190708625949396|1.1|GrossMarginChange,2
695|11.93862983968361|23|0.5190708625949396|1.1|GrossMarginChange,2
700|11.93862983968361|23|0.5190708625949396|1.1|GrossMarginChange,2
705|11.93862983968361|23|0.5190708625949396|1.1|GrossMarginChange,2
710|11.93862983968361|23|0.5190708625949396|1.1|GrossMarginChange,2
715|11.93862983968361|21|0.5685061828420767|1.1111111111111112|GrossMarginChange,2
720|11.93862983968361|21|0.5685061828420767|1.1111111111111112|GrossMarginChange,2
725|11.93862983968361|21|0.5685061828420767|1.1111111111111112|GrossMarginChange,2
730|11.93862983968361|21|0.5685061828420767|1.1111111111111112|GrossMarginChange,2
735|11.93862983968361|21|0.5685061828420767|1.1111111111111112|GrossMarginChange,2
740|11.93862983968361|21|0.5685061828420767|1.1111111111111112|GrossMarginChange,2
745|11.93862983968361|21|0.5685061828420767|1.1111111111111112|GrossMarginChange,2
750|11.93862983968361|21|0.5685061828420767|1.1111111111111112|GrossMarginChange,2
755|11.93862983968361|21|0.5685061828420767|1.1111111111111112|GrossMarginChange,2
760|11.986219665480332|23|0.5211399854556666|1.2222222222222223|GrossMarginChange,2
765|11.986219665480332|23|0.5211399854556666|1.2222222222222223|GrossMarginChange,2
770|11.986219665480332|23|0.5211399854556666|1.2222222222222223|GrossMarginChange,2
775|11.986219665480332|21|0.570772365022873|1.1111111111111112|GrossMarginChange,2
780|11.986219665480332|21|0.570772365022873|1.1111111111111112|GrossMarginChange,2
785|11.986219665480332|21|0.570772365022873|1.1111111111111112|GrossMarginChange,2
790|11.986219665480332|21|0.570772365022873|1.1111111111111112|GrossMarginChange,2
795|11.986219665480332|21|0.570772365022873|1.1111111111111112|GrossMarginChange,2
800|11.986219665480332|21|0.570772365022873|1.1111111111111112|GrossMarginChange,2
805|11.986219665480332|21|0.570772365022873|1.1111111111111112|GrossMarginChange,2
810|11.986219665480332|21|0.570772365022873|1.1111111111111112|GrossMarginChange,2
815|11.986219665480332|21|0.570772365022873|1.1111111111111112|GrossMarginChange,2
820|11.986219665480332|21|0.570772365022873|1.1111111111111112|GrossMarginChange,2
825|11.986219665480332|21|0.570772365022873|1.1111111111111112|GrossMarginChange,2
830|11.986219665480332|21|0.570772365022873|1.1111111111111112|GrossMarginChange,2
835|11.986219665480332|21|0.570772365022873|1.1111111111111112|GrossMarginChange,2
840|11.986219665480332|21|0.570772365022873|1.1111111111111112|GrossMarginChange,2
845|11.986219665480332|21|0.570772365022873|1.1111111111111112|GrossMarginChange,2
850|11.986219665480332|21|0.570772365022873|1.1111111111111112|GrossMarginChange,2
855|11.986219665480332|21|0.570772365022873|1.1111111111111112|GrossMarginChange,2
860|11.986219665480332|21|0.570772365022873|1.1111111111111112|GrossMarginChange,2
865|11.986219665480332|21|0.570772365022873|1.1111111111111112|GrossMarginChange,2
870|11.986219665480332|21|0.570772365022873|1.1111111111111112|GrossMarginChange,2
875|11.986219665480332|21|0.570772365022873|1.1111111111111112|GrossMarginChange,2
880|11.986219665480332|21|0.570772365022873|1.1111111111111112|GrossMarginChange,2
885|11.986219665480332|21|0.570772365022873|1.1111111111111112|GrossMarginChange,2
890|11.986219665480332|21|0.570772365022873|1.1111111111111112|GrossMarginChange,2
895|11.986219665480332|21|0.570772365022873|1.1111111111111112|GrossMarginChange,2
900|11.986219665480332|21|0.570772365022873|1.1111111111111112|GrossMarginChange,2
905|11.986219665480332|21|0.570772365022873|1.1111111111111112|GrossMarginChange,2
910|11.986219665480332|21|0.570772365022873|1.1111111111111112|GrossMarginChange,2
915|11.986219665480332|21|0.570772365022873|1.1111111111111112|GrossMarginChange,2
920|11.986219665480332|21|0.570772365022873|1.1111111111111112|GrossMarginChange,2
925|11.986219665480332|21|0.570772365022873|1.1111111111111112|GrossMarginChange,2
930|11.986219665480332|21|0.570772365022873|1.1111111111111112|GrossMarginChange,2
935|11.986219665480332|21|0.570772365022873|1.1111111111111112|GrossMarginChange,2
940|11.986219665480332|21|0.570772365022873|1.1111111111111112|GrossMarginChange,2
945|11.986219665480332|21|0.570772365022873|1.1111111111111112|GrossMarginChange,2
950|11.986219665480332|21|0.570772365022873|1.1111111111111112|GrossMarginChange,2
955|11.986219665480332|21|0.570772365022873|1.1111111111111112|GrossMarginChange,2
960|11.986219665480332|21|0.570772365022873|1.1111111111111112|GrossMarginChange,2
965|11.986219665480332|21|0.570772365022873|1.1111111111111112|GrossMarginChange,2
970|11.986219665480332|21|0.570772365022873|1.1111111111111112|GrossMarginChange,2
975|11.986219665480332|21|0.570772365022873|1.1111111111111112|GrossMarginChange,2
980|11.986219665480332|21|0.570772365022873|1.1111111111111112|GrossMarginChange,2
985|11.986219665480332|21|0.570772365022873|1.1111111111111112|GrossMarginChange,2
990|11.986219665480332|21|0.570772365022873|1.1111111111111112|GrossMarginChange,2
995|11.986219665480332|21|0.570772365022873|1.1111111111111112|GrossMarginChange,2
1000|11.986219665480332|21|0.570772365022873|1.1111111111111112|GrossMarginChange,2
1005|11.986219665480332|21|0.570772365022873|1.1111111111111112|GrossMarginChange,2
1010|11.986219665480332|21|0.570772365022873|1.1111111111111112|GrossMarginChange,2
1015|11.986219665480332|21|0.570772365022873|1.1111111111111112|GrossMarginChange,2
1020|11.986219665480332|21|0.570772365022873|1.1111111111111112|GrossMarginChange,2
1025|11.986219665480332|21|0.570772365022873|1.1111111111111112|GrossMarginChange,2
1030|11.986219665480332|21|0.570772365022873|1.1111111111111112|GrossMarginChange,2
1035|11.986219665480332|21|0.570772365022873|1.1111111111111112|GrossMarginChange,2
1040|11.986219665480332|21|0.570772365022873|1.1111111111111112|GrossMarginChange,2
1045|11.986219665480332|21|0.570772365022873|1.1111111111111112|GrossMarginChange,2
1050|11.986219665480332|21|0.570772365022873|1.1111111111111112|GrossMarginChange,2
1055|11.986219665480332|21|0.570772365022873|1.1111111111111112|GrossMarginChange,2
1060|11.986219665480332|21|0.570772365022873|1.1111111111111112|GrossMarginChange,2
1065|11.986219665480332|21|0.570772365022873|1.1111111111111112|GrossMarginChange,2
1070|11.986219665480332|21|0.570772365022873|1.1111111111111112|GrossMarginChange,2
1075|11.986219665480332|21|0.570772365022873|1.1111111111111112|GrossMarginChange,2
1080|11.986219665480332|21|0.570772365022873|1.1111111111111112|GrossMarginChange,2
1085|11.986219665480332|21|0.570772365022873|1.1111111111111112|GrossMarginChange,2
1090|11.986219665480332|21|0.570772365022873|1.1111111111111112|GrossMarginChange,2
1095|11.986219665480332|21|0.570772365022873|1.1111111111111112|GrossMarginChange,2
1100|11.986219665480332|21|0.570772365022873|1.1111111111111112|GrossMarginChange,2
1105|11.986219665480332|21|0.570772365022873|1.1111111111111112|GrossMarginChange,2
1110|11.986219665480332|21|0.570772365022873|1.1111111111111112|GrossMarginChange,2
1115|11.986219665480332|21|0.570772365022873|1.1111111111111112|GrossMarginChange,2
1120|11.986219665480332|21|0.570772365022873|1.1111111111111112|GrossMarginChange,2
1125|11.986219665480332|21|0.570772365022873|1.1111111111111112|GrossMarginChange,2
1130|11.986219665480332|21|0.570772365022873|1.1111111111111112|GrossMarginChange,2
1135|11.986219665480332|21|0.570772365022873|1.1111111111111112|GrossMarginChange,2
1140|11.986219665480332|21|0.570772365022873|1.1111111111111112|GrossMarginChange,2
1145|11.986219665480332|21|0.570772365022873|1.1111111111111112|GrossMarginChange,2
1150|11.986219665480332|21|0.570772365022873|1.1111111111111112|GrossMarginChange,2
1155|11.986219665480332|21|0.570772365022873|1.1111111111111112|GrossMarginChange,2
1160|11.986219665480332|21|0.570772365022873|1.1111111111111112|GrossMarginChange,2
1165|11.986219665480332|21|0.570772365022873|1.1111111111111112|GrossMarginChange,2
1170|11.986219665480332|21|0.570772365022873|1.1111111111111112|GrossMarginChange,2
1175|11.986219665480332|21|0.570772365022873|1.1111111111111112|GrossMarginChange,2
1180|11.986219665480332|21|0.570772365022873|1.1111111111111112|GrossMarginChange,2
1185|11.986219665480332|21|0.570772365022873|1.1111111111111112|GrossMarginChange,2
1190|11.986219665480332|21|0.570772365022873|1.1111111111111112|GrossMarginChange,2
1195|11.986219665480332|21|0.570772365022873|1.1111111111111112|GrossMarginChange,2
1200|11.986219665480332|21|0.570772365022873|1.1111111111111112|GrossMarginChange,2
1205|11.986219665480332|21|0.570772365022873|1.1111111111111112|GrossMarginChange,2
1210|11.986219665480332|21|0.570772365022873|1.1111111111111112|GrossMarginChange,2
1215|11.986219665480332|21|0.570772365022873|1.1111111111111112|GrossMarginChange,2
1220|11.986219665480332|21|0.570772365022873|1.1111111111111112|GrossMarginChange,2
1225|11.986219665480332|21|0.570772365022873|1.1111111111111112|GrossMarginChange,2
1230|11.986219665480332|21|0.570772365022873|1.1111111111111112|GrossMarginChange,2
1235|11.986219665480332|21|0.570772365022873|1.1111111111111112|GrossMarginChange,2
1240|11.986219665480332|21|0.570772365022873|1.1111111111111112|GrossMarginChange,2
1245|11.986219665480332|21|0.570772365022873|1.1111111111111112|GrossMarginChange,2
1250|11.986219665480332|21|0.570772365022873|1.1111111111111112|GrossMarginChange,2
1255|11.986219665480332|21|0.570772365022873|1.1111111111111112|GrossMarginChange,2
1260|11.986219665480332|21|0.570772365022873|1.1111111111111112|GrossMarginChange,2
1265|11.986219665480332|21|0.570772365022873|1.1111111111111112|GrossMarginChange,2
1270|11.986219665480332|21|0.570772365022873|1.1111111111111112|GrossMarginChange,2
1275|11.986219665480332|21|0.570772365022873|1.1111111111111112|GrossMarginChange,2
1280|11.986219665480332|21|0.570772365022873|1.1111111111111112|GrossMarginChange,2
1285|11.986219665480332|21|0.570772365022873|1.1111111111111112|GrossMarginChange,2
1290|11.986219665480332|21|0.570772365022873|1.1111111111111112|GrossMarginChange,2
1295|11.986219665480332|21|0.570772365022873|1.1111111111111112|GrossMarginChange,2
1300|11.986219665480332|21|0.570772365022873|1.1111111111111112|GrossMarginChange,2
1305|11.986219665480332|21|0.570772365022873|1.1111111111111112|GrossMarginChange,2
1310|11.986219665480332|21|0.570772365022873|1.1111111111111112|GrossMarginChange,2
1315|11.986219665480332|21|0.570772365022873|1.1111111111111112|GrossMarginChange,2
1320|11.986219665480332|21|0.570772365022873|1.1111111111111112|GrossMarginChange,2
1325|11.986219665480332|21|0.570772365022873|1.1111111111111112|GrossMarginChange,2
1330|11.986219665480332|21|0.570772365022873|1.1111111111111112|GrossMarginChange,2
1335|11.986219665480332|21|0.570772365022873|1.1111111111111112|GrossMarginChange,2
1340|11.986219665480332|21|0.570772365022873|1.1111111111111112|GrossMarginChange,2
1345|11.986219665480332|21|0.570772365022873|1.1111111111111112|GrossMarginChange,2
1350|11.986219665480332|21|0.570772365022873|1.1111111111111112|GrossMarginChange,2
1355|11.986219665480332|21|0.570772365022873|1.1111111111111112|GrossMarginChange,2
1360|11.986219665480332|21|0.570772365022873|1.1111111111111112|GrossMarginChange,2
1365|11.986219665480332|21|0.570772365022873|1.1111111111111112|GrossMarginChange,2
1370|11.986219665480332|21|0.570772365022873|1.1111111111111112|GrossMarginChange,2
1375|11.986219665480332|21|0.570772365022873|1.1111111111111112|GrossMarginChange,2
1380|11.986219665480332|21|0.570772365022873|1.1111111111111112|GrossMarginChange,2
1385|11.986219665480332|21|0.570772365022873|1.1111111111111112|GrossMarginChange,2
1390|11.986219665480332|21|0.570772365022873|1.1111111111111112|GrossMarginChange,2
1395|11.986219665480332|21|0.570772365022873|1.1111111111111112|GrossMarginChange,2
1400|11.986219665480332|21|0.570772365022873|1.1111111111111112|GrossMarginChange,2
1405|11.986219665480332|21|0.570772365022873|1.1111111111111112|GrossMarginChange,2
1410|11.986219665480332|21|0.570772365022873|1.1111111111111112|GrossMarginChange,2
1415|11.986219665480332|21|0.570772365022873|1.1111111111111112|GrossMarginChange,2
1420|11.986219665480332|21|0.570772365022873|1.1111111111111112|GrossMarginChange,2
1425|11.986219665480332|21|0.570772365022873|1.1111111111111112|GrossMarginChange,2
1430|11.986219665480332|21|0.570772365022873|1.1111111111111112|GrossMarginChange,2
1435|11.986219665480332|21|0.570772365022873|1.1111111111111112|GrossMarginChange,2
1440|11.986219665480332|21|0.570772365022873|1.1111111111111112|GrossMarginChange,2
1445|11.986219665480332|21|0.570772365022873|1.1111111111111112|GrossMarginChange,2
1450|11.986219665480332|21|0.570772365022873|1.1111111111111112|GrossMarginChange,2
1455|11.986219665480332|21|0.570772365022873|1.1111111111111112|GrossMarginChange,2
1460|11.986219665480332|21|0.570772365022873|1.1111111111111112|GrossMarginChange,2
1465|11.986219665480332|21|0.570772365022873|1.1111111111111112|GrossMarginChange,2
1470|11.986219665480332|21|0.570772365022873|1.1111111111111112|GrossMarginChange,2
1475|11.986219665480332|21|0.570772365022873|1.1111111111111112|GrossMarginChange,2
1480|11.986219665480332|21|0.570772365022873|1.1111111111111112|GrossMarginChange,2
1485|11.986219665480332|21|0.570772365022873|1.1111111111111112|GrossMarginChange,2
1490|11.986219665480332|21|0.570772365022873|1.1111111111111112|GrossMarginChange,2
1495|11.986219665480332|21|0.570772365022873|1.1111111111111112|GrossMarginChange,2
1500|11.986219665480332|21|0.570772365022873|1.1111111111111112|GrossMarginChange,2
1505|11.986219665480332|21|0.570772365022873|1.1111111111111112|GrossMarginChange,2
1510|11.986219665480332|21|0.570772365022873|1.1111111111111112|GrossMarginChange,2
1515|11.986219665480332|21|0.570772365022873|1.1111111111111112|GrossMarginChange,2
1520|11.986219665480332|21|0.570772365022873|1.1111111111111112|GrossMarginChange,2
1525|11.986219665480332|21|0.570772365022873|1.1111111111111112|GrossMarginChange,2
1530|11.986219665480332|21|0.570772365022873|1.1111111111111112|GrossMarginChange,2
1535|11.986219665480332|21|0.570772365022873|1.1111111111111112|GrossMarginChange,2
1540|11.986219665480332|21|0.570772365022873|1.1111111111111112|GrossMarginChange,2
1545|11.986219665480332|21|0.570772365022873|1.1111111111111112|GrossMarginChange,2
1550|11.986219665480332|21|0.570772365022873|1.1111111111111112|GrossMarginChange,2
1555|11.986219665480332|21|0.570772365022873|1.1111111111111112|GrossMarginChange,2
1560|11.986219665480332|21|0.570772365022873|1.1111111111111112|GrossMarginChange,2
1565|11.986219665480332|21|0.570772365022873|1.1111111111111112|GrossMarginChange,2
1570|11.986219665480332|21|0.570772365022873|1.1111111111111112|GrossMarginChange,2
1575|11.986219665480332|21|0.570772365022873|1.1111111111111112|GrossMarginChange,2
1580|11.986219665480332|21|0.570772365022873|1.1111111111111112|GrossMarginChange,2
1585|11.986219665480332|21|0.570772365022873|1.1111111111111112|GrossMarginChange,2
1590|11.986219665480332|21|0.570772365022873|1.1111111111111112|GrossMarginChange,2
1595|11.986219665480332|21|0.570772365022873|1.1111111111111112|GrossMarginChange,2
1600|11.986219665480332|21|0.570772365022873|1.1111111111111112|GrossMarginChange,2
1605|11.986219665480332|21|0.570772365022873|1.1111111111111112|GrossMarginChange,2
1610|11.986219665480332|21|0.570772365022873|1.1111111111111112|GrossMarginChange,2
1615|11.986219665480332|21|0.570772365022873|1.1111111111111112|GrossMarginChange,2
1620|11.986219665480332|21|0.570772365022873|1.1111111111111112|GrossMarginChange,2
1625|11.986219665480332|21|0.570772365022873|1.1111111111111112|GrossMarginChange,2
1630|11.986219665480332|21|0.570772365022873|1.1111111111111112|GrossMarginChange,2
1635|11.986219665480332|21|0.570772365022873|1.1111111111111112|GrossMarginChange,2
1640|11.986219665480332|21|0.570772365022873|1.1111111111111112|GrossMarginChange,2
1645|11.986219665480332|21|0.570772365022873|1.1111111111111112|GrossMarginChange,2
1650|11.986219665480332|21|0.570772365022873|1.1111111111111112|GrossMarginChange,2
1655|11.986219665480332|21|0.570772365022873|1.1111111111111112|GrossMarginChange,2
1660|11.986219665480332|21|0.570772365022873|1.1111111111111112|GrossMarginChange,2
1665|11.986219665480332|21|0.570772365022873|1.1111111111111112|GrossMarginChange,2
1670|11.986219665480332|21|0.570772365022873|1.1111111111111112|GrossMarginChange,2
1675|11.986219665480332|21|0.570772365022873|1.1111111111111112|GrossMarginChange,2
1680|11.986219665480332|21|0.570772365022873|1.1111111111111112|GrossMarginChange,2
1685|11.986219665480332|21|0.570772365022873|1.1111111111111112|GrossMarginChange,2
1690|11.986219665480332|21|0.570772365022873|1.1111111111111112|GrossMarginChange,2
1695|11.986219665480332|21|0.570772365022873|1.1111111111111112|GrossMarginChange,2
1700|11.986219665480332|21|0.570772365022873|1.1111111111111112|GrossMarginChange,2
1705|11.986219665480332|21|0.570772365022873|1.1111111111111112|GrossMarginChange,2
1710|11.986219665480332|21|0.570772365022873|1.1111111111111112|GrossMarginChange,2
1715|11.986219665480332|21|0.570772365022873|1.1111111111111112|GrossMarginChange,2
1720|11.986219665480332|21|0.570772365022873|1.1111111111111112|GrossMarginChange,2
1725|11.986219665480332|21|0.570772365022873|1.1111111111111112|GrossMarginChange,2
1730|11.986219665480332|21|0.570772365022873|1.1111111111111112|GrossMarginChange,2
1735|11.986219665480332|21|0.570772365022873|1.1111111111111112|GrossMarginChange,2
1740|11.986219665480332|21|0.570772365022873|1.1111111111111112|GrossMarginChange,2
1745|11.986219665480332|21|0.570772365022873|1.1111111111111112|GrossMarginChange,2
1750|11.986219665480332|21|0.570772365022873|1.1111111111111112|GrossMarginChange,2
1755|11.986219665480332|21|0.570772365022873|1.1111111111111112|GrossMarginChange,2
1760|11.986219665480332|21|0.570772365022873|1.1111111111111112|GrossMarginChange,2
1765|11.986219665480332|21|0.570772365022873|1.1111111111111112|GrossMarginChange,2
1770|11.986219665480332|21|0.570772365022873|1.1111111111111112|GrossMarginChange,2
1775|11.986219665480332|21|0.570772365022873|1.1111111111111112|GrossMarginChange,2
1780|11.986219665480332|21|0.570772365022873|1.1111111111111112|GrossMarginChange,2
1785|11.986219665480332|21|0.570772365022873|1.1111111111111112|GrossMarginChange,2
1790|11.986219665480332|21|0.570772365022873|1.1111111111111112|GrossMarginChange,2
1795|11.986219665480332|21|0.570772365022873|1.1111111111111112|GrossMarginChange,2
1800|11.986219665480332|21|0.570772365022873|1.1111111111111112|GrossMarginChange,2
1805|11.986219665480332|21|0.570772365022873|1.1111111111111112|GrossMarginChange,2
1810|11.986219665480332|21|0.570772365022873|1.1111111111111112|GrossMarginChange,2
1815|11.986219665480332|21|0.570772365022873|1.1111111111111112|GrossMarginChange,2
1820|11.986219665480332|21|0.570772365022873|1.1111111111111112|GrossMarginChange,2
1825|11.986219665480332|21|0.570772365022873|1.1111111111111112|GrossMarginChange,2
1830|11.986219665480332|21|0.570772365022873|1.1111111111111112|GrossMarginChange,2
1835|11.986219665480332|21|0.570772365022873|1.1111111111111112|GrossMarginChange,2
1840|11.986219665480332|21|0.570772365022873|1.1111111111111112|GrossMarginChange,2
1845|11.986219665480332|21|0.570772365022873|1.1111111111111112|GrossMarginChange,2
1850|11.986219665480332|21|0.570772365022873|1.1111111111111112|GrossMarginChange,2
1855|11.986219665480332|21|0.570772365022873|1.1111111111111112|GrossMarginChange,2
1860|11.986219665480332|21|0.570772365022873|1.1111111111111112|GrossMarginChange,2
1865|11.986219665480332|21|0.570772365022873|1.1111111111111112|GrossMarginChange,2
1870|11.986219665480332|21|0.570772365022873|1.1111111111111112|GrossMarginChange,2
1875|11.986219665480332|21|0.570772365022873|1.1111111111111112|GrossMarginChange,2
1880|11.986219665480332|21|0.570772365022873|1.1111111111111112|GrossMarginChange,2
1885|11.986219665480332|21|0.570772365022873|1.1111111111111112|GrossMarginChange,2
1890|11.986219665480332|21|0.570772365022873|1.1111111111111112|GrossMarginChange,2
1895|11.986219665480332|21|0.570772365022873|1.1111111111111112|GrossMarginChange,2
1900|11.986219665480332|21|0.570772365022873|1.1111111111111112|GrossMarginChange,2
1905|11.986219665480332|21|0.570772365022873|1.1111111111111112|GrossMarginChange,2
1910|11.986219665480332|21|0.570772365022873|1.1111111111111112|GrossMarginChange,2
1915|11.986219665480332|21|0.570772365022873|1.1111111111111112|GrossMarginChange,2
1920|11.986219665480332|21|0.570772365022873|1.1111111111111112|GrossMarginChange,2
1925|11.986219665480332|21|0.570772365022873|1.1111111111111112|GrossMarginChange,2
1930|11.986219665480332|21|0.570772365022873|1.1111111111111112|GrossMarginChange,2
1935|11.986219665480332|21|0.570772365022873|1.1111111111111112|GrossMarginChange,2
1940|11.986219665480332|21|0.570772365022873|1.1111111111111112|GrossMarginChange,2
1945|11.986219665480332|21|0.570772365022873|1.1111111111111112|GrossMarginChange,2
1950|11.986219665480332|21|0.570772365022873|1.1111111111111112|GrossMarginChange,2
1955|11.986219665480332|21|0.570772365022873|1.1111111111111112|GrossMarginChange,2
1960|11.986219665480332|21|0.570772365022873|1.1111111111111112|GrossMarginChange,2
1965|11.986219665480332|21|0.570772365022873|1.1111111111111112|GrossMarginChange,2
1970|11.986219665480332|21|0.570772365022873|1.1111111111111112|GrossMarginChange,2
1975|11.986219665480332|21|0.570772365022873|1.1111111111111112|GrossMarginChange,2
1980|11.986219665480332|21|0.570772365022873|1.1111111111111112|GrossMarginChange,2
1985|11.986219665480332|21|0.570772365022873|1.1111111111111112|GrossMarginChange,2
1990|11.986219665480332|21|0.570772365022873|1.1111111111111112|GrossMarginChange,2
1995|11.986219665480332|21|0.570772365022873|1.1111111111111112|GrossMarginChange,2
2000|11.986219665480332|21|0.570772365022873|1.1111111111111112|GrossMarginChange,2
