#########################################################
# Algorithm Parameters #
# Generations = 2000
# Population size = 100
# Resolution = 5
#########################################################
# Financial Parameters #
# Quarter = 2
# Crossover probabilities = 0.75 -> 0.25
# Mutation start probabilities = 0.9,0.0,0.6,0.5,0.6,0.9
# Mutation end probabilities = 0.4,0.4,0.1,0.1,0.1,0.4
######################################################### 
0|7.554149627886886|7|1.0791642325552695|1.5|BookValuePerShare10,10
5|8.194796924516396|11|0.7449815385923997|1.25|ReturnOnEquity09,21
10|9.205147793972134|11|0.8368316176338304|1.0|OperatingMarginChange,5
15|9.706857091159021|17|0.5709915935975894|1.1428571428571428|ReturnOnEquityChange,23
20|9.706857091159021|17|0.5709915935975894|1.1428571428571428|ReturnOnEquityChange,23
25|10.158636245716396|19|0.5346650655640208|1.125|ReturnOnEquityChange,23
30|10.37258459342787|21|0.49393259968704145|1.1111111111111112|ReturnOnEquityChange,23
35|10.37258459342787|21|0.49393259968704145|1.1111111111111112|ReturnOnEquityChange,23
40|10.37258459342787|21|0.49393259968704145|1.1111111111111112|ReturnOnEquityChange,23
45|10.37258459342787|19|0.5459255049172563|1.125|ReturnOnEquityChange,23
50|10.391418610801642|23|0.4518008091652888|1.1|OperatingMarginChange,5
55|10.579292608326236|21|0.5037758384917256|1.1111111111111112|ReturnOnEquityChange,23
60|10.604440746578696|25|0.42417762986314783|1.0909090909090908|OperatingMarginChange,5
65|10.604440746578696|25|0.42417762986314783|1.0909090909090908|OperatingMarginChange,5
70|10.604440746578696|25|0.42417762986314783|1.0909090909090908|OperatingMarginChange,5
75|10.604440746578696|23|0.4610626411555955|1.1|OperatingMarginChange,5
80|10.604440746578696|23|0.4610626411555955|1.1|OperatingMarginChange,5
85|10.604440746578696|21|0.5049733688846998|1.1111111111111112|OperatingMarginChange,5
90|10.604440746578696|21|0.5049733688846998|1.1111111111111112|OperatingMarginChange,5
95|10.604440746578696|21|0.5049733688846998|1.1111111111111112|OperatingMarginChange,5
100|10.610906704922959|23|0.4613437697792591|1.1|OperatingMarginChange,5
105|10.610906704922959|23|0.4613437697792591|1.1|OperatingMarginChange,5
110|10.610906704922959|23|0.4613437697792591|1.1|OperatingMarginChange,5
115|10.639953779339352|27|0.39407236219775377|1.0833333333333333|OperatingMarginChange,5
120|10.639953779339352|27|0.39407236219775377|1.0833333333333333|OperatingMarginChange,5
125|10.639953779339352|25|0.4255981511735741|1.0909090909090908|OperatingMarginChange,5
130|10.639953779339352|25|0.4255981511735741|1.0909090909090908|OperatingMarginChange,5
135|11.74376123056886|27|0.43495411965069847|1.0833333333333333|SGAExpensesChange,14
140|11.74376123056886|27|0.43495411965069847|1.0833333333333333|SGAExpensesChange,14
145|11.74376123056886|25|0.4697504492227544|1.2|OperatingMarginChange,5
150|11.74376123056886|25|0.4697504492227544|1.2|OperatingMarginChange,5
155|11.74376123056886|25|0.4697504492227544|1.2|OperatingMarginChange,5
160|11.74376123056886|25|0.4697504492227544|1.2|OperatingMarginChange,5
165|11.74376123056886|23|0.5105983143725591|1.2222222222222223|OperatingMarginChange,5
170|11.74376123056886|23|0.5105983143725591|1.2222222222222223|OperatingMarginChange,5
175|11.779274263329514|27|0.43626941716035234|1.1818181818181819|OperatingMarginChange,5
180|11.779274263329514|27|0.43626941716035234|1.1818181818181819|OperatingMarginChange,5
185|11.779274263329514|27|0.43626941716035234|1.1818181818181819|OperatingMarginChange,5
190|11.779274263329514|27|0.43626941716035234|1.1818181818181819|OperatingMarginChange,5
195|11.779274263329514|27|0.43626941716035234|1.1818181818181819|OperatingMarginChange,5
200|11.779274263329514|27|0.43626941716035234|1.1818181818181819|OperatingMarginChange,5
205|11.779274263329514|27|0.43626941716035234|1.1818181818181819|OperatingMarginChange,5
210|11.779274263329514|27|0.43626941716035234|1.1818181818181819|OperatingMarginChange,5
215|11.779274263329514|25|0.4711709705331806|1.2|OperatingMarginChange,5
220|11.779274263329514|25|0.4711709705331806|1.2|OperatingMarginChange,5
225|11.779274263329514|25|0.4711709705331806|1.2|OperatingMarginChange,5
230|11.779274263329514|23|0.5121423592751962|1.2222222222222223|OperatingMarginChange,5
235|11.779274263329514|23|0.5121423592751962|1.2222222222222223|OperatingMarginChange,5
240|11.779274263329514|23|0.5121423592751962|1.2222222222222223|OperatingMarginChange,5
245|11.779274263329514|23|0.5121423592751962|1.2222222222222223|OperatingMarginChange,5
250|11.779274263329514|23|0.5121423592751962|1.2222222222222223|OperatingMarginChange,5
255|11.779274263329514|23|0.5121423592751962|1.2222222222222223|OperatingMarginChange,5
260|11.779274263329514|23|0.5121423592751962|1.2222222222222223|OperatingMarginChange,5
265|11.779274263329514|23|0.5121423592751962|1.2222222222222223|OperatingMarginChange,5
270|11.779274263329514|23|0.5121423592751962|1.2222222222222223|OperatingMarginChange,5
275|11.779274263329514|23|0.5121423592751962|1.2222222222222223|OperatingMarginChange,5
280|11.779274263329514|23|0.5121423592751962|1.2222222222222223|OperatingMarginChange,5
285|11.779274263329514|23|0.5121423592751962|1.2222222222222223|OperatingMarginChange,5
290|11.779274263329514|21|0.5609178220633102|1.1111111111111112|ReturnOnInvestedCapitalChange,26
295|11.779274263329514|21|0.5609178220633102|1.1111111111111112|ReturnOnInvestedCapitalChange,26
300|11.779274263329514|21|0.5609178220633102|1.1111111111111112|ReturnOnInvestedCapitalChange,26
305|11.779274263329514|21|0.5609178220633102|1.1111111111111112|ReturnOnInvestedCapitalChange,26
310|11.779274263329514|21|0.5609178220633102|1.1111111111111112|ReturnOnInvestedCapitalChange,26
315|11.779274263329514|21|0.5609178220633102|1.1111111111111112|ReturnOnInvestedCapitalChange,26
320|11.779274263329514|21|0.5609178220633102|1.1111111111111112|ReturnOnInvestedCapitalChange,26
325|11.779274263329514|21|0.5609178220633102|1.1111111111111112|ReturnOnInvestedCapitalChange,26
330|11.779274263329514|21|0.5609178220633102|1.1111111111111112|ReturnOnInvestedCapitalChange,26
335|11.779274263329514|21|0.5609178220633102|1.1111111111111112|ReturnOnInvestedCapitalChange,26
340|11.779274263329514|21|0.5609178220633102|1.1111111111111112|ReturnOnInvestedCapitalChange,26
345|11.779274263329514|21|0.5609178220633102|1.1111111111111112|ReturnOnInvestedCapitalChange,26
350|11.779274263329514|21|0.5609178220633102|1.1111111111111112|ReturnOnInvestedCapitalChange,26
355|11.779274263329514|21|0.5609178220633102|1.1111111111111112|ReturnOnInvestedCapitalChange,26
360|11.779274263329514|21|0.5609178220633102|1.1111111111111112|ReturnOnInvestedCapitalChange,26
365|11.779274263329514|21|0.5609178220633102|1.1111111111111112|ReturnOnInvestedCapitalChange,26
370|11.779274263329514|21|0.5609178220633102|1.1111111111111112|ReturnOnInvestedCapitalChange,26
375|11.779274263329514|21|0.5609178220633102|1.1111111111111112|ReturnOnInvestedCapitalChange,26
380|11.779274263329514|21|0.5609178220633102|1.1111111111111112|ReturnOnInvestedCapitalChange,26
385|11.779274263329514|21|0.5609178220633102|1.1111111111111112|ReturnOnInvestedCapitalChange,26
390|11.779274263329514|21|0.5609178220633102|1.1111111111111112|ReturnOnInvestedCapitalChange,26
395|11.779274263329514|21|0.5609178220633102|1.1111111111111112|ReturnOnInvestedCapitalChange,26
400|11.779274263329514|21|0.5609178220633102|1.1111111111111112|ReturnOnInvestedCapitalChange,26
405|11.779274263329514|21|0.5609178220633102|1.1111111111111112|ReturnOnInvestedCapitalChange,26
410|11.779274263329514|21|0.5609178220633102|1.1111111111111112|ReturnOnInvestedCapitalChange,26
415|11.779274263329514|21|0.5609178220633102|1.1111111111111112|ReturnOnInvestedCapitalChange,26
420|11.779274263329514|21|0.5609178220633102|1.1111111111111112|ReturnOnInvestedCapitalChange,26
425|11.779274263329514|21|0.5609178220633102|1.1111111111111112|ReturnOnInvestedCapitalChange,26
430|11.779274263329514|21|0.5609178220633102|1.1111111111111112|ReturnOnInvestedCapitalChange,26
435|11.779274263329514|21|0.5609178220633102|1.1111111111111112|ReturnOnInvestedCapitalChange,26
440|11.779274263329514|21|0.5609178220633102|1.1111111111111112|ReturnOnInvestedCapitalChange,26
445|11.779274263329514|21|0.5609178220633102|1.1111111111111112|ReturnOnInvestedCapitalChange,26
450|11.779274263329514|21|0.5609178220633102|1.1111111111111112|ReturnOnInvestedCapitalChange,26
455|11.779274263329514|19|0.6199618033331323|1.125|ReturnOnInvestedCapitalChange,26
460|11.779274263329514|19|0.6199618033331323|1.125|ReturnOnInvestedCapitalChange,26
465|11.779274263329514|19|0.6199618033331323|1.125|ReturnOnInvestedCapitalChange,26
470|11.779274263329514|19|0.6199618033331323|1.125|ReturnOnInvestedCapitalChange,26
475|11.779274263329514|19|0.6199618033331323|1.125|ReturnOnInvestedCapitalChange,26
480|11.779274263329514|19|0.6199618033331323|1.125|ReturnOnInvestedCapitalChange,26
485|11.779274263329514|19|0.6199618033331323|1.125|ReturnOnInvestedCapitalChange,26
490|11.779274263329514|19|0.6199618033331323|1.125|ReturnOnInvestedCapitalChange,26
495|11.779274263329514|19|0.6199618033331323|1.125|ReturnOnInvestedCapitalChange,26
500|11.779274263329514|19|0.6199618033331323|1.125|ReturnOnInvestedCapitalChange,26
505|11.779274263329514|19|0.6199618033331323|1.125|ReturnOnInvestedCapitalChange,26
510|11.779274263329514|19|0.6199618033331323|1.125|ReturnOnInvestedCapitalChange,26
515|11.779274263329514|19|0.6199618033331323|1.125|ReturnOnInvestedCapitalChange,26
520|11.779274263329514|19|0.6199618033331323|1.125|ReturnOnInvestedCapitalChange,26
525|11.779274263329514|19|0.6199618033331323|1.125|ReturnOnInvestedCapitalChange,26
530|11.779274263329514|19|0.6199618033331323|1.125|ReturnOnInvestedCapitalChange,26
535|11.779274263329514|19|0.6199618033331323|1.125|ReturnOnInvestedCapitalChange,26
540|11.779274263329514|19|0.6199618033331323|1.125|ReturnOnInvestedCapitalChange,26
545|11.779274263329514|19|0.6199618033331323|1.125|ReturnOnInvestedCapitalChange,26
550|11.779274263329514|19|0.6199618033331323|1.125|ReturnOnInvestedCapitalChange,26
555|11.779274263329514|19|0.6199618033331323|1.125|ReturnOnInvestedCapitalChange,26
560|11.779274263329514|19|0.6199618033331323|1.125|ReturnOnInvestedCapitalChange,26
565|11.779274263329514|19|0.6199618033331323|1.125|ReturnOnInvestedCapitalChange,26
570|11.779274263329514|19|0.6199618033331323|1.125|ReturnOnInvestedCapitalChange,26
575|11.779274263329514|19|0.6199618033331323|1.125|ReturnOnInvestedCapitalChange,26
580|11.779274263329514|19|0.6199618033331323|1.125|ReturnOnInvestedCapitalChange,26
585|11.779274263329514|19|0.6199618033331323|1.125|ReturnOnInvestedCapitalChange,26
590|11.779274263329514|19|0.6199618033331323|1.125|ReturnOnInvestedCapitalChange,26
595|11.779274263329514|19|0.6199618033331323|1.125|ReturnOnInvestedCapitalChange,26
600|11.779274263329514|19|0.6199618033331323|1.125|ReturnOnInvestedCapitalChange,26
605|11.779274263329514|19|0.6199618033331323|1.125|ReturnOnInvestedCapitalChange,26
610|11.779274263329514|19|0.6199618033331323|1.125|ReturnOnInvestedCapitalChange,26
615|11.779274263329514|19|0.6199618033331323|1.125|ReturnOnInvestedCapitalChange,26
620|11.779274263329514|19|0.6199618033331323|1.125|ReturnOnInvestedCapitalChange,26
625|11.779274263329514|19|0.6199618033331323|1.125|ReturnOnInvestedCapitalChange,26
630|11.779274263329514|19|0.6199618033331323|1.125|ReturnOnInvestedCapitalChange,26
635|11.779274263329514|19|0.6199618033331323|1.125|ReturnOnInvestedCapitalChange,26
640|11.779274263329514|19|0.6199618033331323|1.125|ReturnOnInvestedCapitalChange,26
645|11.779274263329514|19|0.6199618033331323|1.125|ReturnOnInvestedCapitalChange,26
650|11.779274263329514|19|0.6199618033331323|1.125|ReturnOnInvestedCapitalChange,26
655|11.779274263329514|19|0.6199618033331323|1.125|ReturnOnInvestedCapitalChange,26
660|11.779274263329514|19|0.6199618033331323|1.125|ReturnOnInvestedCapitalChange,26
665|11.779274263329514|19|0.6199618033331323|1.125|ReturnOnInvestedCapitalChange,26
670|11.779274263329514|19|0.6199618033331323|1.125|ReturnOnInvestedCapitalChange,26
675|11.779274263329514|19|0.6199618033331323|1.125|ReturnOnInvestedCapitalChange,26
680|11.779274263329514|19|0.6199618033331323|1.125|ReturnOnInvestedCapitalChange,26
685|11.779274263329514|19|0.6199618033331323|1.125|ReturnOnInvestedCapitalChange,26
690|11.779274263329514|19|0.6199618033331323|1.125|ReturnOnInvestedCapitalChange,26
695|11.779274263329514|19|0.6199618033331323|1.125|ReturnOnInvestedCapitalChange,26
700|11.779274263329514|19|0.6199618033331323|1.125|ReturnOnInvestedCapitalChange,26
705|11.779274263329514|19|0.6199618033331323|1.125|ReturnOnInvestedCapitalChange,26
710|11.779274263329514|19|0.6199618033331323|1.125|ReturnOnInvestedCapitalChange,26
715|11.779274263329514|19|0.6199618033331323|1.125|ReturnOnInvestedCapitalChange,26
720|11.779274263329514|19|0.6199618033331323|1.125|ReturnOnInvestedCapitalChange,26
725|11.779274263329514|19|0.6199618033331323|1.125|ReturnOnInvestedCapitalChange,26
730|11.779274263329514|19|0.6199618033331323|1.125|ReturnOnInvestedCapitalChange,26
735|11.779274263329514|19|0.6199618033331323|1.125|ReturnOnInvestedCapitalChange,26
740|11.779274263329514|19|0.6199618033331323|1.125|ReturnOnInvestedCapitalChange,26
745|11.779274263329514|19|0.6199618033331323|1.125|ReturnOnInvestedCapitalChange,26
750|11.779274263329514|19|0.6199618033331323|1.125|ReturnOnInvestedCapitalChange,26
755|11.779274263329514|19|0.6199618033331323|1.125|ReturnOnInvestedCapitalChange,26
760|11.779274263329514|19|0.6199618033331323|1.125|ReturnOnInvestedCapitalChange,26
765|11.779274263329514|19|0.6199618033331323|1.125|ReturnOnInvestedCapitalChange,26
770|11.779274263329514|19|0.6199618033331323|1.125|ReturnOnInvestedCapitalChange,26
775|11.779274263329514|19|0.6199618033331323|1.125|ReturnOnInvestedCapitalChange,26
780|11.779274263329514|19|0.6199618033331323|1.125|ReturnOnInvestedCapitalChange,26
785|11.779274263329514|19|0.6199618033331323|1.125|ReturnOnInvestedCapitalChange,26
790|11.779274263329514|19|0.6199618033331323|1.125|ReturnOnInvestedCapitalChange,26
795|11.779274263329514|19|0.6199618033331323|1.125|ReturnOnInvestedCapitalChange,26
800|11.779274263329514|19|0.6199618033331323|1.125|ReturnOnInvestedCapitalChange,26
805|11.779274263329514|19|0.6199618033331323|1.125|ReturnOnInvestedCapitalChange,26
810|11.779274263329514|19|0.6199618033331323|1.125|ReturnOnInvestedCapitalChange,26
815|11.779274263329514|19|0.6199618033331323|1.125|ReturnOnInvestedCapitalChange,26
820|11.779274263329514|19|0.6199618033331323|1.125|ReturnOnInvestedCapitalChange,26
825|11.779274263329514|19|0.6199618033331323|1.125|ReturnOnInvestedCapitalChange,26
830|11.779274263329514|19|0.6199618033331323|1.125|ReturnOnInvestedCapitalChange,26
835|11.779274263329514|19|0.6199618033331323|1.125|ReturnOnInvestedCapitalChange,26
840|11.779274263329514|19|0.6199618033331323|1.125|ReturnOnInvestedCapitalChange,26
845|11.779274263329514|19|0.6199618033331323|1.125|ReturnOnInvestedCapitalChange,26
850|11.779274263329514|19|0.6199618033331323|1.125|ReturnOnInvestedCapitalChange,26
855|11.779274263329514|19|0.6199618033331323|1.125|ReturnOnInvestedCapitalChange,26
860|11.779274263329514|19|0.6199618033331323|1.125|ReturnOnInvestedCapitalChange,26
865|11.779274263329514|19|0.6199618033331323|1.125|ReturnOnInvestedCapitalChange,26
870|11.779274263329514|19|0.6199618033331323|1.125|ReturnOnInvestedCapitalChange,26
875|11.779274263329514|19|0.6199618033331323|1.125|ReturnOnInvestedCapitalChange,26
880|11.779274263329514|19|0.6199618033331323|1.125|ReturnOnInvestedCapitalChange,26
885|11.779274263329514|19|0.6199618033331323|1.125|ReturnOnInvestedCapitalChange,26
890|11.779274263329514|19|0.6199618033331323|1.125|ReturnOnInvestedCapitalChange,26
895|11.779274263329514|19|0.6199618033331323|1.125|ReturnOnInvestedCapitalChange,26
900|11.779274263329514|19|0.6199618033331323|1.125|ReturnOnInvestedCapitalChange,26
905|11.779274263329514|19|0.6199618033331323|1.125|ReturnOnInvestedCapitalChange,26
910|11.779274263329514|19|0.6199618033331323|1.125|ReturnOnInvestedCapitalChange,26
915|11.779274263329514|19|0.6199618033331323|1.125|ReturnOnInvestedCapitalChange,26
920|11.779274263329514|19|0.6199618033331323|1.125|ReturnOnInvestedCapitalChange,26
925|11.779274263329514|19|0.6199618033331323|1.125|ReturnOnInvestedCapitalChange,26
930|11.779274263329514|19|0.6199618033331323|1.125|ReturnOnInvestedCapitalChange,26
935|11.779274263329514|19|0.6199618033331323|1.125|ReturnOnInvestedCapitalChange,26
940|11.779274263329514|19|0.6199618033331323|1.125|ReturnOnInvestedCapitalChange,26
945|11.779274263329514|19|0.6199618033331323|1.125|ReturnOnInvestedCapitalChange,26
950|11.779274263329514|19|0.6199618033331323|1.125|ReturnOnInvestedCapitalChange,26
955|11.779274263329514|19|0.6199618033331323|1.125|ReturnOnInvestedCapitalChange,26
960|11.779274263329514|19|0.6199618033331323|1.125|ReturnOnInvestedCapitalChange,26
965|11.779274263329514|19|0.6199618033331323|1.125|ReturnOnInvestedCapitalChange,26
970|11.779274263329514|19|0.6199618033331323|1.125|ReturnOnInvestedCapitalChange,26
975|11.779274263329514|19|0.6199618033331323|1.125|ReturnOnInvestedCapitalChange,26
980|11.779274263329514|19|0.6199618033331323|1.125|ReturnOnInvestedCapitalChange,26
985|11.779274263329514|19|0.6199618033331323|1.125|ReturnOnInvestedCapitalChange,26
990|11.779274263329514|19|0.6199618033331323|1.125|ReturnOnInvestedCapitalChange,26
995|11.779274263329514|19|0.6199618033331323|1.125|ReturnOnInvestedCapitalChange,26
1000|11.779274263329514|19|0.6199618033331323|1.125|ReturnOnInvestedCapitalChange,26
1005|11.779274263329514|19|0.6199618033331323|1.125|ReturnOnInvestedCapitalChange,26
1010|11.779274263329514|19|0.6199618033331323|1.125|ReturnOnInvestedCapitalChange,26
1015|11.779274263329514|19|0.6199618033331323|1.125|ReturnOnInvestedCapitalChange,26
1020|11.779274263329514|19|0.6199618033331323|1.125|ReturnOnInvestedCapitalChange,26
1025|11.779274263329514|19|0.6199618033331323|1.125|ReturnOnInvestedCapitalChange,26
1030|11.779274263329514|19|0.6199618033331323|1.125|ReturnOnInvestedCapitalChange,26
1035|11.921950824296726|19|0.6274710960156171|1.0|OperatingMargin10,4
1040|11.921950824296726|19|0.6274710960156171|1.0|OperatingMargin10,4
1045|11.921950824296726|19|0.6274710960156171|1.0|OperatingMargin10,4
1050|11.921950824296726|19|0.6274710960156171|1.0|OperatingMargin10,4
1055|11.921950824296726|19|0.6274710960156171|1.0|OperatingMargin10,4
1060|11.921950824296726|19|0.6274710960156171|1.0|OperatingMargin10,4
1065|11.921950824296726|19|0.6274710960156171|1.0|OperatingMargin10,4
1070|11.921950824296726|19|0.6274710960156171|1.0|OperatingMargin10,4
1075|11.921950824296726|19|0.6274710960156171|1.0|OperatingMargin10,4
1080|11.921950824296726|19|0.6274710960156171|1.0|OperatingMargin10,4
1085|11.921950824296726|19|0.6274710960156171|1.0|OperatingMargin10,4
1090|11.921950824296726|19|0.6274710960156171|1.0|OperatingMargin10,4
1095|11.921950824296726|19|0.6274710960156171|1.0|OperatingMargin10,4
1100|11.921950824296726|19|0.6274710960156171|1.0|OperatingMargin10,4
1105|11.921950824296726|19|0.6274710960156171|1.0|OperatingMargin10,4
1110|11.921950824296726|19|0.6274710960156171|1.0|OperatingMargin10,4
1115|11.921950824296726|19|0.6274710960156171|1.0|OperatingMargin10,4
1120|11.921950824296726|19|0.6274710960156171|1.0|OperatingMargin10,4
1125|11.921950824296726|19|0.6274710960156171|1.0|OperatingMargin10,4
1130|11.921950824296726|19|0.6274710960156171|1.0|OperatingMargin10,4
1135|11.921950824296726|19|0.6274710960156171|1.0|OperatingMargin10,4
1140|11.921950824296726|19|0.6274710960156171|1.0|OperatingMargin10,4
1145|11.921950824296726|19|0.6274710960156171|1.0|OperatingMargin10,4
1150|11.921950824296726|19|0.6274710960156171|1.0|OperatingMargin10,4
1155|11.921950824296726|19|0.6274710960156171|1.0|OperatingMargin10,4
1160|11.921950824296726|19|0.6274710960156171|1.0|OperatingMargin10,4
1165|11.921950824296726|19|0.6274710960156171|1.0|OperatingMargin10,4
1170|11.921950824296726|19|0.6274710960156171|1.0|OperatingMargin10,4
1175|11.921950824296726|19|0.6274710960156171|1.0|OperatingMargin10,4
1180|11.921950824296726|19|0.6274710960156171|1.0|OperatingMargin10,4
1185|11.921950824296726|19|0.6274710960156171|1.0|OperatingMargin10,4
1190|11.921950824296726|19|0.6274710960156171|1.0|OperatingMargin10,4
1195|11.921950824296726|19|0.6274710960156171|1.0|OperatingMargin10,4
1200|11.921950824296726|19|0.6274710960156171|1.0|OperatingMargin10,4
1205|11.921950824296726|19|0.6274710960156171|1.0|OperatingMargin10,4
1210|11.921950824296726|19|0.6274710960156171|1.0|OperatingMargin10,4
1215|11.921950824296726|19|0.6274710960156171|1.0|OperatingMargin10,4
1220|11.921950824296726|19|0.6274710960156171|1.0|OperatingMargin10,4
1225|11.921950824296726|19|0.6274710960156171|1.0|OperatingMargin10,4
1230|11.921950824296726|19|0.6274710960156171|1.0|OperatingMargin10,4
1235|11.921950824296726|19|0.6274710960156171|1.0|OperatingMargin10,4
1240|11.921950824296726|19|0.6274710960156171|1.0|OperatingMargin10,4
1245|11.921950824296726|19|0.6274710960156171|1.0|OperatingMargin10,4
1250|11.921950824296726|19|0.6274710960156171|1.0|OperatingMargin10,4
1255|11.921950824296726|19|0.6274710960156171|1.0|OperatingMargin10,4
1260|11.921950824296726|19|0.6274710960156171|1.0|OperatingMargin10,4
1265|11.921950824296726|19|0.6274710960156171|1.0|OperatingMargin10,4
1270|11.921950824296726|19|0.6274710960156171|1.0|OperatingMargin10,4
1275|11.921950824296726|19|0.6274710960156171|1.0|OperatingMargin10,4
1280|11.921950824296726|19|0.6274710960156171|1.0|OperatingMargin10,4
1285|11.921950824296726|19|0.6274710960156171|1.0|OperatingMargin10,4
1290|11.921950824296726|19|0.6274710960156171|1.0|OperatingMargin10,4
1295|11.921950824296726|19|0.6274710960156171|1.0|OperatingMargin10,4
1300|11.921950824296726|19|0.6274710960156171|1.0|OperatingMargin10,4
1305|11.921950824296726|19|0.6274710960156171|1.0|OperatingMargin10,4
1310|11.921950824296726|19|0.6274710960156171|1.0|OperatingMargin10,4
1315|11.921950824296726|19|0.6274710960156171|1.0|OperatingMargin10,4
1320|11.921950824296726|19|0.6274710960156171|1.0|OperatingMargin10,4
1325|11.921950824296726|19|0.6274710960156171|1.0|OperatingMargin10,4
1330|11.921950824296726|19|0.6274710960156171|1.0|OperatingMargin10,4
1335|11.921950824296726|19|0.6274710960156171|1.0|OperatingMargin10,4
1340|11.921950824296726|19|0.6274710960156171|1.0|OperatingMargin10,4
1345|11.921950824296726|19|0.6274710960156171|1.0|OperatingMargin10,4
1350|11.921950824296726|19|0.6274710960156171|1.0|OperatingMargin10,4
1355|11.921950824296726|19|0.6274710960156171|1.0|OperatingMargin10,4
1360|11.921950824296726|19|0.6274710960156171|1.0|OperatingMargin10,4
1365|11.921950824296726|19|0.6274710960156171|1.0|OperatingMargin10,4
1370|11.921950824296726|19|0.6274710960156171|1.0|OperatingMargin10,4
1375|11.921950824296726|19|0.6274710960156171|1.0|OperatingMargin10,4
1380|11.921950824296726|19|0.6274710960156171|1.0|OperatingMargin10,4
1385|11.921950824296726|19|0.6274710960156171|1.0|OperatingMargin10,4
1390|11.921950824296726|19|0.6274710960156171|1.0|OperatingMargin10,4
1395|11.921950824296726|19|0.6274710960156171|1.0|OperatingMargin10,4
1400|11.921950824296726|19|0.6274710960156171|1.0|OperatingMargin10,4
1405|11.921950824296726|19|0.6274710960156171|1.0|OperatingMargin10,4
1410|11.921950824296726|19|0.6274710960156171|1.0|OperatingMargin10,4
1415|11.921950824296726|19|0.6274710960156171|1.0|OperatingMargin10,4
1420|11.921950824296726|19|0.6274710960156171|1.0|OperatingMargin10,4
1425|11.921950824296726|19|0.6274710960156171|1.0|OperatingMargin10,4
1430|11.921950824296726|19|0.6274710960156171|1.0|OperatingMargin10,4
1435|11.921950824296726|19|0.6274710960156171|1.0|OperatingMargin10,4
1440|11.921950824296726|19|0.6274710960156171|1.0|OperatingMargin10,4
1445|11.921950824296726|19|0.6274710960156171|1.0|OperatingMargin10,4
1450|11.921950824296726|19|0.6274710960156171|1.0|OperatingMargin10,4
1455|11.921950824296726|19|0.6274710960156171|1.0|OperatingMargin10,4
1460|11.921950824296726|19|0.6274710960156171|1.0|OperatingMargin10,4
1465|11.921950824296726|19|0.6274710960156171|1.0|OperatingMargin10,4
1470|11.921950824296726|19|0.6274710960156171|1.0|OperatingMargin10,4
1475|11.921950824296726|19|0.6274710960156171|1.0|OperatingMargin10,4
1480|11.921950824296726|19|0.6274710960156171|1.0|OperatingMargin10,4
1485|11.921950824296726|19|0.6274710960156171|1.0|OperatingMargin10,4
1490|11.921950824296726|19|0.6274710960156171|1.0|OperatingMargin10,4
1495|11.921950824296726|19|0.6274710960156171|1.0|OperatingMargin10,4
1500|11.921950824296726|19|0.6274710960156171|1.0|OperatingMargin10,4
1505|11.921950824296726|19|0.6274710960156171|1.0|OperatingMargin10,4
1510|11.921950824296726|19|0.6274710960156171|1.0|OperatingMargin10,4
1515|11.921950824296726|19|0.6274710960156171|1.0|OperatingMargin10,4
1520|11.921950824296726|19|0.6274710960156171|1.0|OperatingMargin10,4
1525|11.921950824296726|19|0.6274710960156171|1.0|OperatingMargin10,4
1530|11.921950824296726|19|0.6274710960156171|1.0|OperatingMargin10,4
1535|11.921950824296726|19|0.6274710960156171|1.0|OperatingMargin10,4
1540|11.921950824296726|19|0.6274710960156171|1.0|OperatingMargin10,4
1545|11.921950824296726|19|0.6274710960156171|1.0|OperatingMargin10,4
1550|11.921950824296726|19|0.6274710960156171|1.0|OperatingMargin10,4
1555|11.921950824296726|19|0.6274710960156171|1.0|OperatingMargin10,4
1560|11.921950824296726|19|0.6274710960156171|1.0|OperatingMargin10,4
1565|11.921950824296726|19|0.6274710960156171|1.0|OperatingMargin10,4
1570|11.921950824296726|19|0.6274710960156171|1.0|OperatingMargin10,4
1575|11.921950824296726|19|0.6274710960156171|1.0|OperatingMargin10,4
1580|11.921950824296726|19|0.6274710960156171|1.0|OperatingMargin10,4
1585|11.921950824296726|19|0.6274710960156171|1.0|OperatingMargin10,4
1590|11.921950824296726|19|0.6274710960156171|1.0|OperatingMargin10,4
1595|11.921950824296726|19|0.6274710960156171|1.0|OperatingMargin10,4
1600|11.921950824296726|19|0.6274710960156171|1.0|OperatingMargin10,4
1605|11.921950824296726|19|0.6274710960156171|1.0|OperatingMargin10,4
1610|11.921950824296726|19|0.6274710960156171|1.0|OperatingMargin10,4
1615|11.921950824296726|19|0.6274710960156171|1.0|OperatingMargin10,4
1620|11.921950824296726|19|0.6274710960156171|1.0|OperatingMargin10,4
1625|11.921950824296726|19|0.6274710960156171|1.0|OperatingMargin10,4
1630|11.921950824296726|19|0.6274710960156171|1.0|OperatingMargin10,4
1635|11.921950824296726|19|0.6274710960156171|1.0|OperatingMargin10,4
1640|11.921950824296726|19|0.6274710960156171|1.0|OperatingMargin10,4
1645|11.921950824296726|19|0.6274710960156171|1.0|OperatingMargin10,4
1650|11.921950824296726|19|0.6274710960156171|1.0|OperatingMargin10,4
1655|11.921950824296726|19|0.6274710960156171|1.0|OperatingMargin10,4
1660|11.921950824296726|19|0.6274710960156171|1.0|OperatingMargin10,4
1665|11.921950824296726|19|0.6274710960156171|1.0|OperatingMargin10,4
1670|11.921950824296726|19|0.6274710960156171|1.0|OperatingMargin10,4
1675|11.921950824296726|19|0.6274710960156171|1.0|OperatingMargin10,4
1680|11.921950824296726|19|0.6274710960156171|1.0|OperatingMargin10,4
1685|11.921950824296726|19|0.6274710960156171|1.0|OperatingMargin10,4
1690|11.921950824296726|19|0.6274710960156171|1.0|OperatingMargin10,4
1695|11.921950824296726|19|0.6274710960156171|1.0|OperatingMargin10,4
1700|11.921950824296726|19|0.6274710960156171|1.0|OperatingMargin10,4
1705|11.921950824296726|19|0.6274710960156171|1.0|OperatingMargin10,4
1710|11.921950824296726|19|0.6274710960156171|1.0|OperatingMargin10,4
1715|11.921950824296726|19|0.6274710960156171|1.0|OperatingMargin10,4
1720|11.921950824296726|19|0.6274710960156171|1.0|OperatingMargin10,4
1725|11.921950824296726|19|0.6274710960156171|1.0|OperatingMargin10,4
1730|11.921950824296726|19|0.6274710960156171|1.0|OperatingMargin10,4
1735|11.921950824296726|19|0.6274710960156171|1.0|OperatingMargin10,4
1740|11.921950824296726|19|0.6274710960156171|1.0|OperatingMargin10,4
1745|11.921950824296726|19|0.6274710960156171|1.0|OperatingMargin10,4
1750|11.921950824296726|19|0.6274710960156171|1.0|OperatingMargin10,4
1755|11.921950824296726|19|0.6274710960156171|1.0|OperatingMargin10,4
1760|11.921950824296726|19|0.6274710960156171|1.0|OperatingMargin10,4
1765|11.921950824296726|19|0.6274710960156171|1.0|OperatingMargin10,4
1770|11.921950824296726|19|0.6274710960156171|1.0|OperatingMargin10,4
1775|11.921950824296726|19|0.6274710960156171|1.0|OperatingMargin10,4
1780|11.921950824296726|19|0.6274710960156171|1.0|OperatingMargin10,4
1785|11.921950824296726|19|0.6274710960156171|1.0|OperatingMargin10,4
1790|11.921950824296726|19|0.6274710960156171|1.0|OperatingMargin10,4
1795|11.921950824296726|19|0.6274710960156171|1.0|OperatingMargin10,4
1800|11.921950824296726|19|0.6274710960156171|1.0|OperatingMargin10,4
1805|11.921950824296726|19|0.6274710960156171|1.0|OperatingMargin10,4
1810|11.921950824296726|19|0.6274710960156171|1.0|OperatingMargin10,4
1815|11.921950824296726|19|0.6274710960156171|1.0|OperatingMargin10,4
1820|11.921950824296726|19|0.6274710960156171|1.0|OperatingMargin10,4
1825|11.921950824296726|19|0.6274710960156171|1.0|OperatingMargin10,4
1830|11.921950824296726|19|0.6274710960156171|1.0|OperatingMargin10,4
1835|11.921950824296726|19|0.6274710960156171|1.0|OperatingMargin10,4
1840|11.921950824296726|19|0.6274710960156171|1.0|OperatingMargin10,4
1845|11.921950824296726|19|0.6274710960156171|1.0|OperatingMargin10,4
1850|11.921950824296726|19|0.6274710960156171|1.0|OperatingMargin10,4
1855|11.921950824296726|19|0.6274710960156171|1.0|OperatingMargin10,4
1860|11.921950824296726|19|0.6274710960156171|1.0|OperatingMargin10,4
1865|11.921950824296726|19|0.6274710960156171|1.0|OperatingMargin10,4
1870|11.921950824296726|19|0.6274710960156171|1.0|OperatingMargin10,4
1875|11.921950824296726|19|0.6274710960156171|1.0|OperatingMargin10,4
1880|11.921950824296726|19|0.6274710960156171|1.0|OperatingMargin10,4
1885|11.921950824296726|19|0.6274710960156171|1.0|OperatingMargin10,4
1890|11.921950824296726|19|0.6274710960156171|1.0|OperatingMargin10,4
1895|11.921950824296726|19|0.6274710960156171|1.0|OperatingMargin10,4
1900|11.921950824296726|19|0.6274710960156171|1.0|OperatingMargin10,4
1905|11.921950824296726|19|0.6274710960156171|1.0|OperatingMargin10,4
1910|11.921950824296726|19|0.6274710960156171|1.0|OperatingMargin10,4
1915|11.921950824296726|19|0.6274710960156171|1.0|OperatingMargin10,4
1920|11.921950824296726|19|0.6274710960156171|1.0|OperatingMargin10,4
1925|11.921950824296726|19|0.6274710960156171|1.0|OperatingMargin10,4
1930|11.921950824296726|19|0.6274710960156171|1.0|OperatingMargin10,4
1935|11.921950824296726|19|0.6274710960156171|1.0|OperatingMargin10,4
1940|11.921950824296726|19|0.6274710960156171|1.0|OperatingMargin10,4
1945|11.921950824296726|19|0.6274710960156171|1.0|OperatingMargin10,4
1950|11.921950824296726|19|0.6274710960156171|1.0|OperatingMargin10,4
1955|11.921950824296726|19|0.6274710960156171|1.0|OperatingMargin10,4
1960|11.921950824296726|19|0.6274710960156171|1.0|OperatingMargin10,4
1965|11.921950824296726|19|0.6274710960156171|1.0|OperatingMargin10,4
1970|11.921950824296726|19|0.6274710960156171|1.0|OperatingMargin10,4
1975|11.921950824296726|19|0.6274710960156171|1.0|OperatingMargin10,4
1980|11.921950824296726|19|0.6274710960156171|1.0|OperatingMargin10,4
1985|11.921950824296726|19|0.6274710960156171|1.0|OperatingMargin10,4
1990|11.921950824296726|19|0.6274710960156171|1.0|OperatingMargin10,4
1995|11.921950824296726|19|0.6274710960156171|1.0|OperatingMargin10,4
2000|11.921950824296726|19|0.6274710960156171|1.0|OperatingMargin10,4
