#########################################################
# Algorithm Parameters #
# Generations = 2000
# Population size = 100
# Resolution = 5
#########################################################
# Financial Parameters #
# Quarter = 2
# Crossover probabilities = 0.75 -> 0.25
# Mutation start probabilities = 0.9,0.0,0.6,0.5,0.6,0.9
# Mutation end probabilities = 0.4,0.4,0.1,0.1,0.1,0.4
######################################################### 
0|8.025954033273772|7|1.1465648618962532|1.0|BookValuePerShare09,9
5|8.025954033273772|7|1.1465648618962532|1.0|BookValuePerShare09,9
10|8.893796548981973|11|0.8085269589983611|1.0|SGAExpenses10,13
15|8.893796548981973|7|1.2705423641402818|1.0|ResearchDevelopmentChange,17
20|9.341744601588529|15|0.6227829734392353|1.1666666666666667|TotalCurrentAssetsChange,32
25|9.62173508191312|13|0.7401334678394709|1.0|OperatingMarginChange,5
30|9.62173508191312|11|0.8747031892648292|1.25|ReturnOnInvestedCapitalChange,26
35|9.62173508191312|11|0.8747031892648292|1.25|ReturnOnInvestedCapitalChange,26
40|10.138446435040992|13|0.7798804950031533|1.0|ResearchDevelopmentChange,17
45|10.138446435040992|13|0.7798804950031533|1.0|ResearchDevelopmentChange,17
50|10.138446435040992|11|0.9216769486400902|1.0|SGAExpenses10,13
55|10.138446435040992|11|0.9216769486400902|1.0|SGAExpenses10,13
60|10.138446435040992|11|0.9216769486400902|1.0|SGAExpenses10,13
65|10.138446435040992|11|0.9216769486400902|1.0|SGAExpenses10,13
70|10.138446435040992|11|0.9216769486400902|1.0|SGAExpenses10,13
75|10.138446435040992|11|0.9216769486400902|1.0|SGAExpenses10,13
80|10.138446435040992|11|0.9216769486400902|1.0|SGAExpenses10,13
85|10.138446435040992|11|0.9216769486400902|1.0|SGAExpenses10,13
90|10.138446435040992|11|0.9216769486400902|1.0|SGAExpenses10,13
95|10.138446435040992|11|0.9216769486400902|1.0|SGAExpenses10,13
100|10.138446435040992|11|0.9216769486400902|1.0|SGAExpenses10,13
105|10.138446435040992|11|0.9216769486400902|1.0|SGAExpenses10,13
110|10.138446435040992|11|0.9216769486400902|1.0|SGAExpenses10,13
115|10.138446435040992|11|0.9216769486400902|1.0|SGAExpenses10,13
120|10.138446435040992|11|0.9216769486400902|1.0|SGAExpenses10,13
125|10.138446435040992|11|0.9216769486400902|1.0|SGAExpenses10,13
130|10.138446435040992|11|0.9216769486400902|1.0|SGAExpenses10,13
135|10.138446435040992|11|0.9216769486400902|1.0|SGAExpenses10,13
140|10.368118683368857|13|0.7975475910283737|1.0|SGAExpenses10,13
145|10.368118683368857|13|0.7975475910283737|1.0|SGAExpenses10,13
150|10.368118683368857|13|0.7975475910283737|1.0|SGAExpenses10,13
155|10.368118683368857|13|0.7975475910283737|1.0|SGAExpenses10,13
160|10.368118683368857|13|0.7975475910283737|1.0|SGAExpenses10,13
165|10.368118683368857|13|0.7975475910283737|1.0|SGAExpenses10,13
170|10.368118683368857|13|0.7975475910283737|1.0|SGAExpenses10,13
175|10.368118683368857|13|0.7975475910283737|1.0|SGAExpenses10,13
180|10.368118683368857|13|0.7975475910283737|1.0|SGAExpenses10,13
185|10.368118683368857|13|0.7975475910283737|1.0|SGAExpenses10,13
190|10.368118683368857|13|0.7975475910283737|1.0|SGAExpenses10,13
195|10.368118683368857|13|0.7975475910283737|1.0|SGAExpenses10,13
200|10.368118683368857|13|0.7975475910283737|1.0|SGAExpenses10,13
205|10.368118683368857|13|0.7975475910283737|1.0|SGAExpenses10,13
210|10.368118683368857|13|0.7975475910283737|1.0|SGAExpenses10,13
215|10.368118683368857|13|0.7975475910283737|1.0|SGAExpenses10,13
220|10.368118683368857|13|0.7975475910283737|1.0|SGAExpenses10,13
225|10.368118683368857|13|0.7975475910283737|1.0|SGAExpenses10,13
230|10.449917699945908|15|0.6966611799963939|1.0|SGAExpenses10,13
235|10.449917699945908|15|0.6966611799963939|1.0|SGAExpenses10,13
240|10.449917699945908|15|0.6966611799963939|1.0|SGAExpenses10,13
245|10.49740355159181|15|0.6998269034394541|1.0|SGAExpenses10,13
250|10.52255168984427|17|0.6189736288143689|1.1428571428571428|TotalCurrentAssetsChange,32
255|10.52255168984427|17|0.6189736288143689|1.1428571428571428|TotalCurrentAssetsChange,32
260|10.52255168984427|17|0.6189736288143689|1.1428571428571428|TotalCurrentAssetsChange,32
265|10.858054166060661|23|0.47208931156785483|1.1|TotalCurrentAssetsChange,32
270|10.858054166060661|23|0.47208931156785483|1.1|TotalCurrentAssetsChange,32
275|10.858054166060661|21|0.517050198383841|1.0|SGAExpenses10,13
280|10.858054166060661|21|0.517050198383841|1.0|SGAExpenses10,13
285|10.858054166060661|19|0.5714765350558243|1.0|BookValuePerShareChange,11
290|10.858054166060661|19|0.5714765350558243|1.0|BookValuePerShareChange,11
295|10.858054166060661|19|0.5714765350558243|1.0|BookValuePerShareChange,11
300|10.858054166060661|19|0.5714765350558243|1.0|BookValuePerShareChange,11
305|10.858054166060661|17|0.6387090685918037|1.1428571428571428|ReturnOnEquity09,21
310|10.858054166060661|17|0.6387090685918037|1.1428571428571428|ReturnOnEquity09,21
315|10.858054166060661|17|0.6387090685918037|1.1428571428571428|ReturnOnEquity09,21
320|10.858054166060661|17|0.6387090685918037|1.1428571428571428|ReturnOnEquity09,21
325|10.858054166060661|17|0.6387090685918037|1.1428571428571428|ReturnOnEquity09,21
330|10.858054166060661|17|0.6387090685918037|1.1428571428571428|ReturnOnEquity09,21
335|10.858054166060661|17|0.6387090685918037|1.1428571428571428|ReturnOnEquity09,21
340|10.858054166060661|17|0.6387090685918037|1.1428571428571428|ReturnOnEquity09,21
345|10.858054166060661|17|0.6387090685918037|1.1428571428571428|ReturnOnEquity09,21
350|10.858054166060661|17|0.6387090685918037|1.1428571428571428|ReturnOnEquity09,21
355|10.858054166060661|17|0.6387090685918037|1.1428571428571428|ReturnOnEquity09,21
360|10.858054166060661|17|0.6387090685918037|1.1428571428571428|ReturnOnEquity09,21
365|10.858054166060661|15|0.7238702777373774|1.0|ReturnOnEquity10,22
370|10.858054166060661|15|0.7238702777373774|1.0|ReturnOnEquity10,22
375|10.858054166060661|15|0.7238702777373774|1.0|ReturnOnEquity10,22
380|10.858054166060661|15|0.7238702777373774|1.0|ReturnOnEquity10,22
385|10.858054166060661|15|0.7238702777373774|1.0|ReturnOnEquity10,22
390|10.858054166060661|15|0.7238702777373774|1.0|ReturnOnEquity10,22
395|10.858054166060661|15|0.7238702777373774|1.0|ReturnOnEquity10,22
400|10.858054166060661|15|0.7238702777373774|1.0|ReturnOnEquity10,22
405|10.858054166060661|15|0.7238702777373774|1.0|ReturnOnEquity10,22
410|10.858054166060661|15|0.7238702777373774|1.0|ReturnOnEquity10,22
415|10.858054166060661|15|0.7238702777373774|1.0|ReturnOnEquity10,22
420|10.858054166060661|15|0.7238702777373774|1.0|ReturnOnEquity10,22
425|10.858054166060661|15|0.7238702777373774|1.0|ReturnOnEquity10,22
430|11.07107630183771|15|0.7380717534558473|1.0|ReturnOnEquity10,22
435|11.07107630183771|15|0.7380717534558473|1.0|ReturnOnEquity10,22
440|11.343946495004923|15|0.7562630996669949|1.0|ReturnOnEquity10,22
445|11.343946495004923|15|0.7562630996669949|1.0|ReturnOnEquity10,22
450|11.343946495004923|15|0.7562630996669949|1.0|ReturnOnEquity10,22
455|11.418615556909842|19|0.6009797661531495|1.0|EarningsPerShareChange,8
460|11.418615556909842|19|0.6009797661531495|1.0|EarningsPerShareChange,8
465|11.418615556909842|19|0.6009797661531495|1.0|EarningsPerShareChange,8
470|11.870394711467217|17|0.6982585124392481|1.0|ReturnOnEquity10,22
475|11.870394711467217|15|0.7913596474311478|1.0|ReturnOnEquity10,22
480|11.870394711467217|15|0.7913596474311478|1.0|ReturnOnEquity10,22
485|11.870394711467217|15|0.7913596474311478|1.0|ReturnOnEquity10,22
490|11.870394711467217|15|0.7913596474311478|1.0|ReturnOnEquity10,22
495|11.870394711467217|15|0.7913596474311478|1.0|ReturnOnEquity10,22
500|11.870394711467217|15|0.7913596474311478|1.0|ReturnOnEquity10,22
505|11.870394711467217|13|0.9131072854974782|1.0|ReturnOnEquity10,22
510|11.870394711467217|13|0.9131072854974782|1.0|ReturnOnEquity10,22
515|11.870394711467217|13|0.9131072854974782|1.0|ReturnOnEquity10,22
520|11.870394711467217|13|0.9131072854974782|1.0|ReturnOnEquity10,22
525|11.870394711467217|13|0.9131072854974782|1.0|ReturnOnEquity10,22
530|11.870394711467217|13|0.9131072854974782|1.0|ReturnOnEquity10,22
535|11.870394711467217|13|0.9131072854974782|1.0|ReturnOnEquity10,22
540|11.870394711467217|13|0.9131072854974782|1.0|ReturnOnEquity10,22
545|11.870394711467217|13|0.9131072854974782|1.0|ReturnOnEquity10,22
550|11.870394711467217|13|0.9131072854974782|1.0|ReturnOnEquity10,22
555|11.870394711467217|13|0.9131072854974782|1.0|ReturnOnEquity10,22
560|11.870394711467217|13|0.9131072854974782|1.0|ReturnOnEquity10,22
565|11.870394711467217|13|0.9131072854974782|1.0|ReturnOnEquity10,22
570|11.870394711467217|13|0.9131072854974782|1.0|ReturnOnEquity10,22
575|11.870394711467217|13|0.9131072854974782|1.0|ReturnOnEquity10,22
580|11.870394711467217|13|0.9131072854974782|1.0|ReturnOnEquity10,22
585|11.870394711467217|13|0.9131072854974782|1.0|ReturnOnEquity10,22
590|11.870394711467217|13|0.9131072854974782|1.0|ReturnOnEquity10,22
595|11.870394711467217|13|0.9131072854974782|1.0|ReturnOnEquity10,22
600|11.870394711467217|13|0.9131072854974782|1.0|ReturnOnEquity10,22
605|11.870394711467217|13|0.9131072854974782|1.0|ReturnOnEquity10,22
610|11.870394711467217|13|0.9131072854974782|1.0|ReturnOnEquity10,22
615|11.870394711467217|13|0.9131072854974782|1.0|ReturnOnEquity10,22
620|11.870394711467217|13|0.9131072854974782|1.0|ReturnOnEquity10,22
625|11.870394711467217|13|0.9131072854974782|1.0|ReturnOnEquity10,22
630|11.870394711467217|13|0.9131072854974782|1.0|ReturnOnEquity10,22
635|11.870394711467217|13|0.9131072854974782|1.0|ReturnOnEquity10,22
640|11.870394711467217|13|0.9131072854974782|1.0|ReturnOnEquity10,22
645|11.870394711467217|13|0.9131072854974782|1.0|ReturnOnEquity10,22
650|11.870394711467217|13|0.9131072854974782|1.0|ReturnOnEquity10,22
655|11.870394711467217|13|0.9131072854974782|1.0|ReturnOnEquity10,22
660|11.870394711467217|13|0.9131072854974782|1.0|ReturnOnEquity10,22
665|11.870394711467217|13|0.9131072854974782|1.0|ReturnOnEquity10,22
670|11.870394711467217|13|0.9131072854974782|1.0|ReturnOnEquity10,22
675|11.870394711467217|13|0.9131072854974782|1.0|ReturnOnEquity10,22
680|11.870394711467217|13|0.9131072854974782|1.0|ReturnOnEquity10,22
685|11.870394711467217|13|0.9131072854974782|1.0|ReturnOnEquity10,22
690|11.870394711467217|13|0.9131072854974782|1.0|ReturnOnEquity10,22
695|11.870394711467217|13|0.9131072854974782|1.0|ReturnOnEquity10,22
700|11.870394711467217|13|0.9131072854974782|1.0|ReturnOnEquity10,22
705|11.870394711467217|13|0.9131072854974782|1.0|ReturnOnEquity10,22
710|11.870394711467217|13|0.9131072854974782|1.0|ReturnOnEquity10,22
715|11.870394711467217|13|0.9131072854974782|1.0|ReturnOnEquity10,22
720|11.870394711467217|13|0.9131072854974782|1.0|ReturnOnEquity10,22
725|11.870394711467217|13|0.9131072854974782|1.0|ReturnOnEquity10,22
730|11.870394711467217|13|0.9131072854974782|1.0|ReturnOnEquity10,22
735|11.870394711467217|13|0.9131072854974782|1.0|ReturnOnEquity10,22
740|11.870394711467217|13|0.9131072854974782|1.0|ReturnOnEquity10,22
745|11.870394711467217|13|0.9131072854974782|1.0|ReturnOnEquity10,22
750|11.870394711467217|13|0.9131072854974782|1.0|ReturnOnEquity10,22
755|11.870394711467217|13|0.9131072854974782|1.0|ReturnOnEquity10,22
760|11.870394711467217|13|0.9131072854974782|1.0|ReturnOnEquity10,22
765|11.870394711467217|13|0.9131072854974782|1.0|ReturnOnEquity10,22
770|11.870394711467217|13|0.9131072854974782|1.0|ReturnOnEquity10,22
775|11.870394711467217|13|0.9131072854974782|1.0|ReturnOnEquity10,22
780|11.870394711467217|13|0.9131072854974782|1.0|ReturnOnEquity10,22
785|11.870394711467217|13|0.9131072854974782|1.0|ReturnOnEquity10,22
790|11.870394711467217|13|0.9131072854974782|1.0|ReturnOnEquity10,22
795|11.870394711467217|13|0.9131072854974782|1.0|ReturnOnEquity10,22
800|11.870394711467217|13|0.9131072854974782|1.0|ReturnOnEquity10,22
805|11.870394711467217|13|0.9131072854974782|1.0|ReturnOnEquity10,22
810|11.870394711467217|13|0.9131072854974782|1.0|ReturnOnEquity10,22
815|11.870394711467217|13|0.9131072854974782|1.0|ReturnOnEquity10,22
820|11.870394711467217|13|0.9131072854974782|1.0|ReturnOnEquity10,22
825|11.870394711467217|13|0.9131072854974782|1.0|ReturnOnEquity10,22
830|11.870394711467217|13|0.9131072854974782|1.0|ReturnOnEquity10,22
835|11.870394711467217|13|0.9131072854974782|1.0|ReturnOnEquity10,22
840|11.870394711467217|13|0.9131072854974782|1.0|ReturnOnEquity10,22
845|11.870394711467217|13|0.9131072854974782|1.0|ReturnOnEquity10,22
850|11.870394711467217|13|0.9131072854974782|1.0|ReturnOnEquity10,22
855|11.870394711467217|13|0.9131072854974782|1.0|ReturnOnEquity10,22
860|11.870394711467217|13|0.9131072854974782|1.0|ReturnOnEquity10,22
865|11.870394711467217|13|0.9131072854974782|1.0|ReturnOnEquity10,22
870|11.870394711467217|13|0.9131072854974782|1.0|ReturnOnEquity10,22
875|11.870394711467217|13|0.9131072854974782|1.0|ReturnOnEquity10,22
880|11.870394711467217|13|0.9131072854974782|1.0|ReturnOnEquity10,22
885|11.870394711467217|13|0.9131072854974782|1.0|ReturnOnEquity10,22
890|11.870394711467217|13|0.9131072854974782|1.0|ReturnOnEquity10,22
895|11.870394711467217|13|0.9131072854974782|1.0|ReturnOnEquity10,22
900|11.870394711467217|13|0.9131072854974782|1.0|ReturnOnEquity10,22
905|11.870394711467217|13|0.9131072854974782|1.0|ReturnOnEquity10,22
910|11.870394711467217|13|0.9131072854974782|1.0|ReturnOnEquity10,22
915|11.870394711467217|13|0.9131072854974782|1.0|ReturnOnEquity10,22
920|11.870394711467217|13|0.9131072854974782|1.0|ReturnOnEquity10,22
925|11.870394711467217|13|0.9131072854974782|1.0|ReturnOnEquity10,22
930|11.870394711467217|13|0.9131072854974782|1.0|ReturnOnEquity10,22
935|11.870394711467217|13|0.9131072854974782|1.0|ReturnOnEquity10,22
940|11.870394711467217|13|0.9131072854974782|1.0|ReturnOnEquity10,22
945|11.870394711467217|13|0.9131072854974782|1.0|ReturnOnEquity10,22
950|11.870394711467217|13|0.9131072854974782|1.0|ReturnOnEquity10,22
955|11.870394711467217|13|0.9131072854974782|1.0|ReturnOnEquity10,22
960|11.870394711467217|13|0.9131072854974782|1.0|ReturnOnEquity10,22
965|11.870394711467217|13|0.9131072854974782|1.0|ReturnOnEquity10,22
970|11.870394711467217|13|0.9131072854974782|1.0|ReturnOnEquity10,22
975|11.870394711467217|13|0.9131072854974782|1.0|ReturnOnEquity10,22
980|11.870394711467217|13|0.9131072854974782|1.0|ReturnOnEquity10,22
985|11.870394711467217|13|0.9131072854974782|1.0|ReturnOnEquity10,22
990|11.870394711467217|13|0.9131072854974782|1.0|ReturnOnEquity10,22
995|11.870394711467217|13|0.9131072854974782|1.0|ReturnOnEquity10,22
1000|11.870394711467217|13|0.9131072854974782|1.0|ReturnOnEquity10,22
1005|11.870394711467217|13|0.9131072854974782|1.0|ReturnOnEquity10,22
1010|11.870394711467217|13|0.9131072854974782|1.0|ReturnOnEquity10,22
1015|11.870394711467217|13|0.9131072854974782|1.0|ReturnOnEquity10,22
1020|11.870394711467217|13|0.9131072854974782|1.0|ReturnOnEquity10,22
1025|11.870394711467217|13|0.9131072854974782|1.0|ReturnOnEquity10,22
1030|11.870394711467217|13|0.9131072854974782|1.0|ReturnOnEquity10,22
1035|11.870394711467217|13|0.9131072854974782|1.0|ReturnOnEquity10,22
1040|11.870394711467217|13|0.9131072854974782|1.0|ReturnOnEquity10,22
1045|11.870394711467217|13|0.9131072854974782|1.0|ReturnOnEquity10,22
1050|11.870394711467217|13|0.9131072854974782|1.0|ReturnOnEquity10,22
1055|11.870394711467217|13|0.9131072854974782|1.0|ReturnOnEquity10,22
1060|11.870394711467217|13|0.9131072854974782|1.0|ReturnOnEquity10,22
1065|11.870394711467217|13|0.9131072854974782|1.0|ReturnOnEquity10,22
1070|11.870394711467217|13|0.9131072854974782|1.0|ReturnOnEquity10,22
1075|11.870394711467217|13|0.9131072854974782|1.0|ReturnOnEquity10,22
1080|11.870394711467217|13|0.9131072854974782|1.0|ReturnOnEquity10,22
1085|11.870394711467217|13|0.9131072854974782|1.0|ReturnOnEquity10,22
1090|11.870394711467217|13|0.9131072854974782|1.0|ReturnOnEquity10,22
1095|11.870394711467217|13|0.9131072854974782|1.0|ReturnOnEquity10,22
1100|11.870394711467217|13|0.9131072854974782|1.0|ReturnOnEquity10,22
1105|11.870394711467217|13|0.9131072854974782|1.0|ReturnOnEquity10,22
1110|11.870394711467217|13|0.9131072854974782|1.0|ReturnOnEquity10,22
1115|11.870394711467217|13|0.9131072854974782|1.0|ReturnOnEquity10,22
1120|11.870394711467217|13|0.9131072854974782|1.0|ReturnOnEquity10,22
1125|11.870394711467217|13|0.9131072854974782|1.0|ReturnOnEquity10,22
1130|11.870394711467217|13|0.9131072854974782|1.0|ReturnOnEquity10,22
1135|11.870394711467217|13|0.9131072854974782|1.0|ReturnOnEquity10,22
1140|11.870394711467217|13|0.9131072854974782|1.0|ReturnOnEquity10,22
1145|11.870394711467217|13|0.9131072854974782|1.0|ReturnOnEquity10,22
1150|11.870394711467217|13|0.9131072854974782|1.0|ReturnOnEquity10,22
1155|11.870394711467217|13|0.9131072854974782|1.0|ReturnOnEquity10,22
1160|11.870394711467217|13|0.9131072854974782|1.0|ReturnOnEquity10,22
1165|11.870394711467217|13|0.9131072854974782|1.0|ReturnOnEquity10,22
1170|11.870394711467217|13|0.9131072854974782|1.0|ReturnOnEquity10,22
1175|11.870394711467217|13|0.9131072854974782|1.0|ReturnOnEquity10,22
1180|11.870394711467217|13|0.9131072854974782|1.0|ReturnOnEquity10,22
1185|11.870394711467217|13|0.9131072854974782|1.0|ReturnOnEquity10,22
1190|11.870394711467217|13|0.9131072854974782|1.0|ReturnOnEquity10,22
1195|11.870394711467217|13|0.9131072854974782|1.0|ReturnOnEquity10,22
1200|11.870394711467217|13|0.9131072854974782|1.0|ReturnOnEquity10,22
1205|11.870394711467217|13|0.9131072854974782|1.0|ReturnOnEquity10,22
1210|11.870394711467217|13|0.9131072854974782|1.0|ReturnOnEquity10,22
1215|11.870394711467217|13|0.9131072854974782|1.0|ReturnOnEquity10,22
1220|11.870394711467217|13|0.9131072854974782|1.0|ReturnOnEquity10,22
1225|11.870394711467217|13|0.9131072854974782|1.0|ReturnOnEquity10,22
1230|11.870394711467217|13|0.9131072854974782|1.0|ReturnOnEquity10,22
1235|11.870394711467217|13|0.9131072854974782|1.0|ReturnOnEquity10,22
1240|11.870394711467217|13|0.9131072854974782|1.0|ReturnOnEquity10,22
1245|11.870394711467217|13|0.9131072854974782|1.0|ReturnOnEquity10,22
1250|11.870394711467217|13|0.9131072854974782|1.0|ReturnOnEquity10,22
1255|11.870394711467217|13|0.9131072854974782|1.0|ReturnOnEquity10,22
1260|11.870394711467217|13|0.9131072854974782|1.0|ReturnOnEquity10,22
1265|11.870394711467217|13|0.9131072854974782|1.0|ReturnOnEquity10,22
1270|11.870394711467217|13|0.9131072854974782|1.0|ReturnOnEquity10,22
1275|11.870394711467217|13|0.9131072854974782|1.0|ReturnOnEquity10,22
1280|11.870394711467217|13|0.9131072854974782|1.0|ReturnOnEquity10,22
1285|11.870394711467217|13|0.9131072854974782|1.0|ReturnOnEquity10,22
1290|11.870394711467217|13|0.9131072854974782|1.0|ReturnOnEquity10,22
1295|11.870394711467217|13|0.9131072854974782|1.0|ReturnOnEquity10,22
1300|11.905907744227873|15|0.7937271829485248|1.0|ReturnOnEquity10,22
1305|11.905907744227873|15|0.7937271829485248|1.0|ReturnOnEquity10,22
1310|11.905907744227873|15|0.7937271829485248|1.0|ReturnOnEquity10,22
1315|11.905907744227873|15|0.7937271829485248|1.0|ReturnOnEquity10,22
1320|11.905907744227873|15|0.7937271829485248|1.0|ReturnOnEquity10,22
1325|11.905907744227873|15|0.7937271829485248|1.0|ReturnOnEquity10,22
1330|11.905907744227873|15|0.7937271829485248|1.0|ReturnOnEquity10,22
1335|11.905907744227873|15|0.7937271829485248|1.0|ReturnOnEquity10,22
1340|11.905907744227873|15|0.7937271829485248|1.0|ReturnOnEquity10,22
1345|11.905907744227873|15|0.7937271829485248|1.0|ReturnOnEquity10,22
1350|11.905907744227873|15|0.7937271829485248|1.0|ReturnOnEquity10,22
1355|11.905907744227873|15|0.7937271829485248|1.0|ReturnOnEquity10,22
1360|11.905907744227873|15|0.7937271829485248|1.0|ReturnOnEquity10,22
1365|11.905907744227873|15|0.7937271829485248|1.0|ReturnOnEquity10,22
1370|11.905907744227873|15|0.7937271829485248|1.0|ReturnOnEquity10,22
1375|11.905907744227873|15|0.7937271829485248|1.0|ReturnOnEquity10,22
1380|11.905907744227873|15|0.7937271829485248|1.0|ReturnOnEquity10,22
1385|11.905907744227873|15|0.7937271829485248|1.0|ReturnOnEquity10,22
1390|11.905907744227873|15|0.7937271829485248|1.0|ReturnOnEquity10,22
1395|11.905907744227873|15|0.7937271829485248|1.0|ReturnOnEquity10,22
1400|11.905907744227873|15|0.7937271829485248|1.0|ReturnOnEquity10,22
1405|11.905907744227873|15|0.7937271829485248|1.0|ReturnOnEquity10,22
1410|11.905907744227873|15|0.7937271829485248|1.0|ReturnOnEquity10,22
1415|11.905907744227873|15|0.7937271829485248|1.0|ReturnOnEquity10,22
1420|11.905907744227873|15|0.7937271829485248|1.0|ReturnOnEquity10,22
1425|11.905907744227873|15|0.7937271829485248|1.0|ReturnOnEquity10,22
1430|11.905907744227873|15|0.7937271829485248|1.0|ReturnOnEquity10,22
1435|11.905907744227873|15|0.7937271829485248|1.0|ReturnOnEquity10,22
1440|11.905907744227873|15|0.7937271829485248|1.0|ReturnOnEquity10,22
1445|11.905907744227873|15|0.7937271829485248|1.0|ReturnOnEquity10,22
1450|11.905907744227873|15|0.7937271829485248|1.0|ReturnOnEquity10,22
1455|11.905907744227873|15|0.7937271829485248|1.0|ReturnOnEquity10,22
1460|11.905907744227873|15|0.7937271829485248|1.0|ReturnOnEquity10,22
1465|11.905907744227873|15|0.7937271829485248|1.0|ReturnOnEquity10,22
1470|11.905907744227873|15|0.7937271829485248|1.0|ReturnOnEquity10,22
1475|11.905907744227873|15|0.7937271829485248|1.0|ReturnOnEquity10,22
1480|11.905907744227873|15|0.7937271829485248|1.0|ReturnOnEquity10,22
1485|11.905907744227873|15|0.7937271829485248|1.0|ReturnOnEquity10,22
1490|11.905907744227873|15|0.7937271829485248|1.0|ReturnOnEquity10,22
1495|11.905907744227873|15|0.7937271829485248|1.0|ReturnOnEquity10,22
1500|11.905907744227873|15|0.7937271829485248|1.0|ReturnOnEquity10,22
1505|11.905907744227873|15|0.7937271829485248|1.0|ReturnOnEquity10,22
1510|11.905907744227873|15|0.7937271829485248|1.0|ReturnOnEquity10,22
1515|11.905907744227873|15|0.7937271829485248|1.0|ReturnOnEquity10,22
1520|11.905907744227873|15|0.7937271829485248|1.0|ReturnOnEquity10,22
1525|11.905907744227873|15|0.7937271829485248|1.0|ReturnOnEquity10,22
1530|11.905907744227873|15|0.7937271829485248|1.0|ReturnOnEquity10,22
1535|11.905907744227873|15|0.7937271829485248|1.0|ReturnOnEquity10,22
1540|11.905907744227873|15|0.7937271829485248|1.0|ReturnOnEquity10,22
1545|11.905907744227873|15|0.7937271829485248|1.0|ReturnOnEquity10,22
1550|11.905907744227873|15|0.7937271829485248|1.0|ReturnOnEquity10,22
1555|11.905907744227873|15|0.7937271829485248|1.0|ReturnOnEquity10,22
1560|11.905907744227873|15|0.7937271829485248|1.0|ReturnOnEquity10,22
1565|11.905907744227873|15|0.7937271829485248|1.0|ReturnOnEquity10,22
1570|11.905907744227873|15|0.7937271829485248|1.0|ReturnOnEquity10,22
1575|11.905907744227873|15|0.7937271829485248|1.0|ReturnOnEquity10,22
1580|11.905907744227873|15|0.7937271829485248|1.0|ReturnOnEquity10,22
1585|11.905907744227873|15|0.7937271829485248|1.0|ReturnOnEquity10,22
1590|11.905907744227873|15|0.7937271829485248|1.0|ReturnOnEquity10,22
1595|11.905907744227873|15|0.7937271829485248|1.0|ReturnOnEquity10,22
1600|11.905907744227873|15|0.7937271829485248|1.0|ReturnOnEquity10,22
1605|11.905907744227873|15|0.7937271829485248|1.0|ReturnOnEquity10,22
1610|11.905907744227873|15|0.7937271829485248|1.0|ReturnOnEquity10,22
1615|11.905907744227873|15|0.7937271829485248|1.0|ReturnOnEquity10,22
1620|11.905907744227873|15|0.7937271829485248|1.0|ReturnOnEquity10,22
1625|11.905907744227873|15|0.7937271829485248|1.0|ReturnOnEquity10,22
1630|11.905907744227873|15|0.7937271829485248|1.0|ReturnOnEquity10,22
1635|11.905907744227873|15|0.7937271829485248|1.0|ReturnOnEquity10,22
1640|11.905907744227873|15|0.7937271829485248|1.0|ReturnOnEquity10,22
1645|11.905907744227873|15|0.7937271829485248|1.0|ReturnOnEquity10,22
1650|11.905907744227873|15|0.7937271829485248|1.0|ReturnOnEquity10,22
1655|11.905907744227873|15|0.7937271829485248|1.0|ReturnOnEquity10,22
1660|11.905907744227873|15|0.7937271829485248|1.0|ReturnOnEquity10,22
1665|11.905907744227873|15|0.7937271829485248|1.0|ReturnOnEquity10,22
1670|11.905907744227873|15|0.7937271829485248|1.0|ReturnOnEquity10,22
1675|11.905907744227873|15|0.7937271829485248|1.0|ReturnOnEquity10,22
1680|11.905907744227873|15|0.7937271829485248|1.0|ReturnOnEquity10,22
1685|11.905907744227873|15|0.7937271829485248|1.0|ReturnOnEquity10,22
1690|11.905907744227873|15|0.7937271829485248|1.0|ReturnOnEquity10,22
1695|11.905907744227873|15|0.7937271829485248|1.0|ReturnOnEquity10,22
1700|11.905907744227873|15|0.7937271829485248|1.0|ReturnOnEquity10,22
1705|11.905907744227873|15|0.7937271829485248|1.0|ReturnOnEquity10,22
1710|11.905907744227873|15|0.7937271829485248|1.0|ReturnOnEquity10,22
1715|11.905907744227873|15|0.7937271829485248|1.0|ReturnOnEquity10,22
1720|11.905907744227873|15|0.7937271829485248|1.0|ReturnOnEquity10,22
1725|11.905907744227873|15|0.7937271829485248|1.0|ReturnOnEquity10,22
1730|11.905907744227873|15|0.7937271829485248|1.0|ReturnOnEquity10,22
1735|11.905907744227873|15|0.7937271829485248|1.0|ReturnOnEquity10,22
1740|11.905907744227873|15|0.7937271829485248|1.0|ReturnOnEquity10,22
1745|11.905907744227873|15|0.7937271829485248|1.0|ReturnOnEquity10,22
1750|11.905907744227873|15|0.7937271829485248|1.0|ReturnOnEquity10,22
1755|11.905907744227873|15|0.7937271829485248|1.0|ReturnOnEquity10,22
1760|11.905907744227873|15|0.7937271829485248|1.0|ReturnOnEquity10,22
1765|11.905907744227873|15|0.7937271829485248|1.0|ReturnOnEquity10,22
1770|11.905907744227873|15|0.7937271829485248|1.0|ReturnOnEquity10,22
1775|11.905907744227873|15|0.7937271829485248|1.0|ReturnOnEquity10,22
1780|11.905907744227873|15|0.7937271829485248|1.0|ReturnOnEquity10,22
1785|11.905907744227873|15|0.7937271829485248|1.0|ReturnOnEquity10,22
1790|11.905907744227873|15|0.7937271829485248|1.0|ReturnOnEquity10,22
1795|11.905907744227873|15|0.7937271829485248|1.0|ReturnOnEquity10,22
1800|12.024084233722954|17|0.7072990725719385|1.0|ReturnOnEquity10,22
1805|12.024084233722954|17|0.7072990725719385|1.0|ReturnOnEquity10,22
1810|12.024084233722954|17|0.7072990725719385|1.0|ReturnOnEquity10,22
1815|12.024084233722954|17|0.7072990725719385|1.0|ReturnOnEquity10,22
1820|12.024084233722954|17|0.7072990725719385|1.0|ReturnOnEquity10,22
1825|12.024084233722954|17|0.7072990725719385|1.0|ReturnOnEquity10,22
1830|12.024084233722954|17|0.7072990725719385|1.0|ReturnOnEquity10,22
1835|12.024084233722954|17|0.7072990725719385|1.0|ReturnOnEquity10,22
1840|12.024084233722954|17|0.7072990725719385|1.0|ReturnOnEquity10,22
1845|12.024084233722954|17|0.7072990725719385|1.0|ReturnOnEquity10,22
1850|12.024084233722954|17|0.7072990725719385|1.0|ReturnOnEquity10,22
1855|12.024084233722954|17|0.7072990725719385|1.0|ReturnOnEquity10,22
1860|12.024084233722954|17|0.7072990725719385|1.0|ReturnOnEquity10,22
1865|12.024084233722954|17|0.7072990725719385|1.0|ReturnOnEquity10,22
1870|12.024084233722954|17|0.7072990725719385|1.0|ReturnOnEquity10,22
1875|12.024084233722954|17|0.7072990725719385|1.0|ReturnOnEquity10,22
1880|12.024084233722954|17|0.7072990725719385|1.0|ReturnOnEquity10,22
1885|12.024084233722954|17|0.7072990725719385|1.0|ReturnOnEquity10,22
1890|12.024084233722954|17|0.7072990725719385|1.0|ReturnOnEquity10,22
1895|12.024084233722954|17|0.7072990725719385|1.0|ReturnOnEquity10,22
1900|12.024084233722954|17|0.7072990725719385|1.0|ReturnOnEquity10,22
1905|12.024084233722954|17|0.7072990725719385|1.0|ReturnOnEquity10,22
1910|12.024084233722954|17|0.7072990725719385|1.0|ReturnOnEquity10,22
1915|12.024084233722954|17|0.7072990725719385|1.0|ReturnOnEquity10,22
1920|12.024084233722954|17|0.7072990725719385|1.0|ReturnOnEquity10,22
1925|12.024084233722954|17|0.7072990725719385|1.0|ReturnOnEquity10,22
1930|12.024084233722954|17|0.7072990725719385|1.0|ReturnOnEquity10,22
1935|12.024084233722954|17|0.7072990725719385|1.0|ReturnOnEquity10,22
1940|12.024084233722954|17|0.7072990725719385|1.0|ReturnOnEquity10,22
1945|12.024084233722954|17|0.7072990725719385|1.0|ReturnOnEquity10,22
1950|12.024084233722954|17|0.7072990725719385|1.0|ReturnOnEquity10,22
1955|12.024084233722954|17|0.7072990725719385|1.0|ReturnOnEquity10,22
1960|12.024084233722954|17|0.7072990725719385|1.0|ReturnOnEquity10,22
1965|12.024084233722954|17|0.7072990725719385|1.0|ReturnOnEquity10,22
1970|12.024084233722954|17|0.7072990725719385|1.0|ReturnOnEquity10,22
1975|12.024084233722954|17|0.7072990725719385|1.0|ReturnOnEquity10,22
1980|12.024084233722954|17|0.7072990725719385|1.0|ReturnOnEquity10,22
1985|12.024084233722954|17|0.7072990725719385|1.0|ReturnOnEquity10,22
1990|12.024084233722954|17|0.7072990725719385|1.0|ReturnOnEquity10,22
1995|12.024084233722954|17|0.7072990725719385|1.0|ReturnOnEquity10,22
2000|12.024084233722954|17|0.7072990725719385|1.0|ReturnOnEquity10,22
