#########################################################
# Algorithm Parameters #
# Generations = 2000
# Population size = 100
# Resolution = 5
#########################################################
# Financial Parameters #
# Quarter = 2
# Crossover probabilities = 0.75 -> 0.25
# Mutation start probabilities = 0.9,0.0,0.6,0.5,0.6,0.9
# Mutation end probabilities = 0.4,0.4,0.1,0.1,0.1,0.4
######################################################### 
0|8.61380606865738|9|0.9570895631841534|1.0|ReturnOnEquity09,21
5|8.61380606865738|7|1.2305437240939114|1.0|ReturnOnEquity09,21
10|9.130517421785253|11|0.830047038344114|1.25|ReturnOnEquity09,21
15|9.341744601588529|11|0.8492495092353208|1.0|OperatingMargin10,4
20|9.341744601588529|11|0.8492495092353208|1.0|OperatingMargin10,4
25|9.341744601588529|11|0.8492495092353208|1.0|OperatingMargin10,4
30|9.546291523254103|15|0.6364194348836069|1.1666666666666667|OperatingMarginChange,5
35|9.858455954716401|13|0.7583427657474154|1.0|ReturnOnAssets10,19
40|9.858455954716401|13|0.7583427657474154|1.0|ReturnOnAssets10,19
45|9.858455954716401|13|0.7583427657474154|1.0|ReturnOnAssets10,19
50|9.971728333719678|23|0.43355340581389906|1.1|OperatingMarginChange,5
55|10.364308802634433|19|0.5454899369807596|1.0|OperatingMarginChange,5
60|10.364308802634433|19|0.5454899369807596|1.0|OperatingMarginChange,5
65|10.364308802634433|19|0.5454899369807596|1.0|OperatingMarginChange,5
70|10.619151144706565|25|0.4247660457882626|1.0909090909090908|GrossMargin09,0
75|10.625465265585254|23|0.46197675067761973|1.1|ReturnOnEquity10,22
80|10.777723076159022|27|0.39917492874663046|1.0833333333333333|GrossMargin09,0
85|10.777723076159022|25|0.4311089230463609|1.0909090909090908|GrossMargin09,0
90|10.80287121441148|29|0.37251280049694757|1.0769230769230769|GrossMargin09,0
95|10.80287121441148|25|0.4321148485764592|1.0909090909090908|GrossMargin09,0
100|10.819550229798365|37|0.2924202764810369|1.0588235294117647|GrossMargin09,0
105|10.819550229798365|33|0.3278651584787383|1.0|GrossMargin09,0
110|10.921047703906563|27|0.40448324829283566|1.1818181818181819|GrossMargin09,0
115|10.921047703906563|27|0.40448324829283566|1.1818181818181819|GrossMargin09,0
120|10.921047703906563|25|0.4368419081562625|1.2|ReturnOnAssets10,19
125|10.921047703906563|25|0.4368419081562625|1.2|ReturnOnAssets10,19
130|10.921047703906563|25|0.4368419081562625|1.2|ReturnOnAssets10,19
135|10.921047703906563|25|0.4368419081562625|1.2|ReturnOnAssets10,19
140|10.921047703906563|23|0.4748281610394158|1.1|QuickRatioChange,41
145|10.921047703906563|23|0.4748281610394158|1.1|QuickRatioChange,41
150|11.319582567539351|25|0.452783302701574|1.2|GrossMargin09,0
155|11.319582567539351|25|0.452783302701574|1.2|GrossMargin09,0
160|11.319582567539351|25|0.452783302701574|1.2|GrossMargin09,0
165|11.319582567539351|25|0.452783302701574|1.2|GrossMargin09,0
170|11.319582567539351|25|0.452783302701574|1.2|GrossMargin09,0
175|11.319582567539351|25|0.452783302701574|1.2|GrossMargin09,0
180|11.319582567539351|25|0.452783302701574|1.2|GrossMargin09,0
185|11.319582567539351|23|0.49215576380605874|1.1|ReturnOnInvestedCapital10,25
190|11.319582567539351|23|0.49215576380605874|1.1|ReturnOnInvestedCapital10,25
195|11.319582567539351|23|0.49215576380605874|1.1|ReturnOnInvestedCapital10,25
200|11.319582567539351|23|0.49215576380605874|1.1|ReturnOnInvestedCapital10,25
205|11.319582567539351|23|0.49215576380605874|1.1|ReturnOnInvestedCapital10,25
210|11.319582567539351|23|0.49215576380605874|1.1|ReturnOnInvestedCapital10,25
215|11.319582567539351|21|0.5390277413113976|1.1111111111111112|ReturnOnInvestedCapital10,25
220|11.319582567539351|21|0.5390277413113976|1.1111111111111112|ReturnOnInvestedCapital10,25
225|11.319582567539351|21|0.5390277413113976|1.1111111111111112|ReturnOnInvestedCapital10,25
230|11.319582567539351|21|0.5390277413113976|1.1111111111111112|ReturnOnInvestedCapital10,25
235|11.319582567539351|21|0.5390277413113976|1.1111111111111112|ReturnOnInvestedCapital10,25
240|11.319582567539351|21|0.5390277413113976|1.1111111111111112|ReturnOnInvestedCapital10,25
245|11.319582567539351|21|0.5390277413113976|1.1111111111111112|ReturnOnInvestedCapital10,25
250|11.319582567539351|21|0.5390277413113976|1.1111111111111112|ReturnOnInvestedCapital10,25
255|11.319582567539351|21|0.5390277413113976|1.1111111111111112|ReturnOnInvestedCapital10,25
260|11.319582567539351|19|0.5957675035547026|1.0|GrossMargin09,0
265|11.319582567539351|19|0.5957675035547026|1.0|GrossMargin09,0
270|11.326048525883612|23|0.4924368924297223|1.2222222222222223|ReturnOnInvestedCapital10,25
275|11.326048525883612|23|0.4924368924297223|1.2222222222222223|ReturnOnInvestedCapital10,25
280|11.326048525883612|23|0.4924368924297223|1.2222222222222223|ReturnOnInvestedCapital10,25
285|11.326048525883612|23|0.4924368924297223|1.2222222222222223|ReturnOnInvestedCapital10,25
290|11.326048525883612|23|0.4924368924297223|1.2222222222222223|ReturnOnInvestedCapital10,25
295|11.355095600300006|25|0.4542038240120002|1.3333333333333333|ReturnOnInvestedCapital10,25
300|11.355095600300006|25|0.4542038240120002|1.3333333333333333|ReturnOnInvestedCapital10,25
305|11.355095600300006|25|0.4542038240120002|1.3333333333333333|ReturnOnInvestedCapital10,25
310|11.437759057034432|23|0.4972938720449753|1.375|TotalCurrentLiabilitiesChange,35
315|11.437759057034432|23|0.4972938720449753|1.375|TotalCurrentLiabilitiesChange,35
320|11.437759057034432|23|0.4972938720449753|1.375|TotalCurrentLiabilitiesChange,35
325|11.437759057034432|23|0.4972938720449753|1.375|TotalCurrentLiabilitiesChange,35
330|11.437759057034432|23|0.4972938720449753|1.375|TotalCurrentLiabilitiesChange,35
335|11.437759057034432|23|0.4972938720449753|1.375|TotalCurrentLiabilitiesChange,35
340|11.437759057034432|21|0.5446551931921159|1.4285714285714286|TotalCurrentLiabilitiesChange,35
345|11.437759057034432|21|0.5446551931921159|1.4285714285714286|TotalCurrentLiabilitiesChange,35
350|11.437759057034432|21|0.5446551931921159|1.4285714285714286|TotalCurrentLiabilitiesChange,35
355|11.437759057034432|21|0.5446551931921159|1.4285714285714286|TotalCurrentLiabilitiesChange,35
360|11.437759057034432|21|0.5446551931921159|1.4285714285714286|TotalCurrentLiabilitiesChange,35
365|11.705487950752463|23|0.508934258728368|1.5714285714285714|TotalCurrentLiabilitiesChange,35
370|11.705487950752463|23|0.508934258728368|1.5714285714285714|TotalCurrentLiabilitiesChange,35
375|11.705487950752463|23|0.508934258728368|1.5714285714285714|TotalCurrentLiabilitiesChange,35
380|11.705487950752463|23|0.508934258728368|1.5714285714285714|TotalCurrentLiabilitiesChange,35
385|11.705487950752463|23|0.508934258728368|1.5714285714285714|TotalCurrentLiabilitiesChange,35
390|11.705487950752463|21|0.5574041881310696|1.6666666666666667|TotalCurrentLiabilitiesChange,35
395|11.705487950752463|21|0.5574041881310696|1.6666666666666667|TotalCurrentLiabilitiesChange,35
400|11.705487950752463|21|0.5574041881310696|1.6666666666666667|TotalCurrentLiabilitiesChange,35
405|11.741000983513118|23|0.5104783036310051|1.375|ReturnOnInvestedCapital10,25
410|11.741000983513118|23|0.5104783036310051|1.375|ReturnOnInvestedCapital10,25
415|11.741000983513118|23|0.5104783036310051|1.375|ReturnOnInvestedCapital10,25
420|11.741000983513118|21|0.5590952849291961|1.25|CapExSalesChange,29
425|11.741000983513118|21|0.5590952849291961|1.25|CapExSalesChange,29
430|11.770048057929511|23|0.5117412199099788|1.375|OperatingMarginChange,5
435|11.770048057929511|23|0.5117412199099788|1.375|OperatingMarginChange,5
440|11.770048057929511|23|0.5117412199099788|1.375|OperatingMarginChange,5
445|11.770048057929511|23|0.5117412199099788|1.375|OperatingMarginChange,5
450|11.770048057929511|23|0.5117412199099788|1.375|OperatingMarginChange,5
455|11.770048057929511|23|0.5117412199099788|1.375|OperatingMarginChange,5
460|11.770048057929511|23|0.5117412199099788|1.375|OperatingMarginChange,5
465|11.770048057929511|23|0.5117412199099788|1.375|OperatingMarginChange,5
470|11.770048057929511|23|0.5117412199099788|1.375|OperatingMarginChange,5
475|11.770048057929511|23|0.5117412199099788|1.375|OperatingMarginChange,5
480|11.770048057929511|21|0.5604784789490244|1.25|OperatingMarginChange,5
485|11.770048057929511|21|0.5604784789490244|1.25|OperatingMarginChange,5
490|11.770048057929511|21|0.5604784789490244|1.25|OperatingMarginChange,5
495|11.770048057929511|21|0.5604784789490244|1.25|OperatingMarginChange,5
500|11.770048057929511|21|0.5604784789490244|1.25|OperatingMarginChange,5
505|11.770048057929511|21|0.5604784789490244|1.25|OperatingMarginChange,5
510|11.770048057929511|19|0.6194762135752374|1.125|TotalCurrentLiabilitiesChange,35
515|11.770048057929511|19|0.6194762135752374|1.125|TotalCurrentLiabilitiesChange,35
520|11.770048057929511|19|0.6194762135752374|1.125|TotalCurrentLiabilitiesChange,35
525|11.770048057929511|19|0.6194762135752374|1.125|TotalCurrentLiabilitiesChange,35
530|11.770048057929511|19|0.6194762135752374|1.125|TotalCurrentLiabilitiesChange,35
535|11.770048057929511|19|0.6194762135752374|1.125|TotalCurrentLiabilitiesChange,35
540|11.770048057929511|19|0.6194762135752374|1.125|TotalCurrentLiabilitiesChange,35
545|11.770048057929511|19|0.6194762135752374|1.125|TotalCurrentLiabilitiesChange,35
550|11.770048057929511|19|0.6194762135752374|1.125|TotalCurrentLiabilitiesChange,35
555|11.770048057929511|19|0.6194762135752374|1.125|TotalCurrentLiabilitiesChange,35
560|11.770048057929511|19|0.6194762135752374|1.125|TotalCurrentLiabilitiesChange,35
565|11.770048057929511|19|0.6194762135752374|1.125|TotalCurrentLiabilitiesChange,35
570|11.770048057929511|19|0.6194762135752374|1.125|TotalCurrentLiabilitiesChange,35
575|11.770048057929511|19|0.6194762135752374|1.125|TotalCurrentLiabilitiesChange,35
580|11.770048057929511|19|0.6194762135752374|1.125|TotalCurrentLiabilitiesChange,35
585|11.770048057929511|19|0.6194762135752374|1.125|TotalCurrentLiabilitiesChange,35
590|11.770048057929511|19|0.6194762135752374|1.125|TotalCurrentLiabilitiesChange,35
595|11.770048057929511|19|0.6194762135752374|1.125|TotalCurrentLiabilitiesChange,35
600|11.770048057929511|19|0.6194762135752374|1.125|TotalCurrentLiabilitiesChange,35
605|11.770048057929511|19|0.6194762135752374|1.125|TotalCurrentLiabilitiesChange,35
610|11.770048057929511|19|0.6194762135752374|1.125|TotalCurrentLiabilitiesChange,35
615|11.770048057929511|19|0.6194762135752374|1.125|TotalCurrentLiabilitiesChange,35
620|11.770048057929511|19|0.6194762135752374|1.125|TotalCurrentLiabilitiesChange,35
625|11.770048057929511|19|0.6194762135752374|1.125|TotalCurrentLiabilitiesChange,35
630|11.770048057929511|19|0.6194762135752374|1.125|TotalCurrentLiabilitiesChange,35
635|11.770048057929511|19|0.6194762135752374|1.125|TotalCurrentLiabilitiesChange,35
640|11.770048057929511|19|0.6194762135752374|1.125|TotalCurrentLiabilitiesChange,35
645|11.770048057929511|19|0.6194762135752374|1.125|TotalCurrentLiabilitiesChange,35
650|11.770048057929511|19|0.6194762135752374|1.125|TotalCurrentLiabilitiesChange,35
655|11.770048057929511|19|0.6194762135752374|1.125|TotalCurrentLiabilitiesChange,35
660|11.770048057929511|19|0.6194762135752374|1.125|TotalCurrentLiabilitiesChange,35
665|11.770048057929511|19|0.6194762135752374|1.125|TotalCurrentLiabilitiesChange,35
670|11.770048057929511|19|0.6194762135752374|1.125|TotalCurrentLiabilitiesChange,35
675|11.770048057929511|19|0.6194762135752374|1.125|TotalCurrentLiabilitiesChange,35
680|11.770048057929511|19|0.6194762135752374|1.125|TotalCurrentLiabilitiesChange,35
685|11.770048057929511|19|0.6194762135752374|1.125|TotalCurrentLiabilitiesChange,35
690|11.770048057929511|19|0.6194762135752374|1.125|TotalCurrentLiabilitiesChange,35
695|11.770048057929511|19|0.6194762135752374|1.125|TotalCurrentLiabilitiesChange,35
700|11.770048057929511|19|0.6194762135752374|1.125|TotalCurrentLiabilitiesChange,35
705|11.770048057929511|19|0.6194762135752374|1.125|TotalCurrentLiabilitiesChange,35
710|11.770048057929511|19|0.6194762135752374|1.125|TotalCurrentLiabilitiesChange,35
715|11.770048057929511|19|0.6194762135752374|1.125|TotalCurrentLiabilitiesChange,35
720|11.770048057929511|19|0.6194762135752374|1.125|TotalCurrentLiabilitiesChange,35
725|11.770048057929511|19|0.6194762135752374|1.125|TotalCurrentLiabilitiesChange,35
730|11.770048057929511|19|0.6194762135752374|1.125|TotalCurrentLiabilitiesChange,35
735|11.770048057929511|19|0.6194762135752374|1.125|TotalCurrentLiabilitiesChange,35
740|11.770048057929511|19|0.6194762135752374|1.125|TotalCurrentLiabilitiesChange,35
745|11.770048057929511|19|0.6194762135752374|1.125|TotalCurrentLiabilitiesChange,35
750|11.770048057929511|19|0.6194762135752374|1.125|TotalCurrentLiabilitiesChange,35
755|11.770048057929511|19|0.6194762135752374|1.125|TotalCurrentLiabilitiesChange,35
760|11.770048057929511|19|0.6194762135752374|1.125|TotalCurrentLiabilitiesChange,35
765|11.770048057929511|19|0.6194762135752374|1.125|TotalCurrentLiabilitiesChange,35
770|11.770048057929511|19|0.6194762135752374|1.125|TotalCurrentLiabilitiesChange,35
775|11.770048057929511|19|0.6194762135752374|1.125|TotalCurrentLiabilitiesChange,35
780|11.770048057929511|19|0.6194762135752374|1.125|TotalCurrentLiabilitiesChange,35
785|11.770048057929511|19|0.6194762135752374|1.125|TotalCurrentLiabilitiesChange,35
790|11.770048057929511|19|0.6194762135752374|1.125|TotalCurrentLiabilitiesChange,35
795|11.770048057929511|19|0.6194762135752374|1.125|TotalCurrentLiabilitiesChange,35
800|11.770048057929511|19|0.6194762135752374|1.125|TotalCurrentLiabilitiesChange,35
805|11.770048057929511|19|0.6194762135752374|1.125|TotalCurrentLiabilitiesChange,35
810|11.770048057929511|19|0.6194762135752374|1.125|TotalCurrentLiabilitiesChange,35
815|11.770048057929511|19|0.6194762135752374|1.125|TotalCurrentLiabilitiesChange,35
820|11.770048057929511|19|0.6194762135752374|1.125|TotalCurrentLiabilitiesChange,35
825|11.770048057929511|19|0.6194762135752374|1.125|TotalCurrentLiabilitiesChange,35
830|11.770048057929511|19|0.6194762135752374|1.125|TotalCurrentLiabilitiesChange,35
835|11.770048057929511|19|0.6194762135752374|1.125|TotalCurrentLiabilitiesChange,35
840|11.770048057929511|19|0.6194762135752374|1.125|TotalCurrentLiabilitiesChange,35
845|11.770048057929511|19|0.6194762135752374|1.125|TotalCurrentLiabilitiesChange,35
850|11.770048057929511|19|0.6194762135752374|1.125|TotalCurrentLiabilitiesChange,35
855|11.770048057929511|19|0.6194762135752374|1.125|TotalCurrentLiabilitiesChange,35
860|11.770048057929511|19|0.6194762135752374|1.125|TotalCurrentLiabilitiesChange,35
865|11.770048057929511|19|0.6194762135752374|1.125|TotalCurrentLiabilitiesChange,35
870|11.770048057929511|19|0.6194762135752374|1.125|TotalCurrentLiabilitiesChange,35
875|11.770048057929511|19|0.6194762135752374|1.125|TotalCurrentLiabilitiesChange,35
880|11.770048057929511|19|0.6194762135752374|1.125|TotalCurrentLiabilitiesChange,35
885|11.770048057929511|19|0.6194762135752374|1.125|TotalCurrentLiabilitiesChange,35
890|11.770048057929511|19|0.6194762135752374|1.125|TotalCurrentLiabilitiesChange,35
895|11.770048057929511|19|0.6194762135752374|1.125|TotalCurrentLiabilitiesChange,35
900|11.770048057929511|19|0.6194762135752374|1.125|TotalCurrentLiabilitiesChange,35
905|11.770048057929511|19|0.6194762135752374|1.125|TotalCurrentLiabilitiesChange,35
910|11.770048057929511|19|0.6194762135752374|1.125|TotalCurrentLiabilitiesChange,35
915|11.770048057929511|19|0.6194762135752374|1.125|TotalCurrentLiabilitiesChange,35
920|11.770048057929511|19|0.6194762135752374|1.125|TotalCurrentLiabilitiesChange,35
925|11.770048057929511|19|0.6194762135752374|1.125|TotalCurrentLiabilitiesChange,35
930|11.770048057929511|19|0.6194762135752374|1.125|TotalCurrentLiabilitiesChange,35
935|11.770048057929511|19|0.6194762135752374|1.125|TotalCurrentLiabilitiesChange,35
940|11.770048057929511|19|0.6194762135752374|1.125|TotalCurrentLiabilitiesChange,35
945|11.770048057929511|19|0.6194762135752374|1.125|TotalCurrentLiabilitiesChange,35
950|11.770048057929511|19|0.6194762135752374|1.125|TotalCurrentLiabilitiesChange,35
955|11.770048057929511|19|0.6194762135752374|1.125|TotalCurrentLiabilitiesChange,35
960|11.948237651657378|21|0.5689636976979704|1.1111111111111112|TotalCurrentLiabilitiesChange,35
965|11.948237651657378|21|0.5689636976979704|1.1111111111111112|TotalCurrentLiabilitiesChange,35
970|11.948237651657378|21|0.5689636976979704|1.1111111111111112|TotalCurrentLiabilitiesChange,35
975|11.948237651657378|21|0.5689636976979704|1.1111111111111112|TotalCurrentLiabilitiesChange,35
980|11.948237651657378|21|0.5689636976979704|1.1111111111111112|TotalCurrentLiabilitiesChange,35
985|11.948237651657378|21|0.5689636976979704|1.1111111111111112|TotalCurrentLiabilitiesChange,35
990|11.948237651657378|21|0.5689636976979704|1.1111111111111112|TotalCurrentLiabilitiesChange,35
995|11.948237651657378|21|0.5689636976979704|1.1111111111111112|TotalCurrentLiabilitiesChange,35
1000|11.948237651657378|21|0.5689636976979704|1.1111111111111112|TotalCurrentLiabilitiesChange,35
1005|11.948237651657378|21|0.5689636976979704|1.1111111111111112|TotalCurrentLiabilitiesChange,35
1010|11.948237651657378|21|0.5689636976979704|1.1111111111111112|TotalCurrentLiabilitiesChange,35
1015|11.948237651657378|21|0.5689636976979704|1.1111111111111112|TotalCurrentLiabilitiesChange,35
1020|11.948237651657378|21|0.5689636976979704|1.1111111111111112|TotalCurrentLiabilitiesChange,35
1025|11.948237651657378|21|0.5689636976979704|1.1111111111111112|TotalCurrentLiabilitiesChange,35
1030|11.948237651657378|21|0.5689636976979704|1.1111111111111112|TotalCurrentLiabilitiesChange,35
1035|11.948237651657378|21|0.5689636976979704|1.1111111111111112|TotalCurrentLiabilitiesChange,35
1040|11.948237651657378|21|0.5689636976979704|1.1111111111111112|TotalCurrentLiabilitiesChange,35
1045|11.948237651657378|21|0.5689636976979704|1.1111111111111112|TotalCurrentLiabilitiesChange,35
1050|11.948237651657378|21|0.5689636976979704|1.1111111111111112|TotalCurrentLiabilitiesChange,35
1055|11.948237651657378|21|0.5689636976979704|1.1111111111111112|TotalCurrentLiabilitiesChange,35
1060|11.948237651657378|21|0.5689636976979704|1.1111111111111112|TotalCurrentLiabilitiesChange,35
1065|11.948237651657378|21|0.5689636976979704|1.1111111111111112|TotalCurrentLiabilitiesChange,35
1070|11.948237651657378|21|0.5689636976979704|1.1111111111111112|TotalCurrentLiabilitiesChange,35
1075|11.948237651657378|21|0.5689636976979704|1.1111111111111112|TotalCurrentLiabilitiesChange,35
1080|11.948237651657378|21|0.5689636976979704|1.1111111111111112|TotalCurrentLiabilitiesChange,35
1085|11.948237651657378|21|0.5689636976979704|1.1111111111111112|TotalCurrentLiabilitiesChange,35
1090|11.948237651657378|21|0.5689636976979704|1.1111111111111112|TotalCurrentLiabilitiesChange,35
1095|11.948237651657378|21|0.5689636976979704|1.1111111111111112|TotalCurrentLiabilitiesChange,35
1100|11.948237651657378|21|0.5689636976979704|1.1111111111111112|TotalCurrentLiabilitiesChange,35
1105|11.948237651657378|21|0.5689636976979704|1.1111111111111112|TotalCurrentLiabilitiesChange,35
1110|11.948237651657378|21|0.5689636976979704|1.1111111111111112|TotalCurrentLiabilitiesChange,35
1115|11.948237651657378|21|0.5689636976979704|1.1111111111111112|TotalCurrentLiabilitiesChange,35
1120|11.948237651657378|21|0.5689636976979704|1.1111111111111112|TotalCurrentLiabilitiesChange,35
1125|11.948237651657378|21|0.5689636976979704|1.1111111111111112|TotalCurrentLiabilitiesChange,35
1130|11.948237651657378|21|0.5689636976979704|1.1111111111111112|TotalCurrentLiabilitiesChange,35
1135|11.948237651657378|21|0.5689636976979704|1.1111111111111112|TotalCurrentLiabilitiesChange,35
1140|11.948237651657378|21|0.5689636976979704|1.1111111111111112|TotalCurrentLiabilitiesChange,35
1145|11.948237651657378|21|0.5689636976979704|1.1111111111111112|TotalCurrentLiabilitiesChange,35
1150|11.948237651657378|21|0.5689636976979704|1.1111111111111112|TotalCurrentLiabilitiesChange,35
1155|11.948237651657378|21|0.5689636976979704|1.1111111111111112|TotalCurrentLiabilitiesChange,35
1160|11.948237651657378|21|0.5689636976979704|1.1111111111111112|TotalCurrentLiabilitiesChange,35
1165|11.948237651657378|21|0.5689636976979704|1.1111111111111112|TotalCurrentLiabilitiesChange,35
1170|11.948237651657378|21|0.5689636976979704|1.1111111111111112|TotalCurrentLiabilitiesChange,35
1175|11.948237651657378|21|0.5689636976979704|1.1111111111111112|TotalCurrentLiabilitiesChange,35
1180|11.948237651657378|21|0.5689636976979704|1.1111111111111112|TotalCurrentLiabilitiesChange,35
1185|11.948237651657378|21|0.5689636976979704|1.1111111111111112|TotalCurrentLiabilitiesChange,35
1190|11.948237651657378|21|0.5689636976979704|1.1111111111111112|TotalCurrentLiabilitiesChange,35
1195|11.948237651657378|21|0.5689636976979704|1.1111111111111112|TotalCurrentLiabilitiesChange,35
1200|11.948237651657378|21|0.5689636976979704|1.1111111111111112|TotalCurrentLiabilitiesChange,35
1205|11.948237651657378|21|0.5689636976979704|1.1111111111111112|TotalCurrentLiabilitiesChange,35
1210|11.948237651657378|21|0.5689636976979704|1.1111111111111112|TotalCurrentLiabilitiesChange,35
1215|11.948237651657378|21|0.5689636976979704|1.1111111111111112|TotalCurrentLiabilitiesChange,35
1220|11.948237651657378|21|0.5689636976979704|1.1111111111111112|TotalCurrentLiabilitiesChange,35
1225|11.948237651657378|21|0.5689636976979704|1.1111111111111112|TotalCurrentLiabilitiesChange,35
1230|11.948237651657378|21|0.5689636976979704|1.1111111111111112|TotalCurrentLiabilitiesChange,35
1235|11.948237651657378|21|0.5689636976979704|1.1111111111111112|TotalCurrentLiabilitiesChange,35
1240|11.948237651657378|21|0.5689636976979704|1.1111111111111112|TotalCurrentLiabilitiesChange,35
1245|11.948237651657378|21|0.5689636976979704|1.1111111111111112|TotalCurrentLiabilitiesChange,35
1250|11.948237651657378|21|0.5689636976979704|1.1111111111111112|TotalCurrentLiabilitiesChange,35
1255|11.948237651657378|21|0.5689636976979704|1.1111111111111112|TotalCurrentLiabilitiesChange,35
1260|11.948237651657378|21|0.5689636976979704|1.1111111111111112|TotalCurrentLiabilitiesChange,35
1265|11.948237651657378|21|0.5689636976979704|1.1111111111111112|TotalCurrentLiabilitiesChange,35
1270|11.948237651657378|21|0.5689636976979704|1.1111111111111112|TotalCurrentLiabilitiesChange,35
1275|11.948237651657378|21|0.5689636976979704|1.1111111111111112|TotalCurrentLiabilitiesChange,35
1280|11.948237651657378|21|0.5689636976979704|1.1111111111111112|TotalCurrentLiabilitiesChange,35
1285|11.948237651657378|21|0.5689636976979704|1.1111111111111112|TotalCurrentLiabilitiesChange,35
1290|11.948237651657378|21|0.5689636976979704|1.1111111111111112|TotalCurrentLiabilitiesChange,35
1295|11.948237651657378|21|0.5689636976979704|1.1111111111111112|TotalCurrentLiabilitiesChange,35
1300|11.948237651657378|21|0.5689636976979704|1.1111111111111112|TotalCurrentLiabilitiesChange,35
1305|11.948237651657378|21|0.5689636976979704|1.1111111111111112|TotalCurrentLiabilitiesChange,35
1310|11.948237651657378|21|0.5689636976979704|1.1111111111111112|TotalCurrentLiabilitiesChange,35
1315|11.948237651657378|21|0.5689636976979704|1.1111111111111112|TotalCurrentLiabilitiesChange,35
1320|11.948237651657378|21|0.5689636976979704|1.1111111111111112|TotalCurrentLiabilitiesChange,35
1325|11.948237651657378|21|0.5689636976979704|1.1111111111111112|TotalCurrentLiabilitiesChange,35
1330|11.948237651657378|21|0.5689636976979704|1.1111111111111112|TotalCurrentLiabilitiesChange,35
1335|11.948237651657378|21|0.5689636976979704|1.1111111111111112|TotalCurrentLiabilitiesChange,35
1340|11.948237651657378|21|0.5689636976979704|1.1111111111111112|TotalCurrentLiabilitiesChange,35
1345|11.948237651657378|21|0.5689636976979704|1.1111111111111112|TotalCurrentLiabilitiesChange,35
1350|11.948237651657378|21|0.5689636976979704|1.1111111111111112|TotalCurrentLiabilitiesChange,35
1355|11.948237651657378|21|0.5689636976979704|1.1111111111111112|TotalCurrentLiabilitiesChange,35
1360|11.948237651657378|21|0.5689636976979704|1.1111111111111112|TotalCurrentLiabilitiesChange,35
1365|11.948237651657378|21|0.5689636976979704|1.1111111111111112|TotalCurrentLiabilitiesChange,35
1370|11.948237651657378|21|0.5689636976979704|1.1111111111111112|TotalCurrentLiabilitiesChange,35
1375|11.948237651657378|21|0.5689636976979704|1.1111111111111112|TotalCurrentLiabilitiesChange,35
1380|11.948237651657378|21|0.5689636976979704|1.1111111111111112|TotalCurrentLiabilitiesChange,35
1385|11.948237651657378|21|0.5689636976979704|1.1111111111111112|TotalCurrentLiabilitiesChange,35
1390|11.948237651657378|21|0.5689636976979704|1.1111111111111112|TotalCurrentLiabilitiesChange,35
1395|11.948237651657378|21|0.5689636976979704|1.1111111111111112|TotalCurrentLiabilitiesChange,35
1400|11.948237651657378|21|0.5689636976979704|1.1111111111111112|TotalCurrentLiabilitiesChange,35
1405|11.948237651657378|21|0.5689636976979704|1.1111111111111112|TotalCurrentLiabilitiesChange,35
1410|11.948237651657378|21|0.5689636976979704|1.1111111111111112|TotalCurrentLiabilitiesChange,35
1415|11.948237651657378|21|0.5689636976979704|1.1111111111111112|TotalCurrentLiabilitiesChange,35
1420|11.948237651657378|21|0.5689636976979704|1.1111111111111112|TotalCurrentLiabilitiesChange,35
1425|11.948237651657378|21|0.5689636976979704|1.1111111111111112|TotalCurrentLiabilitiesChange,35
1430|11.948237651657378|21|0.5689636976979704|1.1111111111111112|TotalCurrentLiabilitiesChange,35
1435|11.948237651657378|21|0.5689636976979704|1.1111111111111112|TotalCurrentLiabilitiesChange,35
1440|11.948237651657378|21|0.5689636976979704|1.1111111111111112|TotalCurrentLiabilitiesChange,35
1445|11.948237651657378|21|0.5689636976979704|1.1111111111111112|TotalCurrentLiabilitiesChange,35
1450|11.948237651657378|21|0.5689636976979704|1.1111111111111112|TotalCurrentLiabilitiesChange,35
1455|11.948237651657378|21|0.5689636976979704|1.1111111111111112|TotalCurrentLiabilitiesChange,35
1460|11.948237651657378|21|0.5689636976979704|1.1111111111111112|TotalCurrentLiabilitiesChange,35
1465|11.948237651657378|21|0.5689636976979704|1.1111111111111112|TotalCurrentLiabilitiesChange,35
1470|11.948237651657378|21|0.5689636976979704|1.1111111111111112|TotalCurrentLiabilitiesChange,35
1475|11.948237651657378|21|0.5689636976979704|1.1111111111111112|TotalCurrentLiabilitiesChange,35
1480|11.948237651657378|21|0.5689636976979704|1.1111111111111112|TotalCurrentLiabilitiesChange,35
1485|11.948237651657378|21|0.5689636976979704|1.1111111111111112|TotalCurrentLiabilitiesChange,35
1490|11.948237651657378|21|0.5689636976979704|1.1111111111111112|TotalCurrentLiabilitiesChange,35
1495|11.948237651657378|21|0.5689636976979704|1.1111111111111112|TotalCurrentLiabilitiesChange,35
1500|11.948237651657378|21|0.5689636976979704|1.1111111111111112|TotalCurrentLiabilitiesChange,35
1505|11.948237651657378|21|0.5689636976979704|1.1111111111111112|TotalCurrentLiabilitiesChange,35
1510|11.948237651657378|21|0.5689636976979704|1.1111111111111112|TotalCurrentLiabilitiesChange,35
1515|11.948237651657378|21|0.5689636976979704|1.1111111111111112|TotalCurrentLiabilitiesChange,35
1520|11.948237651657378|21|0.5689636976979704|1.1111111111111112|TotalCurrentLiabilitiesChange,35
1525|11.948237651657378|21|0.5689636976979704|1.1111111111111112|TotalCurrentLiabilitiesChange,35
1530|11.948237651657378|21|0.5689636976979704|1.1111111111111112|TotalCurrentLiabilitiesChange,35
1535|11.948237651657378|21|0.5689636976979704|1.1111111111111112|TotalCurrentLiabilitiesChange,35
1540|11.948237651657378|21|0.5689636976979704|1.1111111111111112|TotalCurrentLiabilitiesChange,35
1545|11.948237651657378|21|0.5689636976979704|1.1111111111111112|TotalCurrentLiabilitiesChange,35
1550|11.948237651657378|21|0.5689636976979704|1.1111111111111112|TotalCurrentLiabilitiesChange,35
1555|11.948237651657378|21|0.5689636976979704|1.1111111111111112|TotalCurrentLiabilitiesChange,35
1560|11.948237651657378|21|0.5689636976979704|1.1111111111111112|TotalCurrentLiabilitiesChange,35
1565|11.948237651657378|21|0.5689636976979704|1.1111111111111112|TotalCurrentLiabilitiesChange,35
1570|11.948237651657378|21|0.5689636976979704|1.1111111111111112|TotalCurrentLiabilitiesChange,35
1575|11.948237651657378|21|0.5689636976979704|1.1111111111111112|TotalCurrentLiabilitiesChange,35
1580|11.948237651657378|21|0.5689636976979704|1.1111111111111112|TotalCurrentLiabilitiesChange,35
1585|11.948237651657378|21|0.5689636976979704|1.1111111111111112|TotalCurrentLiabilitiesChange,35
1590|11.948237651657378|21|0.5689636976979704|1.1111111111111112|TotalCurrentLiabilitiesChange,35
1595|11.948237651657378|21|0.5689636976979704|1.1111111111111112|TotalCurrentLiabilitiesChange,35
1600|11.948237651657378|21|0.5689636976979704|1.1111111111111112|TotalCurrentLiabilitiesChange,35
1605|11.948237651657378|21|0.5689636976979704|1.1111111111111112|TotalCurrentLiabilitiesChange,35
1610|11.948237651657378|21|0.5689636976979704|1.1111111111111112|TotalCurrentLiabilitiesChange,35
1615|11.948237651657378|21|0.5689636976979704|1.1111111111111112|TotalCurrentLiabilitiesChange,35
1620|11.948237651657378|21|0.5689636976979704|1.1111111111111112|TotalCurrentLiabilitiesChange,35
1625|11.948237651657378|21|0.5689636976979704|1.1111111111111112|TotalCurrentLiabilitiesChange,35
1630|11.948237651657378|21|0.5689636976979704|1.1111111111111112|TotalCurrentLiabilitiesChange,35
1635|11.948237651657378|21|0.5689636976979704|1.1111111111111112|TotalCurrentLiabilitiesChange,35
1640|11.948237651657378|21|0.5689636976979704|1.1111111111111112|TotalCurrentLiabilitiesChange,35
1645|11.948237651657378|21|0.5689636976979704|1.1111111111111112|TotalCurrentLiabilitiesChange,35
1650|11.948237651657378|21|0.5689636976979704|1.1111111111111112|TotalCurrentLiabilitiesChange,35
1655|11.948237651657378|21|0.5689636976979704|1.1111111111111112|TotalCurrentLiabilitiesChange,35
1660|11.948237651657378|21|0.5689636976979704|1.1111111111111112|TotalCurrentLiabilitiesChange,35
1665|11.948237651657378|21|0.5689636976979704|1.1111111111111112|TotalCurrentLiabilitiesChange,35
1670|11.948237651657378|21|0.5689636976979704|1.1111111111111112|TotalCurrentLiabilitiesChange,35
1675|11.948237651657378|21|0.5689636976979704|1.1111111111111112|TotalCurrentLiabilitiesChange,35
1680|11.948237651657378|21|0.5689636976979704|1.1111111111111112|TotalCurrentLiabilitiesChange,35
1685|11.948237651657378|21|0.5689636976979704|1.1111111111111112|TotalCurrentLiabilitiesChange,35
1690|11.948237651657378|21|0.5689636976979704|1.1111111111111112|TotalCurrentLiabilitiesChange,35
1695|11.948237651657378|21|0.5689636976979704|1.1111111111111112|TotalCurrentLiabilitiesChange,35
1700|11.948237651657378|21|0.5689636976979704|1.1111111111111112|TotalCurrentLiabilitiesChange,35
1705|11.948237651657378|21|0.5689636976979704|1.1111111111111112|TotalCurrentLiabilitiesChange,35
1710|11.948237651657378|21|0.5689636976979704|1.1111111111111112|TotalCurrentLiabilitiesChange,35
1715|11.948237651657378|21|0.5689636976979704|1.1111111111111112|TotalCurrentLiabilitiesChange,35
1720|11.948237651657378|21|0.5689636976979704|1.1111111111111112|TotalCurrentLiabilitiesChange,35
1725|11.948237651657378|21|0.5689636976979704|1.1111111111111112|TotalCurrentLiabilitiesChange,35
1730|11.948237651657378|21|0.5689636976979704|1.1111111111111112|TotalCurrentLiabilitiesChange,35
1735|11.948237651657378|21|0.5689636976979704|1.1111111111111112|TotalCurrentLiabilitiesChange,35
1740|11.948237651657378|21|0.5689636976979704|1.1111111111111112|TotalCurrentLiabilitiesChange,35
1745|11.948237651657378|21|0.5689636976979704|1.1111111111111112|TotalCurrentLiabilitiesChange,35
1750|11.948237651657378|21|0.5689636976979704|1.1111111111111112|TotalCurrentLiabilitiesChange,35
1755|11.948237651657378|21|0.5689636976979704|1.1111111111111112|TotalCurrentLiabilitiesChange,35
1760|11.948237651657378|21|0.5689636976979704|1.1111111111111112|TotalCurrentLiabilitiesChange,35
1765|11.948237651657378|21|0.5689636976979704|1.1111111111111112|TotalCurrentLiabilitiesChange,35
1770|11.948237651657378|21|0.5689636976979704|1.1111111111111112|TotalCurrentLiabilitiesChange,35
1775|11.948237651657378|21|0.5689636976979704|1.1111111111111112|TotalCurrentLiabilitiesChange,35
1780|11.948237651657378|21|0.5689636976979704|1.1111111111111112|TotalCurrentLiabilitiesChange,35
1785|11.948237651657378|21|0.5689636976979704|1.1111111111111112|TotalCurrentLiabilitiesChange,35
1790|11.948237651657378|21|0.5689636976979704|1.1111111111111112|TotalCurrentLiabilitiesChange,35
1795|11.948237651657378|21|0.5689636976979704|1.1111111111111112|TotalCurrentLiabilitiesChange,35
1800|11.948237651657378|21|0.5689636976979704|1.1111111111111112|TotalCurrentLiabilitiesChange,35
1805|11.948237651657378|21|0.5689636976979704|1.1111111111111112|TotalCurrentLiabilitiesChange,35
1810|11.948237651657378|21|0.5689636976979704|1.1111111111111112|TotalCurrentLiabilitiesChange,35
1815|11.948237651657378|21|0.5689636976979704|1.1111111111111112|TotalCurrentLiabilitiesChange,35
1820|11.948237651657378|21|0.5689636976979704|1.1111111111111112|TotalCurrentLiabilitiesChange,35
1825|11.948237651657378|21|0.5689636976979704|1.1111111111111112|TotalCurrentLiabilitiesChange,35
1830|11.948237651657378|21|0.5689636976979704|1.1111111111111112|TotalCurrentLiabilitiesChange,35
1835|11.948237651657378|21|0.5689636976979704|1.1111111111111112|TotalCurrentLiabilitiesChange,35
1840|11.948237651657378|21|0.5689636976979704|1.1111111111111112|TotalCurrentLiabilitiesChange,35
1845|11.948237651657378|21|0.5689636976979704|1.1111111111111112|TotalCurrentLiabilitiesChange,35
1850|11.948237651657378|21|0.5689636976979704|1.1111111111111112|TotalCurrentLiabilitiesChange,35
1855|11.948237651657378|21|0.5689636976979704|1.1111111111111112|TotalCurrentLiabilitiesChange,35
1860|11.948237651657378|21|0.5689636976979704|1.1111111111111112|TotalCurrentLiabilitiesChange,35
1865|11.948237651657378|21|0.5689636976979704|1.1111111111111112|TotalCurrentLiabilitiesChange,35
1870|11.948237651657378|21|0.5689636976979704|1.1111111111111112|TotalCurrentLiabilitiesChange,35
1875|11.948237651657378|21|0.5689636976979704|1.1111111111111112|TotalCurrentLiabilitiesChange,35
1880|11.948237651657378|21|0.5689636976979704|1.1111111111111112|TotalCurrentLiabilitiesChange,35
1885|11.948237651657378|21|0.5689636976979704|1.1111111111111112|TotalCurrentLiabilitiesChange,35
1890|11.948237651657378|21|0.5689636976979704|1.1111111111111112|TotalCurrentLiabilitiesChange,35
1895|11.948237651657378|21|0.5689636976979704|1.1111111111111112|TotalCurrentLiabilitiesChange,35
1900|11.948237651657378|21|0.5689636976979704|1.1111111111111112|TotalCurrentLiabilitiesChange,35
1905|11.948237651657378|21|0.5689636976979704|1.1111111111111112|TotalCurrentLiabilitiesChange,35
1910|11.948237651657378|21|0.5689636976979704|1.1111111111111112|TotalCurrentLiabilitiesChange,35
1915|11.948237651657378|21|0.5689636976979704|1.1111111111111112|TotalCurrentLiabilitiesChange,35
1920|11.948237651657378|21|0.5689636976979704|1.1111111111111112|TotalCurrentLiabilitiesChange,35
1925|11.948237651657378|21|0.5689636976979704|1.1111111111111112|TotalCurrentLiabilitiesChange,35
1930|11.948237651657378|21|0.5689636976979704|1.1111111111111112|TotalCurrentLiabilitiesChange,35
1935|11.948237651657378|21|0.5689636976979704|1.1111111111111112|TotalCurrentLiabilitiesChange,35
1940|11.948237651657378|21|0.5689636976979704|1.1111111111111112|TotalCurrentLiabilitiesChange,35
1945|11.948237651657378|21|0.5689636976979704|1.1111111111111112|TotalCurrentLiabilitiesChange,35
1950|11.948237651657378|21|0.5689636976979704|1.1111111111111112|TotalCurrentLiabilitiesChange,35
1955|11.948237651657378|21|0.5689636976979704|1.1111111111111112|TotalCurrentLiabilitiesChange,35
1960|11.948237651657378|21|0.5689636976979704|1.1111111111111112|TotalCurrentLiabilitiesChange,35
1965|11.948237651657378|21|0.5689636976979704|1.1111111111111112|TotalCurrentLiabilitiesChange,35
1970|11.948237651657378|21|0.5689636976979704|1.1111111111111112|TotalCurrentLiabilitiesChange,35
1975|11.948237651657378|21|0.5689636976979704|1.1111111111111112|TotalCurrentLiabilitiesChange,35
1980|11.948237651657378|21|0.5689636976979704|1.1111111111111112|TotalCurrentLiabilitiesChange,35
1985|11.948237651657378|21|0.5689636976979704|1.1111111111111112|TotalCurrentLiabilitiesChange,35
1990|11.948237651657378|21|0.5689636976979704|1.1111111111111112|TotalCurrentLiabilitiesChange,35
1995|11.948237651657378|21|0.5689636976979704|1.1111111111111112|TotalCurrentLiabilitiesChange,35
2000|11.948237651657378|21|0.5689636976979704|1.1111111111111112|TotalCurrentLiabilitiesChange,35
