#########################################################
# Algorithm Parameters #
# Generations = 2000
# Population size = 100
# Resolution = 5
#########################################################
# Financial Parameters #
# Quarter = 2
# Crossover probabilities = 0.75 -> 0.25
# Mutation start probabilities = 0.9,0.0,0.6,0.5,0.6,0.9
# Mutation end probabilities = 0.4,0.4,0.1,0.1,0.1,0.4
######################################################### 
0|7.5739306563098365|7|1.081990093758548|1.0|OperatingMargin09,3
5|8.087787693490165|9|0.8986430770544628|1.0|GrossMargin10,1
10|8.623081423854098|17|0.5072400837561234|1.3333333333333333|ReturnOnInvestedCapitalChange,26
15|8.754737744565574|15|0.5836491829710383|1.0|OperatingMargin09,3
20|9.090240220781968|23|0.39522783568617254|1.2222222222222223|ReturnOnInvestedCapitalChange,26
25|9.341744601588529|25|0.3736697840635411|1.0|GrossMargin09,0
30|9.475295253198365|19|0.49869975016833495|1.0|SGAExpenses09,12
35|9.858455954716401|21|0.46945028355792384|1.0|OperatingMargin09,3
40|9.893968987477056|23|0.4301725646729155|1.0|GrossMargin09,0
45|9.893968987477056|23|0.4301725646729155|1.0|GrossMargin09,0
50|10.088128203044265|21|0.48038705728782216|1.25|ResearchDevelopmentChange,17
55|10.088128203044265|21|0.48038705728782216|1.25|ResearchDevelopmentChange,17
60|10.33666337158197|21|0.49222206531342716|1.1111111111111112|ResearchDevelopmentChange,17
65|10.33666337158197|21|0.49222206531342716|1.1111111111111112|ResearchDevelopmentChange,17
70|10.33666337158197|21|0.49222206531342716|1.1111111111111112|ResearchDevelopmentChange,17
75|10.33666337158197|21|0.49222206531342716|1.1111111111111112|ResearchDevelopmentChange,17
80|10.33666337158197|21|0.49222206531342716|1.1111111111111112|ResearchDevelopmentChange,17
85|10.33666337158197|21|0.49222206531342716|1.1111111111111112|ResearchDevelopmentChange,17
90|10.33666337158197|19|0.5440349142937879|1.125|ResearchDevelopmentChange,17
95|10.33666337158197|19|0.5440349142937879|1.125|ResearchDevelopmentChange,17
100|10.33666337158197|19|0.5440349142937879|1.125|ResearchDevelopmentChange,17
105|10.33666337158197|19|0.5440349142937879|1.125|ResearchDevelopmentChange,17
110|10.33666337158197|19|0.5440349142937879|1.125|ResearchDevelopmentChange,17
115|10.33666337158197|17|0.6080390218577629|1.6|ResearchDevelopmentChange,17
120|10.33666337158197|17|0.6080390218577629|1.6|ResearchDevelopmentChange,17
125|10.33666337158197|15|0.689110891438798|1.4|ReturnOnAssets09,18
130|10.33666337158197|15|0.689110891438798|1.4|ReturnOnAssets09,18
135|10.33666337158197|15|0.689110891438798|1.4|ReturnOnAssets09,18
140|10.33666337158197|15|0.689110891438798|1.4|ReturnOnAssets09,18
145|10.33666337158197|15|0.689110891438798|1.4|ReturnOnAssets09,18
150|10.33666337158197|15|0.689110891438798|1.4|ReturnOnAssets09,18
155|10.33666337158197|15|0.689110891438798|1.4|ReturnOnAssets09,18
160|10.33666337158197|13|0.7951279516601516|1.0|ResearchDevelopmentChange,17
165|10.33666337158197|13|0.7951279516601516|1.0|ResearchDevelopmentChange,17
170|10.33666337158197|13|0.7951279516601516|1.0|ResearchDevelopmentChange,17
175|10.33666337158197|13|0.7951279516601516|1.0|ResearchDevelopmentChange,17
180|10.33666337158197|13|0.7951279516601516|1.0|ResearchDevelopmentChange,17
185|10.33666337158197|13|0.7951279516601516|1.0|ResearchDevelopmentChange,17
190|10.90929109943771|15|0.7272860732958473|1.0|ResearchDevelopmentChange,17
195|10.90929109943771|15|0.7272860732958473|1.0|ResearchDevelopmentChange,17
200|10.975610968457381|19|0.5776637351819675|1.0|GrossMarginChange,2
205|11.000759106709841|19|0.5789873214057811|1.0|ResearchDevelopmentChange,17
210|11.000759106709841|19|0.5789873214057811|1.0|ResearchDevelopmentChange,17
215|11.311113444673774|23|0.4917875410727728|1.0|ResearchDevelopment09,15
220|11.311113444673774|23|0.4917875410727728|1.0|ResearchDevelopment09,15
225|11.311113444673774|21|0.5386244497463701|1.0|BookValuePerShare10,10
230|11.336261582926234|25|0.45345046331704936|1.2|ReturnOnInvestedCapital09,24
235|11.336261582926234|25|0.45345046331704936|1.2|ReturnOnInvestedCapital09,24
240|11.336261582926234|23|0.4928809383880971|1.1|CurrentRatioChange,38
245|11.336261582926234|21|0.5398219801393445|1.25|ReturnOnEquity10,22
250|11.336261582926234|21|0.5398219801393445|1.25|ReturnOnEquity10,22
255|11.336261582926234|19|0.5966453464698018|1.0|ResearchDevelopment09,15
260|11.336261582926234|19|0.5966453464698018|1.0|ResearchDevelopment09,15
265|11.336261582926234|19|0.5966453464698018|1.0|ResearchDevelopment09,15
270|11.336261582926234|19|0.5966453464698018|1.0|ResearchDevelopment09,15
275|11.336261582926234|19|0.5966453464698018|1.0|ResearchDevelopment09,15
280|11.336261582926234|19|0.5966453464698018|1.0|ResearchDevelopment09,15
285|11.336261582926234|19|0.5966453464698018|1.0|ResearchDevelopment09,15
290|11.336261582926234|19|0.5966453464698018|1.0|ResearchDevelopment09,15
295|11.336261582926234|19|0.5966453464698018|1.0|ResearchDevelopment09,15
300|11.336261582926234|19|0.5966453464698018|1.0|ResearchDevelopment09,15
305|11.336261582926234|19|0.5966453464698018|1.0|ResearchDevelopment09,15
310|11.336261582926234|19|0.5966453464698018|1.0|ResearchDevelopment09,15
315|11.336261582926234|19|0.5966453464698018|1.0|ResearchDevelopment09,15
320|11.336261582926234|17|0.6668389166427197|1.0|OperatingMargin09,3
325|11.336261582926234|17|0.6668389166427197|1.0|OperatingMargin09,3
330|11.336261582926234|17|0.6668389166427197|1.0|OperatingMargin09,3
335|11.336261582926234|17|0.6668389166427197|1.0|OperatingMargin09,3
340|11.336261582926234|15|0.7557507721950822|1.0|OperatingMargin09,3
345|11.336261582926234|15|0.7557507721950822|1.0|OperatingMargin09,3
350|11.336261582926234|15|0.7557507721950822|1.0|OperatingMargin09,3
355|11.336261582926234|15|0.7557507721950822|1.0|OperatingMargin09,3
360|11.336261582926234|15|0.7557507721950822|1.0|OperatingMargin09,3
365|11.336261582926234|15|0.7557507721950822|1.0|OperatingMargin09,3
370|11.336261582926234|15|0.7557507721950822|1.0|OperatingMargin09,3
375|11.336261582926234|15|0.7557507721950822|1.0|OperatingMargin09,3
380|11.336261582926234|15|0.7557507721950822|1.0|OperatingMargin09,3
385|11.336261582926234|15|0.7557507721950822|1.0|OperatingMargin09,3
390|11.336261582926234|15|0.7557507721950822|1.0|OperatingMargin09,3
395|11.336261582926234|15|0.7557507721950822|1.0|OperatingMargin09,3
400|11.336261582926234|13|0.8720201217635565|1.0|OperatingMargin09,3
405|11.336261582926234|13|0.8720201217635565|1.0|OperatingMargin09,3
410|11.336261582926234|13|0.8720201217635565|1.0|OperatingMargin09,3
415|11.336261582926234|13|0.8720201217635565|1.0|OperatingMargin09,3
420|11.336261582926234|13|0.8720201217635565|1.0|OperatingMargin09,3
425|11.336261582926234|13|0.8720201217635565|1.0|OperatingMargin09,3
430|11.336261582926234|13|0.8720201217635565|1.0|OperatingMargin09,3
435|11.336261582926234|13|0.8720201217635565|1.0|OperatingMargin09,3
440|11.336261582926234|13|0.8720201217635565|1.0|OperatingMargin09,3
445|11.336261582926234|13|0.8720201217635565|1.0|OperatingMargin09,3
450|11.336261582926234|13|0.8720201217635565|1.0|OperatingMargin09,3
455|11.336261582926234|13|0.8720201217635565|1.0|OperatingMargin09,3
460|11.336261582926234|13|0.8720201217635565|1.0|OperatingMargin09,3
465|11.336261582926234|13|0.8720201217635565|1.0|OperatingMargin09,3
470|11.336261582926234|13|0.8720201217635565|1.0|OperatingMargin09,3
475|11.336261582926234|13|0.8720201217635565|1.0|OperatingMargin09,3
480|11.336261582926234|13|0.8720201217635565|1.0|OperatingMargin09,3
485|11.336261582926234|13|0.8720201217635565|1.0|OperatingMargin09,3
490|11.336261582926234|13|0.8720201217635565|1.0|OperatingMargin09,3
495|11.336261582926234|13|0.8720201217635565|1.0|OperatingMargin09,3
500|11.336261582926234|13|0.8720201217635565|1.0|OperatingMargin09,3
505|11.336261582926234|13|0.8720201217635565|1.0|OperatingMargin09,3
510|11.336261582926234|13|0.8720201217635565|1.0|OperatingMargin09,3
515|11.336261582926234|13|0.8720201217635565|1.0|OperatingMargin09,3
520|11.336261582926234|13|0.8720201217635565|1.0|OperatingMargin09,3
525|11.336261582926234|13|0.8720201217635565|1.0|OperatingMargin09,3
530|11.336261582926234|13|0.8720201217635565|1.0|OperatingMargin09,3
535|11.336261582926234|13|0.8720201217635565|1.0|OperatingMargin09,3
540|11.336261582926234|13|0.8720201217635565|1.0|OperatingMargin09,3
545|11.336261582926234|13|0.8720201217635565|1.0|OperatingMargin09,3
550|11.336261582926234|13|0.8720201217635565|1.0|OperatingMargin09,3
555|11.336261582926234|13|0.8720201217635565|1.0|OperatingMargin09,3
560|11.336261582926234|13|0.8720201217635565|1.0|OperatingMargin09,3
565|11.336261582926234|13|0.8720201217635565|1.0|OperatingMargin09,3
570|11.336261582926234|13|0.8720201217635565|1.0|OperatingMargin09,3
575|11.336261582926234|13|0.8720201217635565|1.0|OperatingMargin09,3
580|11.336261582926234|13|0.8720201217635565|1.0|OperatingMargin09,3
585|11.336261582926234|13|0.8720201217635565|1.0|OperatingMargin09,3
590|11.336261582926234|13|0.8720201217635565|1.0|OperatingMargin09,3
595|11.336261582926234|13|0.8720201217635565|1.0|OperatingMargin09,3
600|11.336261582926234|13|0.8720201217635565|1.0|OperatingMargin09,3
605|11.336261582926234|13|0.8720201217635565|1.0|OperatingMargin09,3
610|11.336261582926234|13|0.8720201217635565|1.0|OperatingMargin09,3
615|11.336261582926234|13|0.8720201217635565|1.0|OperatingMargin09,3
620|11.336261582926234|13|0.8720201217635565|1.0|OperatingMargin09,3
625|11.336261582926234|13|0.8720201217635565|1.0|OperatingMargin09,3
630|11.336261582926234|13|0.8720201217635565|1.0|OperatingMargin09,3
635|11.336261582926234|13|0.8720201217635565|1.0|OperatingMargin09,3
640|11.336261582926234|13|0.8720201217635565|1.0|OperatingMargin09,3
645|11.336261582926234|13|0.8720201217635565|1.0|OperatingMargin09,3
650|11.336261582926234|13|0.8720201217635565|1.0|OperatingMargin09,3
655|11.336261582926234|13|0.8720201217635565|1.0|OperatingMargin09,3
660|11.336261582926234|13|0.8720201217635565|1.0|OperatingMargin09,3
665|11.336261582926234|13|0.8720201217635565|1.0|OperatingMargin09,3
670|11.336261582926234|13|0.8720201217635565|1.0|OperatingMargin09,3
675|11.336261582926234|13|0.8720201217635565|1.0|OperatingMargin09,3
680|11.336261582926234|13|0.8720201217635565|1.0|OperatingMargin09,3
685|11.336261582926234|13|0.8720201217635565|1.0|OperatingMargin09,3
690|11.336261582926234|13|0.8720201217635565|1.0|OperatingMargin09,3
695|11.336261582926234|13|0.8720201217635565|1.0|OperatingMargin09,3
700|11.336261582926234|13|0.8720201217635565|1.0|OperatingMargin09,3
705|11.336261582926234|13|0.8720201217635565|1.0|OperatingMargin09,3
710|11.336261582926234|13|0.8720201217635565|1.0|OperatingMargin09,3
715|11.336261582926234|13|0.8720201217635565|1.0|OperatingMargin09,3
720|11.336261582926234|13|0.8720201217635565|1.0|OperatingMargin09,3
725|11.336261582926234|13|0.8720201217635565|1.0|OperatingMargin09,3
730|11.336261582926234|13|0.8720201217635565|1.0|OperatingMargin09,3
735|11.336261582926234|13|0.8720201217635565|1.0|OperatingMargin09,3
740|11.336261582926234|13|0.8720201217635565|1.0|OperatingMargin09,3
745|11.336261582926234|13|0.8720201217635565|1.0|OperatingMargin09,3
750|11.336261582926234|13|0.8720201217635565|1.0|OperatingMargin09,3
755|11.336261582926234|13|0.8720201217635565|1.0|OperatingMargin09,3
760|11.336261582926234|13|0.8720201217635565|1.0|OperatingMargin09,3
765|11.336261582926234|13|0.8720201217635565|1.0|OperatingMargin09,3
770|11.336261582926234|13|0.8720201217635565|1.0|OperatingMargin09,3
775|11.336261582926234|13|0.8720201217635565|1.0|OperatingMargin09,3
780|11.336261582926234|13|0.8720201217635565|1.0|OperatingMargin09,3
785|11.336261582926234|13|0.8720201217635565|1.0|OperatingMargin09,3
790|11.336261582926234|13|0.8720201217635565|1.0|OperatingMargin09,3
795|11.336261582926234|13|0.8720201217635565|1.0|OperatingMargin09,3
800|11.336261582926234|13|0.8720201217635565|1.0|OperatingMargin09,3
805|11.336261582926234|13|0.8720201217635565|1.0|OperatingMargin09,3
810|11.336261582926234|13|0.8720201217635565|1.0|OperatingMargin09,3
815|11.336261582926234|13|0.8720201217635565|1.0|OperatingMargin09,3
820|11.336261582926234|13|0.8720201217635565|1.0|OperatingMargin09,3
825|11.336261582926234|13|0.8720201217635565|1.0|OperatingMargin09,3
830|11.336261582926234|13|0.8720201217635565|1.0|OperatingMargin09,3
835|11.336261582926234|13|0.8720201217635565|1.0|OperatingMargin09,3
840|11.336261582926234|13|0.8720201217635565|1.0|OperatingMargin09,3
845|11.336261582926234|13|0.8720201217635565|1.0|OperatingMargin09,3
850|11.336261582926234|13|0.8720201217635565|1.0|OperatingMargin09,3
855|11.336261582926234|13|0.8720201217635565|1.0|OperatingMargin09,3
860|11.336261582926234|13|0.8720201217635565|1.0|OperatingMargin09,3
865|11.336261582926234|13|0.8720201217635565|1.0|OperatingMargin09,3
870|11.336261582926234|13|0.8720201217635565|1.0|OperatingMargin09,3
875|11.336261582926234|13|0.8720201217635565|1.0|OperatingMargin09,3
880|11.336261582926234|13|0.8720201217635565|1.0|OperatingMargin09,3
885|11.336261582926234|13|0.8720201217635565|1.0|OperatingMargin09,3
890|11.336261582926234|13|0.8720201217635565|1.0|OperatingMargin09,3
895|11.336261582926234|13|0.8720201217635565|1.0|OperatingMargin09,3
900|11.336261582926234|13|0.8720201217635565|1.0|OperatingMargin09,3
905|11.336261582926234|13|0.8720201217635565|1.0|OperatingMargin09,3
910|11.336261582926234|13|0.8720201217635565|1.0|OperatingMargin09,3
915|11.336261582926234|13|0.8720201217635565|1.0|OperatingMargin09,3
920|11.336261582926234|13|0.8720201217635565|1.0|OperatingMargin09,3
925|11.336261582926234|13|0.8720201217635565|1.0|OperatingMargin09,3
930|11.336261582926234|13|0.8720201217635565|1.0|OperatingMargin09,3
935|11.336261582926234|13|0.8720201217635565|1.0|OperatingMargin09,3
940|11.336261582926234|13|0.8720201217635565|1.0|OperatingMargin09,3
945|11.336261582926234|13|0.8720201217635565|1.0|OperatingMargin09,3
950|11.336261582926234|13|0.8720201217635565|1.0|OperatingMargin09,3
955|11.336261582926234|13|0.8720201217635565|1.0|OperatingMargin09,3
960|11.336261582926234|13|0.8720201217635565|1.0|OperatingMargin09,3
965|11.336261582926234|13|0.8720201217635565|1.0|OperatingMargin09,3
970|11.336261582926234|13|0.8720201217635565|1.0|OperatingMargin09,3
975|11.336261582926234|13|0.8720201217635565|1.0|OperatingMargin09,3
980|11.336261582926234|13|0.8720201217635565|1.0|OperatingMargin09,3
985|11.336261582926234|13|0.8720201217635565|1.0|OperatingMargin09,3
990|11.336261582926234|13|0.8720201217635565|1.0|OperatingMargin09,3
995|11.336261582926234|13|0.8720201217635565|1.0|OperatingMargin09,3
1000|11.336261582926234|13|0.8720201217635565|1.0|OperatingMargin09,3
1005|11.336261582926234|13|0.8720201217635565|1.0|OperatingMargin09,3
1010|11.336261582926234|13|0.8720201217635565|1.0|OperatingMargin09,3
1015|11.336261582926234|13|0.8720201217635565|1.0|OperatingMargin09,3
1020|11.336261582926234|13|0.8720201217635565|1.0|OperatingMargin09,3
1025|11.336261582926234|13|0.8720201217635565|1.0|OperatingMargin09,3
1030|11.336261582926234|13|0.8720201217635565|1.0|OperatingMargin09,3
1035|11.336261582926234|13|0.8720201217635565|1.0|OperatingMargin09,3
1040|11.336261582926234|13|0.8720201217635565|1.0|OperatingMargin09,3
1045|11.336261582926234|13|0.8720201217635565|1.0|OperatingMargin09,3
1050|11.336261582926234|13|0.8720201217635565|1.0|OperatingMargin09,3
1055|11.336261582926234|13|0.8720201217635565|1.0|OperatingMargin09,3
1060|11.336261582926234|13|0.8720201217635565|1.0|OperatingMargin09,3
1065|11.336261582926234|13|0.8720201217635565|1.0|OperatingMargin09,3
1070|11.336261582926234|13|0.8720201217635565|1.0|OperatingMargin09,3
1075|11.336261582926234|13|0.8720201217635565|1.0|OperatingMargin09,3
1080|11.336261582926234|13|0.8720201217635565|1.0|OperatingMargin09,3
1085|11.336261582926234|13|0.8720201217635565|1.0|OperatingMargin09,3
1090|11.336261582926234|13|0.8720201217635565|1.0|OperatingMargin09,3
1095|11.336261582926234|13|0.8720201217635565|1.0|OperatingMargin09,3
1100|11.336261582926234|13|0.8720201217635565|1.0|OperatingMargin09,3
1105|11.336261582926234|13|0.8720201217635565|1.0|OperatingMargin09,3
1110|11.336261582926234|13|0.8720201217635565|1.0|OperatingMargin09,3
1115|11.336261582926234|13|0.8720201217635565|1.0|OperatingMargin09,3
1120|11.336261582926234|13|0.8720201217635565|1.0|OperatingMargin09,3
1125|11.336261582926234|13|0.8720201217635565|1.0|OperatingMargin09,3
1130|11.336261582926234|13|0.8720201217635565|1.0|OperatingMargin09,3
1135|11.336261582926234|13|0.8720201217635565|1.0|OperatingMargin09,3
1140|11.336261582926234|13|0.8720201217635565|1.0|OperatingMargin09,3
1145|11.336261582926234|13|0.8720201217635565|1.0|OperatingMargin09,3
1150|11.336261582926234|13|0.8720201217635565|1.0|OperatingMargin09,3
1155|11.336261582926234|13|0.8720201217635565|1.0|OperatingMargin09,3
1160|11.336261582926234|13|0.8720201217635565|1.0|OperatingMargin09,3
1165|11.336261582926234|13|0.8720201217635565|1.0|OperatingMargin09,3
1170|11.336261582926234|13|0.8720201217635565|1.0|OperatingMargin09,3
1175|11.336261582926234|13|0.8720201217635565|1.0|OperatingMargin09,3
1180|11.336261582926234|13|0.8720201217635565|1.0|OperatingMargin09,3
1185|11.336261582926234|13|0.8720201217635565|1.0|OperatingMargin09,3
1190|11.336261582926234|13|0.8720201217635565|1.0|OperatingMargin09,3
1195|11.336261582926234|13|0.8720201217635565|1.0|OperatingMargin09,3
1200|11.336261582926234|13|0.8720201217635565|1.0|OperatingMargin09,3
1205|11.336261582926234|13|0.8720201217635565|1.0|OperatingMargin09,3
1210|11.336261582926234|13|0.8720201217635565|1.0|OperatingMargin09,3
1215|11.336261582926234|13|0.8720201217635565|1.0|OperatingMargin09,3
1220|11.336261582926234|13|0.8720201217635565|1.0|OperatingMargin09,3
1225|11.336261582926234|13|0.8720201217635565|1.0|OperatingMargin09,3
1230|11.336261582926234|13|0.8720201217635565|1.0|OperatingMargin09,3
1235|11.336261582926234|13|0.8720201217635565|1.0|OperatingMargin09,3
1240|11.336261582926234|13|0.8720201217635565|1.0|OperatingMargin09,3
1245|11.336261582926234|13|0.8720201217635565|1.0|OperatingMargin09,3
1250|11.336261582926234|13|0.8720201217635565|1.0|OperatingMargin09,3
1255|11.336261582926234|13|0.8720201217635565|1.0|OperatingMargin09,3
1260|11.336261582926234|13|0.8720201217635565|1.0|OperatingMargin09,3
1265|11.336261582926234|13|0.8720201217635565|1.0|OperatingMargin09,3
1270|11.336261582926234|13|0.8720201217635565|1.0|OperatingMargin09,3
1275|11.336261582926234|13|0.8720201217635565|1.0|OperatingMargin09,3
1280|11.336261582926234|13|0.8720201217635565|1.0|OperatingMargin09,3
1285|11.336261582926234|13|0.8720201217635565|1.0|OperatingMargin09,3
1290|11.336261582926234|13|0.8720201217635565|1.0|OperatingMargin09,3
1295|11.336261582926234|13|0.8720201217635565|1.0|OperatingMargin09,3
1300|11.336261582926234|13|0.8720201217635565|1.0|OperatingMargin09,3
1305|11.336261582926234|13|0.8720201217635565|1.0|OperatingMargin09,3
1310|11.336261582926234|13|0.8720201217635565|1.0|OperatingMargin09,3
1315|11.336261582926234|13|0.8720201217635565|1.0|OperatingMargin09,3
1320|11.336261582926234|13|0.8720201217635565|1.0|OperatingMargin09,3
1325|11.336261582926234|13|0.8720201217635565|1.0|OperatingMargin09,3
1330|11.336261582926234|13|0.8720201217635565|1.0|OperatingMargin09,3
1335|11.336261582926234|13|0.8720201217635565|1.0|OperatingMargin09,3
1340|11.336261582926234|13|0.8720201217635565|1.0|OperatingMargin09,3
1345|11.336261582926234|13|0.8720201217635565|1.0|OperatingMargin09,3
1350|11.336261582926234|13|0.8720201217635565|1.0|OperatingMargin09,3
1355|11.336261582926234|13|0.8720201217635565|1.0|OperatingMargin09,3
1360|11.336261582926234|13|0.8720201217635565|1.0|OperatingMargin09,3
1365|11.336261582926234|13|0.8720201217635565|1.0|OperatingMargin09,3
1370|11.336261582926234|13|0.8720201217635565|1.0|OperatingMargin09,3
1375|11.336261582926234|13|0.8720201217635565|1.0|OperatingMargin09,3
1380|11.336261582926234|13|0.8720201217635565|1.0|OperatingMargin09,3
1385|11.336261582926234|13|0.8720201217635565|1.0|OperatingMargin09,3
1390|11.336261582926234|13|0.8720201217635565|1.0|OperatingMargin09,3
1395|11.336261582926234|13|0.8720201217635565|1.0|OperatingMargin09,3
1400|11.336261582926234|13|0.8720201217635565|1.0|OperatingMargin09,3
1405|11.336261582926234|13|0.8720201217635565|1.0|OperatingMargin09,3
1410|11.336261582926234|13|0.8720201217635565|1.0|OperatingMargin09,3
1415|11.336261582926234|13|0.8720201217635565|1.0|OperatingMargin09,3
1420|11.336261582926234|13|0.8720201217635565|1.0|OperatingMargin09,3
1425|11.336261582926234|13|0.8720201217635565|1.0|OperatingMargin09,3
1430|11.336261582926234|13|0.8720201217635565|1.0|OperatingMargin09,3
1435|11.336261582926234|13|0.8720201217635565|1.0|OperatingMargin09,3
1440|11.336261582926234|13|0.8720201217635565|1.0|OperatingMargin09,3
1445|11.336261582926234|13|0.8720201217635565|1.0|OperatingMargin09,3
1450|11.336261582926234|13|0.8720201217635565|1.0|OperatingMargin09,3
1455|11.336261582926234|13|0.8720201217635565|1.0|OperatingMargin09,3
1460|11.336261582926234|13|0.8720201217635565|1.0|OperatingMargin09,3
1465|11.336261582926234|13|0.8720201217635565|1.0|OperatingMargin09,3
1470|11.336261582926234|13|0.8720201217635565|1.0|OperatingMargin09,3
1475|11.336261582926234|13|0.8720201217635565|1.0|OperatingMargin09,3
1480|11.336261582926234|13|0.8720201217635565|1.0|OperatingMargin09,3
1485|11.336261582926234|13|0.8720201217635565|1.0|OperatingMargin09,3
1490|11.336261582926234|13|0.8720201217635565|1.0|OperatingMargin09,3
1495|11.336261582926234|13|0.8720201217635565|1.0|OperatingMargin09,3
1500|11.336261582926234|13|0.8720201217635565|1.0|OperatingMargin09,3
1505|11.336261582926234|13|0.8720201217635565|1.0|OperatingMargin09,3
1510|11.336261582926234|13|0.8720201217635565|1.0|OperatingMargin09,3
1515|11.336261582926234|13|0.8720201217635565|1.0|OperatingMargin09,3
1520|11.336261582926234|13|0.8720201217635565|1.0|OperatingMargin09,3
1525|11.336261582926234|13|0.8720201217635565|1.0|OperatingMargin09,3
1530|11.336261582926234|13|0.8720201217635565|1.0|OperatingMargin09,3
1535|11.336261582926234|13|0.8720201217635565|1.0|OperatingMargin09,3
1540|11.336261582926234|13|0.8720201217635565|1.0|OperatingMargin09,3
1545|11.336261582926234|13|0.8720201217635565|1.0|OperatingMargin09,3
1550|11.336261582926234|13|0.8720201217635565|1.0|OperatingMargin09,3
1555|11.336261582926234|13|0.8720201217635565|1.0|OperatingMargin09,3
1560|11.336261582926234|13|0.8720201217635565|1.0|OperatingMargin09,3
1565|11.336261582926234|13|0.8720201217635565|1.0|OperatingMargin09,3
1570|11.336261582926234|13|0.8720201217635565|1.0|OperatingMargin09,3
1575|11.336261582926234|13|0.8720201217635565|1.0|OperatingMargin09,3
1580|11.336261582926234|13|0.8720201217635565|1.0|OperatingMargin09,3
1585|11.336261582926234|13|0.8720201217635565|1.0|OperatingMargin09,3
1590|11.336261582926234|13|0.8720201217635565|1.0|OperatingMargin09,3
1595|11.336261582926234|13|0.8720201217635565|1.0|OperatingMargin09,3
1600|11.336261582926234|13|0.8720201217635565|1.0|OperatingMargin09,3
1605|11.336261582926234|13|0.8720201217635565|1.0|OperatingMargin09,3
1610|11.336261582926234|13|0.8720201217635565|1.0|OperatingMargin09,3
1615|11.336261582926234|13|0.8720201217635565|1.0|OperatingMargin09,3
1620|11.336261582926234|13|0.8720201217635565|1.0|OperatingMargin09,3
1625|11.336261582926234|13|0.8720201217635565|1.0|OperatingMargin09,3
1630|11.336261582926234|13|0.8720201217635565|1.0|OperatingMargin09,3
1635|11.336261582926234|13|0.8720201217635565|1.0|OperatingMargin09,3
1640|11.336261582926234|13|0.8720201217635565|1.0|OperatingMargin09,3
1645|11.336261582926234|13|0.8720201217635565|1.0|OperatingMargin09,3
1650|11.336261582926234|13|0.8720201217635565|1.0|OperatingMargin09,3
1655|11.336261582926234|13|0.8720201217635565|1.0|OperatingMargin09,3
1660|11.336261582926234|13|0.8720201217635565|1.0|OperatingMargin09,3
1665|11.336261582926234|13|0.8720201217635565|1.0|OperatingMargin09,3
1670|11.336261582926234|13|0.8720201217635565|1.0|OperatingMargin09,3
1675|11.336261582926234|13|0.8720201217635565|1.0|OperatingMargin09,3
1680|11.336261582926234|13|0.8720201217635565|1.0|OperatingMargin09,3
1685|11.336261582926234|13|0.8720201217635565|1.0|OperatingMargin09,3
1690|11.336261582926234|13|0.8720201217635565|1.0|OperatingMargin09,3
1695|11.336261582926234|13|0.8720201217635565|1.0|OperatingMargin09,3
1700|11.336261582926234|13|0.8720201217635565|1.0|OperatingMargin09,3
1705|11.336261582926234|13|0.8720201217635565|1.0|OperatingMargin09,3
1710|11.336261582926234|13|0.8720201217635565|1.0|OperatingMargin09,3
1715|11.336261582926234|13|0.8720201217635565|1.0|OperatingMargin09,3
1720|11.336261582926234|13|0.8720201217635565|1.0|OperatingMargin09,3
1725|11.336261582926234|13|0.8720201217635565|1.0|OperatingMargin09,3
1730|11.336261582926234|13|0.8720201217635565|1.0|OperatingMargin09,3
1735|11.336261582926234|13|0.8720201217635565|1.0|OperatingMargin09,3
1740|11.336261582926234|13|0.8720201217635565|1.0|OperatingMargin09,3
1745|11.336261582926234|13|0.8720201217635565|1.0|OperatingMargin09,3
1750|11.336261582926234|13|0.8720201217635565|1.0|OperatingMargin09,3
1755|11.336261582926234|13|0.8720201217635565|1.0|OperatingMargin09,3
1760|11.336261582926234|13|0.8720201217635565|1.0|OperatingMargin09,3
1765|11.336261582926234|13|0.8720201217635565|1.0|OperatingMargin09,3
1770|11.336261582926234|13|0.8720201217635565|1.0|OperatingMargin09,3
1775|11.336261582926234|13|0.8720201217635565|1.0|OperatingMargin09,3
1780|11.336261582926234|13|0.8720201217635565|1.0|OperatingMargin09,3
1785|11.336261582926234|13|0.8720201217635565|1.0|OperatingMargin09,3
1790|11.336261582926234|13|0.8720201217635565|1.0|OperatingMargin09,3
1795|11.336261582926234|13|0.8720201217635565|1.0|OperatingMargin09,3
1800|11.336261582926234|13|0.8720201217635565|1.0|OperatingMargin09,3
1805|11.336261582926234|13|0.8720201217635565|1.0|OperatingMargin09,3
1810|11.336261582926234|13|0.8720201217635565|1.0|OperatingMargin09,3
1815|11.336261582926234|13|0.8720201217635565|1.0|OperatingMargin09,3
1820|11.336261582926234|13|0.8720201217635565|1.0|OperatingMargin09,3
1825|11.336261582926234|13|0.8720201217635565|1.0|OperatingMargin09,3
1830|11.336261582926234|13|0.8720201217635565|1.0|OperatingMargin09,3
1835|11.336261582926234|13|0.8720201217635565|1.0|OperatingMargin09,3
1840|11.336261582926234|13|0.8720201217635565|1.0|OperatingMargin09,3
1845|11.336261582926234|13|0.8720201217635565|1.0|OperatingMargin09,3
1850|11.336261582926234|13|0.8720201217635565|1.0|OperatingMargin09,3
1855|11.336261582926234|13|0.8720201217635565|1.0|OperatingMargin09,3
1860|11.336261582926234|13|0.8720201217635565|1.0|OperatingMargin09,3
1865|11.336261582926234|13|0.8720201217635565|1.0|OperatingMargin09,3
1870|11.336261582926234|13|0.8720201217635565|1.0|OperatingMargin09,3
1875|11.336261582926234|13|0.8720201217635565|1.0|OperatingMargin09,3
1880|11.336261582926234|13|0.8720201217635565|1.0|OperatingMargin09,3
1885|11.336261582926234|13|0.8720201217635565|1.0|OperatingMargin09,3
1890|11.336261582926234|13|0.8720201217635565|1.0|OperatingMargin09,3
1895|11.336261582926234|13|0.8720201217635565|1.0|OperatingMargin09,3
1900|11.336261582926234|13|0.8720201217635565|1.0|OperatingMargin09,3
1905|11.336261582926234|13|0.8720201217635565|1.0|OperatingMargin09,3
1910|11.336261582926234|13|0.8720201217635565|1.0|OperatingMargin09,3
1915|11.336261582926234|13|0.8720201217635565|1.0|OperatingMargin09,3
1920|11.336261582926234|13|0.8720201217635565|1.0|OperatingMargin09,3
1925|11.336261582926234|13|0.8720201217635565|1.0|OperatingMargin09,3
1930|11.336261582926234|13|0.8720201217635565|1.0|OperatingMargin09,3
1935|11.336261582926234|13|0.8720201217635565|1.0|OperatingMargin09,3
1940|11.336261582926234|13|0.8720201217635565|1.0|OperatingMargin09,3
1945|11.336261582926234|13|0.8720201217635565|1.0|OperatingMargin09,3
1950|11.336261582926234|13|0.8720201217635565|1.0|OperatingMargin09,3
1955|11.336261582926234|13|0.8720201217635565|1.0|OperatingMargin09,3
1960|11.336261582926234|13|0.8720201217635565|1.0|OperatingMargin09,3
1965|11.336261582926234|13|0.8720201217635565|1.0|OperatingMargin09,3
1970|11.336261582926234|13|0.8720201217635565|1.0|OperatingMargin09,3
1975|11.336261582926234|13|0.8720201217635565|1.0|OperatingMargin09,3
1980|11.336261582926234|13|0.8720201217635565|1.0|OperatingMargin09,3
1985|11.336261582926234|13|0.8720201217635565|1.0|OperatingMargin09,3
1990|11.336261582926234|13|0.8720201217635565|1.0|OperatingMargin09,3
1995|11.336261582926234|13|0.8720201217635565|1.0|OperatingMargin09,3
2000|11.336261582926234|13|0.8720201217635565|1.0|OperatingMargin09,3
