#########################################################
# Algorithm Parameters #
# Generations = 2000
# Population size = 100
# Resolution = 5
#########################################################
# Financial Parameters #
# Quarter = 2
# Crossover probabilities = 0.75 -> 0.25
# Mutation start probabilities = 0.9,0.0,0.6,0.5,0.6,0.9
# Mutation end probabilities = 0.4,0.4,0.1,0.1,0.1,0.4
######################################################### 
0|8.025954033273772|7|1.1465648618962532|1.0|EarningsPerShare10,7
5|8.060285517788525|17|0.47413444222285445|1.0|SGAExpensesChange,14
10|8.989871066611478|13|0.6915285435854983|1.2|ReturnOnEquity09,21
15|8.989871066611478|13|0.6915285435854983|1.2|ReturnOnEquity09,21
20|9.165274517263938|15|0.6110183011509293|1.1666666666666667|ReturnOnEquity10,22
25|9.422635399431151|11|0.8566032181301046|1.0|ReturnOnEquity09,21
30|9.639479424221317|15|0.6426319616147544|1.1666666666666667|TotalCurrentLiabilitiesChange,35
35|9.874658776395087|21|0.47022184649500415|1.1111111111111112|ReturnOnInvestedCapitalChange,26
40|10.005840336716398|17|0.5885788433362587|1.3333333333333333|ReturnOnEquity10,22
45|10.005840336716398|17|0.5885788433362587|1.3333333333333333|ReturnOnEquity10,22
50|10.52255168984427|15|0.701503445989618|1.4|ReturnOnEquity10,22
55|10.545866923008203|19|0.5550456275267476|1.2857142857142858|OperatingMarginChange,5
60|10.660755930900006|19|0.5610924174157897|1.2857142857142858|ReturnOnEquity10,22
65|10.807735934063938|25|0.43230943736255756|1.3333333333333333|OperatingMarginChange,5
70|11.06257827613607|21|0.5267894417207653|1.4285714285714286|ReturnOnEquity10,22
75|11.06257827613607|21|0.5267894417207653|1.4285714285714286|ReturnOnEquity10,22
80|11.06257827613607|21|0.5267894417207653|1.4285714285714286|ReturnOnEquity10,22
85|11.06257827613607|21|0.5267894417207653|1.4285714285714286|ReturnOnEquity10,22
90|11.06257827613607|21|0.5267894417207653|1.4285714285714286|ReturnOnEquity10,22
95|11.06257827613607|21|0.5267894417207653|1.4285714285714286|ReturnOnEquity10,22
100|11.06257827613607|21|0.5267894417207653|1.4285714285714286|ReturnOnEquity10,22
105|11.06257827613607|21|0.5267894417207653|1.4285714285714286|ReturnOnEquity10,22
110|11.06257827613607|21|0.5267894417207653|1.4285714285714286|ReturnOnEquity10,22
115|11.06257827613607|21|0.5267894417207653|1.4285714285714286|ReturnOnEquity10,22
120|11.06257827613607|19|0.5822409619018984|1.2857142857142858|ReturnOnEquity10,22
125|11.06257827613607|19|0.5822409619018984|1.2857142857142858|ReturnOnEquity10,22
130|11.06257827613607|19|0.5822409619018984|1.2857142857142858|ReturnOnEquity10,22
135|11.06257827613607|19|0.5822409619018984|1.2857142857142858|ReturnOnEquity10,22
140|11.06257827613607|19|0.5822409619018984|1.2857142857142858|ReturnOnEquity10,22
145|11.06257827613607|15|0.7375052184090714|1.1666666666666667|ReturnOnEquity10,22
150|11.06257827613607|15|0.7375052184090714|1.1666666666666667|ReturnOnEquity10,22
155|11.08772641438853|21|0.5279869721137396|1.25|ReturnOnEquity10,22
160|11.08772641438853|21|0.5279869721137396|1.25|ReturnOnEquity10,22
165|11.08772641438853|21|0.5279869721137396|1.25|ReturnOnEquity10,22
170|11.08772641438853|19|0.5835645481257121|1.2857142857142858|ReturnOnEquity10,22
175|11.08772641438853|19|0.5835645481257121|1.2857142857142858|ReturnOnEquity10,22
180|11.08772641438853|19|0.5835645481257121|1.2857142857142858|ReturnOnEquity10,22
185|11.08772641438853|19|0.5835645481257121|1.2857142857142858|ReturnOnEquity10,22
190|11.13769002385738|21|0.5303661916122562|1.1111111111111112|ReturnOnEquity10,22
195|11.13769002385738|21|0.5303661916122562|1.1111111111111112|ReturnOnEquity10,22
200|11.13769002385738|17|0.6551582366974928|1.1428571428571428|ReturnOnEquity10,22
205|11.13769002385738|17|0.6551582366974928|1.1428571428571428|ReturnOnEquity10,22
210|11.455475409640988|19|0.6029197584021573|1.125|ReturnOnEquity10,22
215|11.455475409640988|19|0.6029197584021573|1.125|ReturnOnEquity10,22
220|11.455475409640988|19|0.6029197584021573|1.125|ReturnOnEquity10,22
225|11.455475409640988|19|0.6029197584021573|1.125|ReturnOnEquity10,22
230|11.790977885857382|23|0.5126512124285818|1.375|ReturnOnEquity10,22
235|11.790977885857382|23|0.5126512124285818|1.375|ReturnOnEquity10,22
240|11.790977885857382|23|0.5126512124285818|1.375|ReturnOnEquity10,22
245|11.857297754877052|25|0.4742919101950821|1.2|ReturnOnEquity10,22
250|11.857297754877052|25|0.4742919101950821|1.2|ReturnOnEquity10,22
255|11.857297754877052|23|0.5155346849946545|1.2222222222222223|ReturnOnEquity10,22
260|11.857297754877052|21|0.5646332264227167|1.1111111111111112|ReturnOnEquity10,22
265|11.892810787637707|27|0.4404744736162114|1.1818181818181819|ReturnOnEquity10,22
270|11.892810787637707|27|0.4404744736162114|1.1818181818181819|ReturnOnEquity10,22
275|11.892810787637707|25|0.4757124315055083|1.2|ReturnOnEquity10,22
280|11.892810787637707|25|0.4757124315055083|1.2|ReturnOnEquity10,22
285|11.892810787637707|25|0.4757124315055083|1.2|ReturnOnEquity10,22
290|11.892810787637707|23|0.5170787298972916|1.2222222222222223|ReturnOnEquity10,22
295|11.892810787637707|23|0.5170787298972916|1.2222222222222223|ReturnOnEquity10,22
300|11.892810787637707|23|0.5170787298972916|1.2222222222222223|ReturnOnEquity10,22
305|11.892810787637707|23|0.5170787298972916|1.2222222222222223|ReturnOnEquity10,22
310|11.892810787637707|23|0.5170787298972916|1.2222222222222223|ReturnOnEquity10,22
315|11.892810787637707|23|0.5170787298972916|1.2222222222222223|ReturnOnEquity10,22
320|11.892810787637707|23|0.5170787298972916|1.2222222222222223|ReturnOnEquity10,22
325|11.892810787637707|23|0.5170787298972916|1.2222222222222223|ReturnOnEquity10,22
330|11.892810787637707|23|0.5170787298972916|1.2222222222222223|ReturnOnEquity10,22
335|11.892810787637707|23|0.5170787298972916|1.2222222222222223|ReturnOnEquity10,22
340|11.892810787637707|23|0.5170787298972916|1.2222222222222223|ReturnOnEquity10,22
345|11.892810787637707|23|0.5170787298972916|1.2222222222222223|ReturnOnEquity10,22
350|11.892810787637707|23|0.5170787298972916|1.2222222222222223|ReturnOnEquity10,22
355|11.892810787637707|23|0.5170787298972916|1.2222222222222223|ReturnOnEquity10,22
360|11.892810787637707|23|0.5170787298972916|1.2222222222222223|ReturnOnEquity10,22
365|11.892810787637707|23|0.5170787298972916|1.2222222222222223|ReturnOnEquity10,22
370|11.892810787637707|23|0.5170787298972916|1.2222222222222223|ReturnOnEquity10,22
375|11.892810787637707|23|0.5170787298972916|1.2222222222222223|ReturnOnEquity10,22
380|11.985839138880328|25|0.4794335655552131|1.2|ReturnOnEquity09,21
385|11.985839138880328|25|0.4794335655552131|1.2|ReturnOnEquity09,21
390|11.985839138880328|25|0.4794335655552131|1.2|ReturnOnEquity09,21
395|11.985839138880328|25|0.4794335655552131|1.2|ReturnOnEquity09,21
400|11.985839138880328|25|0.4794335655552131|1.2|ReturnOnEquity09,21
405|11.985839138880328|25|0.4794335655552131|1.2|ReturnOnEquity09,21
410|11.985839138880328|23|0.5211234408208838|1.2222222222222223|ReturnOnEquity09,21
415|11.985839138880328|23|0.5211234408208838|1.2222222222222223|ReturnOnEquity09,21
420|12.010987277132788|27|0.4448513806345477|1.1818181818181819|TotalCurrentLiabilitiesChange,35
425|12.010987277132788|27|0.4448513806345477|1.1818181818181819|TotalCurrentLiabilitiesChange,35
430|12.010987277132788|27|0.4448513806345477|1.1818181818181819|TotalCurrentLiabilitiesChange,35
435|12.010987277132788|27|0.4448513806345477|1.1818181818181819|TotalCurrentLiabilitiesChange,35
440|12.010987277132788|25|0.48043949108531153|1.2|ReturnOnEquity09,21
445|12.010987277132788|25|0.48043949108531153|1.2|ReturnOnEquity09,21
450|12.010987277132788|25|0.48043949108531153|1.2|ReturnOnEquity09,21
455|12.010987277132788|23|0.5222168381362081|1.1|TotalCurrentLiabilitiesChange,35
460|12.010987277132788|23|0.5222168381362081|1.1|TotalCurrentLiabilitiesChange,35
465|12.010987277132788|23|0.5222168381362081|1.1|TotalCurrentLiabilitiesChange,35
470|12.010987277132788|23|0.5222168381362081|1.1|TotalCurrentLiabilitiesChange,35
475|12.010987277132788|23|0.5222168381362081|1.1|TotalCurrentLiabilitiesChange,35
480|12.010987277132788|23|0.5222168381362081|1.1|TotalCurrentLiabilitiesChange,35
485|12.010987277132788|23|0.5222168381362081|1.1|TotalCurrentLiabilitiesChange,35
490|12.010987277132788|23|0.5222168381362081|1.1|TotalCurrentLiabilitiesChange,35
495|12.010987277132788|21|0.5719517751015614|1.1111111111111112|TotalCurrentLiabilitiesChange,35
500|12.010987277132788|21|0.5719517751015614|1.1111111111111112|TotalCurrentLiabilitiesChange,35
505|12.010987277132788|21|0.5719517751015614|1.1111111111111112|TotalCurrentLiabilitiesChange,35
510|12.010987277132788|21|0.5719517751015614|1.1111111111111112|TotalCurrentLiabilitiesChange,35
515|12.010987277132788|21|0.5719517751015614|1.1111111111111112|TotalCurrentLiabilitiesChange,35
520|12.010987277132788|21|0.5719517751015614|1.1111111111111112|TotalCurrentLiabilitiesChange,35
525|12.010987277132788|21|0.5719517751015614|1.1111111111111112|TotalCurrentLiabilitiesChange,35
530|12.010987277132788|21|0.5719517751015614|1.1111111111111112|TotalCurrentLiabilitiesChange,35
535|12.010987277132788|21|0.5719517751015614|1.1111111111111112|TotalCurrentLiabilitiesChange,35
540|12.010987277132788|21|0.5719517751015614|1.1111111111111112|TotalCurrentLiabilitiesChange,35
545|12.010987277132788|19|0.632157225112252|1.125|TotalCurrentLiabilitiesChange,35
550|12.010987277132788|19|0.632157225112252|1.125|TotalCurrentLiabilitiesChange,35
555|12.010987277132788|19|0.632157225112252|1.125|TotalCurrentLiabilitiesChange,35
560|12.010987277132788|19|0.632157225112252|1.125|TotalCurrentLiabilitiesChange,35
565|12.010987277132788|19|0.632157225112252|1.125|TotalCurrentLiabilitiesChange,35
570|12.010987277132788|19|0.632157225112252|1.125|TotalCurrentLiabilitiesChange,35
575|12.010987277132788|19|0.632157225112252|1.125|TotalCurrentLiabilitiesChange,35
580|12.010987277132788|19|0.632157225112252|1.125|TotalCurrentLiabilitiesChange,35
585|12.010987277132788|19|0.632157225112252|1.125|TotalCurrentLiabilitiesChange,35
590|12.010987277132788|19|0.632157225112252|1.125|TotalCurrentLiabilitiesChange,35
595|12.010987277132788|19|0.632157225112252|1.125|TotalCurrentLiabilitiesChange,35
600|12.010987277132788|19|0.632157225112252|1.125|TotalCurrentLiabilitiesChange,35
605|12.010987277132788|19|0.632157225112252|1.125|TotalCurrentLiabilitiesChange,35
610|12.010987277132788|19|0.632157225112252|1.125|TotalCurrentLiabilitiesChange,35
615|12.010987277132788|19|0.632157225112252|1.125|TotalCurrentLiabilitiesChange,35
620|12.010987277132788|19|0.632157225112252|1.125|TotalCurrentLiabilitiesChange,35
625|12.010987277132788|19|0.632157225112252|1.125|TotalCurrentLiabilitiesChange,35
630|12.010987277132788|19|0.632157225112252|1.125|TotalCurrentLiabilitiesChange,35
635|12.010987277132788|19|0.632157225112252|1.125|TotalCurrentLiabilitiesChange,35
640|12.010987277132788|19|0.632157225112252|1.125|TotalCurrentLiabilitiesChange,35
645|12.010987277132788|19|0.632157225112252|1.125|TotalCurrentLiabilitiesChange,35
650|12.010987277132788|19|0.632157225112252|1.125|TotalCurrentLiabilitiesChange,35
655|12.010987277132788|19|0.632157225112252|1.125|TotalCurrentLiabilitiesChange,35
660|12.010987277132788|19|0.632157225112252|1.125|TotalCurrentLiabilitiesChange,35
665|12.010987277132788|19|0.632157225112252|1.125|TotalCurrentLiabilitiesChange,35
670|12.010987277132788|19|0.632157225112252|1.125|TotalCurrentLiabilitiesChange,35
675|12.010987277132788|19|0.632157225112252|1.125|TotalCurrentLiabilitiesChange,35
680|12.010987277132788|19|0.632157225112252|1.125|TotalCurrentLiabilitiesChange,35
685|12.010987277132788|19|0.632157225112252|1.125|TotalCurrentLiabilitiesChange,35
690|12.010987277132788|19|0.632157225112252|1.125|TotalCurrentLiabilitiesChange,35
695|12.010987277132788|19|0.632157225112252|1.125|TotalCurrentLiabilitiesChange,35
700|12.010987277132788|19|0.632157225112252|1.125|TotalCurrentLiabilitiesChange,35
705|12.010987277132788|19|0.632157225112252|1.125|TotalCurrentLiabilitiesChange,35
710|12.010987277132788|19|0.632157225112252|1.125|TotalCurrentLiabilitiesChange,35
715|12.010987277132788|19|0.632157225112252|1.125|TotalCurrentLiabilitiesChange,35
720|12.010987277132788|19|0.632157225112252|1.125|TotalCurrentLiabilitiesChange,35
725|12.010987277132788|19|0.632157225112252|1.125|TotalCurrentLiabilitiesChange,35
730|12.010987277132788|19|0.632157225112252|1.125|TotalCurrentLiabilitiesChange,35
735|12.010987277132788|19|0.632157225112252|1.125|TotalCurrentLiabilitiesChange,35
740|12.010987277132788|19|0.632157225112252|1.125|TotalCurrentLiabilitiesChange,35
745|12.010987277132788|19|0.632157225112252|1.125|TotalCurrentLiabilitiesChange,35
750|12.010987277132788|19|0.632157225112252|1.125|TotalCurrentLiabilitiesChange,35
755|12.010987277132788|19|0.632157225112252|1.125|TotalCurrentLiabilitiesChange,35
760|12.010987277132788|19|0.632157225112252|1.125|TotalCurrentLiabilitiesChange,35
765|12.010987277132788|19|0.632157225112252|1.125|TotalCurrentLiabilitiesChange,35
770|12.010987277132788|19|0.632157225112252|1.125|TotalCurrentLiabilitiesChange,35
775|12.010987277132788|19|0.632157225112252|1.125|TotalCurrentLiabilitiesChange,35
780|12.010987277132788|19|0.632157225112252|1.125|TotalCurrentLiabilitiesChange,35
785|12.010987277132788|19|0.632157225112252|1.125|TotalCurrentLiabilitiesChange,35
790|12.010987277132788|19|0.632157225112252|1.125|TotalCurrentLiabilitiesChange,35
795|12.010987277132788|19|0.632157225112252|1.125|TotalCurrentLiabilitiesChange,35
800|12.010987277132788|19|0.632157225112252|1.125|TotalCurrentLiabilitiesChange,35
805|12.010987277132788|19|0.632157225112252|1.125|TotalCurrentLiabilitiesChange,35
810|12.010987277132788|19|0.632157225112252|1.125|TotalCurrentLiabilitiesChange,35
815|12.010987277132788|19|0.632157225112252|1.125|TotalCurrentLiabilitiesChange,35
820|12.010987277132788|19|0.632157225112252|1.125|TotalCurrentLiabilitiesChange,35
825|12.010987277132788|19|0.632157225112252|1.125|TotalCurrentLiabilitiesChange,35
830|12.010987277132788|19|0.632157225112252|1.125|TotalCurrentLiabilitiesChange,35
835|12.010987277132788|19|0.632157225112252|1.125|TotalCurrentLiabilitiesChange,35
840|12.010987277132788|19|0.632157225112252|1.125|TotalCurrentLiabilitiesChange,35
845|12.010987277132788|19|0.632157225112252|1.125|TotalCurrentLiabilitiesChange,35
850|12.010987277132788|19|0.632157225112252|1.125|TotalCurrentLiabilitiesChange,35
855|12.010987277132788|19|0.632157225112252|1.125|TotalCurrentLiabilitiesChange,35
860|12.010987277132788|19|0.632157225112252|1.125|TotalCurrentLiabilitiesChange,35
865|12.010987277132788|19|0.632157225112252|1.125|TotalCurrentLiabilitiesChange,35
870|12.010987277132788|19|0.632157225112252|1.125|TotalCurrentLiabilitiesChange,35
875|12.010987277132788|19|0.632157225112252|1.125|TotalCurrentLiabilitiesChange,35
880|12.010987277132788|19|0.632157225112252|1.125|TotalCurrentLiabilitiesChange,35
885|12.010987277132788|19|0.632157225112252|1.125|TotalCurrentLiabilitiesChange,35
890|12.010987277132788|19|0.632157225112252|1.125|TotalCurrentLiabilitiesChange,35
895|12.010987277132788|19|0.632157225112252|1.125|TotalCurrentLiabilitiesChange,35
900|12.010987277132788|19|0.632157225112252|1.125|TotalCurrentLiabilitiesChange,35
905|12.010987277132788|19|0.632157225112252|1.125|TotalCurrentLiabilitiesChange,35
910|12.010987277132788|19|0.632157225112252|1.125|TotalCurrentLiabilitiesChange,35
915|12.010987277132788|19|0.632157225112252|1.125|TotalCurrentLiabilitiesChange,35
920|12.010987277132788|19|0.632157225112252|1.125|TotalCurrentLiabilitiesChange,35
925|12.010987277132788|19|0.632157225112252|1.125|TotalCurrentLiabilitiesChange,35
930|12.010987277132788|19|0.632157225112252|1.125|TotalCurrentLiabilitiesChange,35
935|12.010987277132788|19|0.632157225112252|1.125|TotalCurrentLiabilitiesChange,35
940|12.010987277132788|19|0.632157225112252|1.125|TotalCurrentLiabilitiesChange,35
945|12.010987277132788|19|0.632157225112252|1.125|TotalCurrentLiabilitiesChange,35
950|12.010987277132788|19|0.632157225112252|1.125|TotalCurrentLiabilitiesChange,35
955|12.010987277132788|19|0.632157225112252|1.125|TotalCurrentLiabilitiesChange,35
960|12.010987277132788|19|0.632157225112252|1.125|TotalCurrentLiabilitiesChange,35
965|12.010987277132788|19|0.632157225112252|1.125|TotalCurrentLiabilitiesChange,35
970|12.010987277132788|19|0.632157225112252|1.125|TotalCurrentLiabilitiesChange,35
975|12.010987277132788|19|0.632157225112252|1.125|TotalCurrentLiabilitiesChange,35
980|12.010987277132788|19|0.632157225112252|1.125|TotalCurrentLiabilitiesChange,35
985|12.010987277132788|19|0.632157225112252|1.125|TotalCurrentLiabilitiesChange,35
990|12.010987277132788|19|0.632157225112252|1.125|TotalCurrentLiabilitiesChange,35
995|12.010987277132788|19|0.632157225112252|1.125|TotalCurrentLiabilitiesChange,35
1000|12.010987277132788|19|0.632157225112252|1.125|TotalCurrentLiabilitiesChange,35
1005|12.010987277132788|19|0.632157225112252|1.125|TotalCurrentLiabilitiesChange,35
1010|12.010987277132788|19|0.632157225112252|1.125|TotalCurrentLiabilitiesChange,35
1015|12.010987277132788|19|0.632157225112252|1.125|TotalCurrentLiabilitiesChange,35
1020|12.010987277132788|19|0.632157225112252|1.125|TotalCurrentLiabilitiesChange,35
1025|12.010987277132788|19|0.632157225112252|1.125|TotalCurrentLiabilitiesChange,35
1030|12.010987277132788|19|0.632157225112252|1.125|TotalCurrentLiabilitiesChange,35
1035|12.010987277132788|19|0.632157225112252|1.125|TotalCurrentLiabilitiesChange,35
1040|12.010987277132788|19|0.632157225112252|1.125|TotalCurrentLiabilitiesChange,35
1045|12.010987277132788|19|0.632157225112252|1.125|TotalCurrentLiabilitiesChange,35
1050|12.010987277132788|19|0.632157225112252|1.125|TotalCurrentLiabilitiesChange,35
1055|12.010987277132788|19|0.632157225112252|1.125|TotalCurrentLiabilitiesChange,35
1060|12.010987277132788|19|0.632157225112252|1.125|TotalCurrentLiabilitiesChange,35
1065|12.010987277132788|19|0.632157225112252|1.125|TotalCurrentLiabilitiesChange,35
1070|12.010987277132788|19|0.632157225112252|1.125|TotalCurrentLiabilitiesChange,35
1075|12.010987277132788|19|0.632157225112252|1.125|TotalCurrentLiabilitiesChange,35
1080|12.010987277132788|19|0.632157225112252|1.125|TotalCurrentLiabilitiesChange,35
1085|12.010987277132788|19|0.632157225112252|1.125|TotalCurrentLiabilitiesChange,35
1090|12.010987277132788|19|0.632157225112252|1.125|TotalCurrentLiabilitiesChange,35
1095|12.010987277132788|19|0.632157225112252|1.125|TotalCurrentLiabilitiesChange,35
1100|12.010987277132788|19|0.632157225112252|1.125|TotalCurrentLiabilitiesChange,35
1105|12.010987277132788|19|0.632157225112252|1.125|TotalCurrentLiabilitiesChange,35
1110|12.010987277132788|19|0.632157225112252|1.125|TotalCurrentLiabilitiesChange,35
1115|12.010987277132788|19|0.632157225112252|1.125|TotalCurrentLiabilitiesChange,35
1120|12.010987277132788|19|0.632157225112252|1.125|TotalCurrentLiabilitiesChange,35
1125|12.010987277132788|19|0.632157225112252|1.125|TotalCurrentLiabilitiesChange,35
1130|12.010987277132788|19|0.632157225112252|1.125|TotalCurrentLiabilitiesChange,35
1135|12.010987277132788|19|0.632157225112252|1.125|TotalCurrentLiabilitiesChange,35
1140|12.010987277132788|19|0.632157225112252|1.125|TotalCurrentLiabilitiesChange,35
1145|12.010987277132788|19|0.632157225112252|1.125|TotalCurrentLiabilitiesChange,35
1150|12.010987277132788|19|0.632157225112252|1.125|TotalCurrentLiabilitiesChange,35
1155|12.010987277132788|19|0.632157225112252|1.125|TotalCurrentLiabilitiesChange,35
1160|12.010987277132788|19|0.632157225112252|1.125|TotalCurrentLiabilitiesChange,35
1165|12.010987277132788|19|0.632157225112252|1.125|TotalCurrentLiabilitiesChange,35
1170|12.010987277132788|19|0.632157225112252|1.125|TotalCurrentLiabilitiesChange,35
1175|12.010987277132788|19|0.632157225112252|1.125|TotalCurrentLiabilitiesChange,35
1180|12.010987277132788|19|0.632157225112252|1.125|TotalCurrentLiabilitiesChange,35
1185|12.010987277132788|19|0.632157225112252|1.125|TotalCurrentLiabilitiesChange,35
1190|12.010987277132788|19|0.632157225112252|1.125|TotalCurrentLiabilitiesChange,35
1195|12.010987277132788|19|0.632157225112252|1.125|TotalCurrentLiabilitiesChange,35
1200|12.010987277132788|19|0.632157225112252|1.125|TotalCurrentLiabilitiesChange,35
1205|12.010987277132788|19|0.632157225112252|1.125|TotalCurrentLiabilitiesChange,35
1210|12.010987277132788|19|0.632157225112252|1.125|TotalCurrentLiabilitiesChange,35
1215|12.010987277132788|19|0.632157225112252|1.125|TotalCurrentLiabilitiesChange,35
1220|12.010987277132788|19|0.632157225112252|1.125|TotalCurrentLiabilitiesChange,35
1225|12.010987277132788|19|0.632157225112252|1.125|TotalCurrentLiabilitiesChange,35
1230|12.010987277132788|19|0.632157225112252|1.125|TotalCurrentLiabilitiesChange,35
1235|12.010987277132788|19|0.632157225112252|1.125|TotalCurrentLiabilitiesChange,35
1240|12.010987277132788|19|0.632157225112252|1.125|TotalCurrentLiabilitiesChange,35
1245|12.010987277132788|19|0.632157225112252|1.125|TotalCurrentLiabilitiesChange,35
1250|12.010987277132788|19|0.632157225112252|1.125|TotalCurrentLiabilitiesChange,35
1255|12.010987277132788|19|0.632157225112252|1.125|TotalCurrentLiabilitiesChange,35
1260|12.010987277132788|19|0.632157225112252|1.125|TotalCurrentLiabilitiesChange,35
1265|12.010987277132788|19|0.632157225112252|1.125|TotalCurrentLiabilitiesChange,35
1270|12.010987277132788|19|0.632157225112252|1.125|TotalCurrentLiabilitiesChange,35
1275|12.010987277132788|19|0.632157225112252|1.125|TotalCurrentLiabilitiesChange,35
1280|12.010987277132788|19|0.632157225112252|1.125|TotalCurrentLiabilitiesChange,35
1285|12.010987277132788|19|0.632157225112252|1.125|TotalCurrentLiabilitiesChange,35
1290|12.010987277132788|19|0.632157225112252|1.125|TotalCurrentLiabilitiesChange,35
1295|12.010987277132788|19|0.632157225112252|1.125|TotalCurrentLiabilitiesChange,35
1300|12.010987277132788|19|0.632157225112252|1.125|TotalCurrentLiabilitiesChange,35
1305|12.010987277132788|19|0.632157225112252|1.125|TotalCurrentLiabilitiesChange,35
1310|12.010987277132788|19|0.632157225112252|1.125|TotalCurrentLiabilitiesChange,35
1315|12.010987277132788|19|0.632157225112252|1.125|TotalCurrentLiabilitiesChange,35
1320|12.010987277132788|19|0.632157225112252|1.125|TotalCurrentLiabilitiesChange,35
1325|12.010987277132788|19|0.632157225112252|1.125|TotalCurrentLiabilitiesChange,35
1330|12.010987277132788|19|0.632157225112252|1.125|TotalCurrentLiabilitiesChange,35
1335|12.010987277132788|19|0.632157225112252|1.125|TotalCurrentLiabilitiesChange,35
1340|12.010987277132788|19|0.632157225112252|1.125|TotalCurrentLiabilitiesChange,35
1345|12.010987277132788|19|0.632157225112252|1.125|TotalCurrentLiabilitiesChange,35
1350|12.010987277132788|19|0.632157225112252|1.125|TotalCurrentLiabilitiesChange,35
1355|12.010987277132788|19|0.632157225112252|1.125|TotalCurrentLiabilitiesChange,35
1360|12.010987277132788|19|0.632157225112252|1.125|TotalCurrentLiabilitiesChange,35
1365|12.010987277132788|19|0.632157225112252|1.125|TotalCurrentLiabilitiesChange,35
1370|12.010987277132788|19|0.632157225112252|1.125|TotalCurrentLiabilitiesChange,35
1375|12.010987277132788|19|0.632157225112252|1.125|TotalCurrentLiabilitiesChange,35
1380|12.010987277132788|19|0.632157225112252|1.125|TotalCurrentLiabilitiesChange,35
1385|12.010987277132788|19|0.632157225112252|1.125|TotalCurrentLiabilitiesChange,35
1390|12.010987277132788|19|0.632157225112252|1.125|TotalCurrentLiabilitiesChange,35
1395|12.010987277132788|19|0.632157225112252|1.125|TotalCurrentLiabilitiesChange,35
1400|12.010987277132788|19|0.632157225112252|1.125|TotalCurrentLiabilitiesChange,35
1405|12.010987277132788|19|0.632157225112252|1.125|TotalCurrentLiabilitiesChange,35
1410|12.010987277132788|19|0.632157225112252|1.125|TotalCurrentLiabilitiesChange,35
1415|12.010987277132788|19|0.632157225112252|1.125|TotalCurrentLiabilitiesChange,35
1420|12.010987277132788|19|0.632157225112252|1.125|TotalCurrentLiabilitiesChange,35
1425|12.010987277132788|19|0.632157225112252|1.125|TotalCurrentLiabilitiesChange,35
1430|12.010987277132788|19|0.632157225112252|1.125|TotalCurrentLiabilitiesChange,35
1435|12.010987277132788|19|0.632157225112252|1.125|TotalCurrentLiabilitiesChange,35
1440|12.010987277132788|19|0.632157225112252|1.125|TotalCurrentLiabilitiesChange,35
1445|12.010987277132788|19|0.632157225112252|1.125|TotalCurrentLiabilitiesChange,35
1450|12.010987277132788|19|0.632157225112252|1.125|TotalCurrentLiabilitiesChange,35
1455|12.010987277132788|19|0.632157225112252|1.125|TotalCurrentLiabilitiesChange,35
1460|12.010987277132788|19|0.632157225112252|1.125|TotalCurrentLiabilitiesChange,35
1465|12.010987277132788|19|0.632157225112252|1.125|TotalCurrentLiabilitiesChange,35
1470|12.010987277132788|19|0.632157225112252|1.125|TotalCurrentLiabilitiesChange,35
1475|12.010987277132788|19|0.632157225112252|1.125|TotalCurrentLiabilitiesChange,35
1480|12.010987277132788|19|0.632157225112252|1.125|TotalCurrentLiabilitiesChange,35
1485|12.010987277132788|19|0.632157225112252|1.125|TotalCurrentLiabilitiesChange,35
1490|12.010987277132788|19|0.632157225112252|1.125|TotalCurrentLiabilitiesChange,35
1495|12.010987277132788|19|0.632157225112252|1.125|TotalCurrentLiabilitiesChange,35
1500|12.010987277132788|19|0.632157225112252|1.125|TotalCurrentLiabilitiesChange,35
1505|12.010987277132788|19|0.632157225112252|1.125|TotalCurrentLiabilitiesChange,35
1510|12.010987277132788|19|0.632157225112252|1.125|TotalCurrentLiabilitiesChange,35
1515|12.010987277132788|19|0.632157225112252|1.125|TotalCurrentLiabilitiesChange,35
1520|12.010987277132788|19|0.632157225112252|1.125|TotalCurrentLiabilitiesChange,35
1525|12.010987277132788|19|0.632157225112252|1.125|TotalCurrentLiabilitiesChange,35
1530|12.010987277132788|19|0.632157225112252|1.125|TotalCurrentLiabilitiesChange,35
1535|12.010987277132788|19|0.632157225112252|1.125|TotalCurrentLiabilitiesChange,35
1540|12.010987277132788|19|0.632157225112252|1.125|TotalCurrentLiabilitiesChange,35
1545|12.010987277132788|19|0.632157225112252|1.125|TotalCurrentLiabilitiesChange,35
1550|12.010987277132788|19|0.632157225112252|1.125|TotalCurrentLiabilitiesChange,35
1555|12.010987277132788|19|0.632157225112252|1.125|TotalCurrentLiabilitiesChange,35
1560|12.010987277132788|19|0.632157225112252|1.125|TotalCurrentLiabilitiesChange,35
1565|12.010987277132788|19|0.632157225112252|1.125|TotalCurrentLiabilitiesChange,35
1570|12.010987277132788|19|0.632157225112252|1.125|TotalCurrentLiabilitiesChange,35
1575|12.010987277132788|19|0.632157225112252|1.125|TotalCurrentLiabilitiesChange,35
1580|12.010987277132788|19|0.632157225112252|1.125|TotalCurrentLiabilitiesChange,35
1585|12.010987277132788|19|0.632157225112252|1.125|TotalCurrentLiabilitiesChange,35
1590|12.010987277132788|19|0.632157225112252|1.125|TotalCurrentLiabilitiesChange,35
1595|12.010987277132788|19|0.632157225112252|1.125|TotalCurrentLiabilitiesChange,35
1600|12.010987277132788|19|0.632157225112252|1.125|TotalCurrentLiabilitiesChange,35
1605|12.010987277132788|19|0.632157225112252|1.125|TotalCurrentLiabilitiesChange,35
1610|12.010987277132788|19|0.632157225112252|1.125|TotalCurrentLiabilitiesChange,35
1615|12.010987277132788|19|0.632157225112252|1.125|TotalCurrentLiabilitiesChange,35
1620|12.010987277132788|19|0.632157225112252|1.125|TotalCurrentLiabilitiesChange,35
1625|12.010987277132788|19|0.632157225112252|1.125|TotalCurrentLiabilitiesChange,35
1630|12.010987277132788|19|0.632157225112252|1.125|TotalCurrentLiabilitiesChange,35
1635|12.010987277132788|19|0.632157225112252|1.125|TotalCurrentLiabilitiesChange,35
1640|12.010987277132788|19|0.632157225112252|1.125|TotalCurrentLiabilitiesChange,35
1645|12.010987277132788|19|0.632157225112252|1.125|TotalCurrentLiabilitiesChange,35
1650|12.010987277132788|19|0.632157225112252|1.125|TotalCurrentLiabilitiesChange,35
1655|12.010987277132788|19|0.632157225112252|1.125|TotalCurrentLiabilitiesChange,35
1660|12.010987277132788|19|0.632157225112252|1.125|TotalCurrentLiabilitiesChange,35
1665|12.010987277132788|19|0.632157225112252|1.125|TotalCurrentLiabilitiesChange,35
1670|12.010987277132788|19|0.632157225112252|1.125|TotalCurrentLiabilitiesChange,35
1675|12.010987277132788|19|0.632157225112252|1.125|TotalCurrentLiabilitiesChange,35
1680|12.010987277132788|19|0.632157225112252|1.125|TotalCurrentLiabilitiesChange,35
1685|12.010987277132788|19|0.632157225112252|1.125|TotalCurrentLiabilitiesChange,35
1690|12.010987277132788|19|0.632157225112252|1.125|TotalCurrentLiabilitiesChange,35
1695|12.010987277132788|19|0.632157225112252|1.125|TotalCurrentLiabilitiesChange,35
1700|12.010987277132788|19|0.632157225112252|1.125|TotalCurrentLiabilitiesChange,35
1705|12.010987277132788|19|0.632157225112252|1.125|TotalCurrentLiabilitiesChange,35
1710|12.010987277132788|19|0.632157225112252|1.125|TotalCurrentLiabilitiesChange,35
1715|12.010987277132788|19|0.632157225112252|1.125|TotalCurrentLiabilitiesChange,35
1720|12.010987277132788|19|0.632157225112252|1.125|TotalCurrentLiabilitiesChange,35
1725|12.010987277132788|19|0.632157225112252|1.125|TotalCurrentLiabilitiesChange,35
1730|12.010987277132788|19|0.632157225112252|1.125|TotalCurrentLiabilitiesChange,35
1735|12.010987277132788|19|0.632157225112252|1.125|TotalCurrentLiabilitiesChange,35
1740|12.010987277132788|19|0.632157225112252|1.125|TotalCurrentLiabilitiesChange,35
1745|12.010987277132788|19|0.632157225112252|1.125|TotalCurrentLiabilitiesChange,35
1750|12.010987277132788|19|0.632157225112252|1.125|TotalCurrentLiabilitiesChange,35
1755|12.010987277132788|19|0.632157225112252|1.125|TotalCurrentLiabilitiesChange,35
1760|12.010987277132788|19|0.632157225112252|1.125|TotalCurrentLiabilitiesChange,35
1765|12.010987277132788|19|0.632157225112252|1.125|TotalCurrentLiabilitiesChange,35
1770|12.010987277132788|19|0.632157225112252|1.125|TotalCurrentLiabilitiesChange,35
1775|12.010987277132788|19|0.632157225112252|1.125|TotalCurrentLiabilitiesChange,35
1780|12.010987277132788|19|0.632157225112252|1.125|TotalCurrentLiabilitiesChange,35
1785|12.010987277132788|19|0.632157225112252|1.125|TotalCurrentLiabilitiesChange,35
1790|12.010987277132788|19|0.632157225112252|1.125|TotalCurrentLiabilitiesChange,35
1795|12.010987277132788|19|0.632157225112252|1.125|TotalCurrentLiabilitiesChange,35
1800|12.010987277132788|19|0.632157225112252|1.125|TotalCurrentLiabilitiesChange,35
1805|12.010987277132788|19|0.632157225112252|1.125|TotalCurrentLiabilitiesChange,35
1810|12.010987277132788|19|0.632157225112252|1.125|TotalCurrentLiabilitiesChange,35
1815|12.010987277132788|19|0.632157225112252|1.125|TotalCurrentLiabilitiesChange,35
1820|12.010987277132788|19|0.632157225112252|1.125|TotalCurrentLiabilitiesChange,35
1825|12.010987277132788|19|0.632157225112252|1.125|TotalCurrentLiabilitiesChange,35
1830|12.010987277132788|19|0.632157225112252|1.125|TotalCurrentLiabilitiesChange,35
1835|12.010987277132788|19|0.632157225112252|1.125|TotalCurrentLiabilitiesChange,35
1840|12.010987277132788|19|0.632157225112252|1.125|TotalCurrentLiabilitiesChange,35
1845|12.010987277132788|19|0.632157225112252|1.125|TotalCurrentLiabilitiesChange,35
1850|12.010987277132788|19|0.632157225112252|1.125|TotalCurrentLiabilitiesChange,35
1855|12.010987277132788|19|0.632157225112252|1.125|TotalCurrentLiabilitiesChange,35
1860|12.010987277132788|19|0.632157225112252|1.125|TotalCurrentLiabilitiesChange,35
1865|12.010987277132788|19|0.632157225112252|1.125|TotalCurrentLiabilitiesChange,35
1870|12.010987277132788|19|0.632157225112252|1.125|TotalCurrentLiabilitiesChange,35
1875|12.010987277132788|19|0.632157225112252|1.125|TotalCurrentLiabilitiesChange,35
1880|12.010987277132788|19|0.632157225112252|1.125|TotalCurrentLiabilitiesChange,35
1885|12.010987277132788|19|0.632157225112252|1.125|TotalCurrentLiabilitiesChange,35
1890|12.010987277132788|19|0.632157225112252|1.125|TotalCurrentLiabilitiesChange,35
1895|12.010987277132788|19|0.632157225112252|1.125|TotalCurrentLiabilitiesChange,35
1900|12.010987277132788|19|0.632157225112252|1.125|TotalCurrentLiabilitiesChange,35
1905|12.010987277132788|19|0.632157225112252|1.125|TotalCurrentLiabilitiesChange,35
1910|12.010987277132788|19|0.632157225112252|1.125|TotalCurrentLiabilitiesChange,35
1915|12.010987277132788|19|0.632157225112252|1.125|TotalCurrentLiabilitiesChange,35
1920|12.010987277132788|19|0.632157225112252|1.125|TotalCurrentLiabilitiesChange,35
1925|12.010987277132788|19|0.632157225112252|1.125|TotalCurrentLiabilitiesChange,35
1930|12.010987277132788|19|0.632157225112252|1.125|TotalCurrentLiabilitiesChange,35
1935|12.010987277132788|19|0.632157225112252|1.125|TotalCurrentLiabilitiesChange,35
1940|12.010987277132788|19|0.632157225112252|1.125|TotalCurrentLiabilitiesChange,35
1945|12.010987277132788|19|0.632157225112252|1.125|TotalCurrentLiabilitiesChange,35
1950|12.010987277132788|19|0.632157225112252|1.125|TotalCurrentLiabilitiesChange,35
1955|12.010987277132788|19|0.632157225112252|1.125|TotalCurrentLiabilitiesChange,35
1960|12.010987277132788|19|0.632157225112252|1.125|TotalCurrentLiabilitiesChange,35
1965|12.010987277132788|19|0.632157225112252|1.125|TotalCurrentLiabilitiesChange,35
1970|12.010987277132788|19|0.632157225112252|1.125|TotalCurrentLiabilitiesChange,35
1975|12.010987277132788|19|0.632157225112252|1.125|TotalCurrentLiabilitiesChange,35
1980|12.010987277132788|19|0.632157225112252|1.125|TotalCurrentLiabilitiesChange,35
1985|12.010987277132788|19|0.632157225112252|1.125|TotalCurrentLiabilitiesChange,35
1990|12.010987277132788|19|0.632157225112252|1.125|TotalCurrentLiabilitiesChange,35
1995|12.010987277132788|19|0.632157225112252|1.125|TotalCurrentLiabilitiesChange,35
2000|12.010987277132788|19|0.632157225112252|1.125|TotalCurrentLiabilitiesChange,35
