#########################################################
# Algorithm Parameters #
# Generations = 2000
# Population size = 100
# Resolution = 5
#########################################################
# Financial Parameters #
# Quarter = 4
# Crossover probabilities = 0.75 -> 0.25
# Mutation start probabilities = 0.9,0.0,0.6,0.5,0.6,0.9
# Mutation end probabilities = 0.4,0.4,0.1,0.1,0.1,0.4
######################################################### 
0|7.176815632314756|7|1.025259376044965|1.5|OperatingMargin09,3
5|8.020729896770494|5|1.6041459793540986|1.0|OperatingMargin10,4
10|10.289212473344264|19|0.5415374985970666|1.2857142857142858|OperatingMargin09,3
15|10.289212473344264|19|0.5415374985970666|1.2857142857142858|OperatingMargin09,3
20|13.634334232681963|25|0.5453733693072785|1.2|OperatingMargin09,3
25|13.699151798242616|23|0.5956152955757659|1.5714285714285714|OperatingMargin09,3
30|13.699151798242616|23|0.5956152955757659|1.5714285714285714|OperatingMargin09,3
35|13.929664486390159|25|0.5571865794556063|1.2|OperatingMargin09,3
40|13.929664486390159|25|0.5571865794556063|1.2|OperatingMargin09,3
45|14.278953846573767|33|0.432695571108296|1.4545454545454546|CapExSales09,27
50|14.343771412134423|25|0.5737508564853769|1.2|OperatingMargin09,3
55|14.343771412134423|25|0.5737508564853769|1.2|OperatingMargin09,3
60|14.551168646898358|35|0.41574767562566733|1.3076923076923077|CapExSales09,27
65|14.551168646898358|35|0.41574767562566733|1.3076923076923077|CapExSales09,27
70|14.551168646898358|35|0.41574767562566733|1.3076923076923077|CapExSales09,27
75|15.339506224272128|39|0.39332067241723406|1.3571428571428572|CapExSales09,27
80|15.339506224272128|35|0.43827160640777507|1.4166666666666667|CapExSales09,27
85|15.404323789832784|39|0.3949826612777637|1.4615384615384615|CapExSales09,27
90|15.404323789832784|39|0.3949826612777637|1.4615384615384615|CapExSales09,27
95|15.404323789832784|35|0.44012353685236527|1.3076923076923077|CapExSales09,27
100|15.521107274399995|35|0.44346020783999984|1.4166666666666667|CapExSales09,27
105|15.58592483996065|37|0.4212412118908284|1.2857142857142858|OperatingMargin09,3
110|15.58592483996065|37|0.4212412118908284|1.2857142857142858|OperatingMargin09,3
115|15.58592483996065|35|0.44531213828459004|1.3076923076923077|CapExSales09,27
120|15.58592483996065|35|0.44531213828459004|1.3076923076923077|CapExSales09,27
125|15.58592483996065|35|0.44531213828459004|1.3076923076923077|CapExSales09,27
130|15.58592483996065|35|0.44531213828459004|1.3076923076923077|CapExSales09,27
135|15.58592483996065|35|0.44531213828459004|1.3076923076923077|CapExSales09,27
140|15.58592483996065|35|0.44531213828459004|1.3076923076923077|CapExSales09,27
145|15.58592483996065|35|0.44531213828459004|1.3076923076923077|CapExSales09,27
150|15.58592483996065|35|0.44531213828459004|1.3076923076923077|CapExSales09,27
155|15.58592483996065|35|0.44531213828459004|1.3076923076923077|CapExSales09,27
160|15.58592483996065|35|0.44531213828459004|1.3076923076923077|CapExSales09,27
165|15.58592483996065|35|0.44531213828459004|1.3076923076923077|CapExSales09,27
170|15.58592483996065|35|0.44531213828459004|1.3076923076923077|CapExSales09,27
175|15.58592483996065|35|0.44531213828459004|1.3076923076923077|CapExSales09,27
180|15.58592483996065|35|0.44531213828459004|1.3076923076923077|CapExSales09,27
185|15.736182151885243|37|0.4253022203212228|1.3846153846153846|CapExSales09,27
190|15.736182151885243|37|0.4253022203212228|1.3846153846153846|CapExSales09,27
195|15.736182151885243|37|0.4253022203212228|1.3846153846153846|CapExSales09,27
200|15.736182151885243|37|0.4253022203212228|1.3846153846153846|CapExSales09,27
205|15.736182151885243|37|0.4253022203212228|1.3846153846153846|CapExSales09,27
210|15.736182151885243|37|0.4253022203212228|1.3846153846153846|CapExSales09,27
215|15.736182151885243|35|0.4496052043395784|1.3076923076923077|OperatingMargin09,3
220|15.736182151885243|35|0.4496052043395784|1.3076923076923077|OperatingMargin09,3
225|15.736182151885243|35|0.4496052043395784|1.3076923076923077|OperatingMargin09,3
230|15.736182151885243|35|0.4496052043395784|1.3076923076923077|OperatingMargin09,3
235|15.82310459349836|37|0.4276514754999557|1.3846153846153846|OperatingMargin09,3
240|15.82310459349836|37|0.4276514754999557|1.3846153846153846|OperatingMargin09,3
245|16.12946125411475|37|0.4359313852463446|1.2|OperatingMargin09,3
250|16.18573375509508|41|0.39477399402670926|1.25|OperatingMargin09,3
255|16.19676016200328|43|0.37666884097682046|1.4|SGAExpenses09,12
260|16.19676016200328|43|0.37666884097682046|1.4|SGAExpenses09,12
265|16.492090415711473|45|0.36649089812692165|1.2941176470588236|OperatingMargin09,3
270|16.492090415711473|45|0.36649089812692165|1.2941176470588236|OperatingMargin09,3
275|16.792945328295083|47|0.35729670911266137|1.3529411764705883|OperatingMargin09,3
280|16.792945328295083|47|0.35729670911266137|1.3529411764705883|OperatingMargin09,3
285|16.792945328295083|47|0.35729670911266137|1.3529411764705883|OperatingMargin09,3
290|16.792945328295083|45|0.37317656285100187|1.2941176470588236|OperatingMargin09,3
295|16.792945328295083|43|0.39053361228593214|1.3125|OperatingMargin09,3
300|16.792945328295083|43|0.39053361228593214|1.3125|OperatingMargin09,3
305|16.92664145162951|47|0.36014130748147893|1.4375|OperatingMargin09,3
310|16.92664145162951|47|0.36014130748147893|1.4375|OperatingMargin09,3
315|16.92664145162951|47|0.36014130748147893|1.4375|OperatingMargin09,3
320|16.92664145162951|45|0.3761475878139891|1.375|OperatingMargin09,3
325|16.92664145162951|45|0.3761475878139891|1.375|OperatingMargin09,3
330|17.00832699047213|47|0.3618792976696198|1.3529411764705883|OperatingMargin09,3
335|17.00832699047213|47|0.3618792976696198|1.3529411764705883|OperatingMargin09,3
340|17.00832699047213|47|0.3618792976696198|1.3529411764705883|OperatingMargin09,3
345|17.00832699047213|47|0.3618792976696198|1.3529411764705883|OperatingMargin09,3
350|17.00832699047213|45|0.3779628220104918|1.375|OperatingMargin09,3
355|17.00832699047213|45|0.3779628220104918|1.375|OperatingMargin09,3
360|17.00832699047213|45|0.3779628220104918|1.375|OperatingMargin09,3
365|17.00832699047213|43|0.3955424881505147|1.4|OperatingMargin09,3
370|17.00832699047213|43|0.3955424881505147|1.4|OperatingMargin09,3
375|17.00832699047213|43|0.3955424881505147|1.4|OperatingMargin09,3
380|17.00832699047213|43|0.3955424881505147|1.4|OperatingMargin09,3
385|17.00832699047213|43|0.3955424881505147|1.4|OperatingMargin09,3
390|17.00832699047213|41|0.414837243670052|1.25|OperatingMargin09,3
395|17.00832699047213|39|0.4361109484736444|1.3571428571428572|OperatingMargin09,3
400|17.00832699047213|39|0.4361109484736444|1.3571428571428572|OperatingMargin09,3
405|17.00832699047213|39|0.4361109484736444|1.3571428571428572|OperatingMargin09,3
410|17.00832699047213|39|0.4361109484736444|1.3571428571428572|OperatingMargin09,3
415|17.00832699047213|39|0.4361109484736444|1.3571428571428572|OperatingMargin09,3
420|17.00832699047213|39|0.4361109484736444|1.3571428571428572|OperatingMargin09,3
425|17.00832699047213|39|0.4361109484736444|1.3571428571428572|OperatingMargin09,3
430|17.00832699047213|37|0.45968451325600357|1.3846153846153846|OperatingMargin09,3
435|17.00832699047213|37|0.45968451325600357|1.3846153846153846|OperatingMargin09,3
440|17.00832699047213|37|0.45968451325600357|1.3846153846153846|OperatingMargin09,3
445|17.00832699047213|37|0.45968451325600357|1.3846153846153846|OperatingMargin09,3
450|17.00832699047213|35|0.4859521997277752|1.3076923076923077|OperatingMargin09,3
455|17.00832699047213|35|0.4859521997277752|1.3076923076923077|OperatingMargin09,3
460|17.00832699047213|35|0.4859521997277752|1.3076923076923077|OperatingMargin09,3
465|17.00832699047213|35|0.4859521997277752|1.3076923076923077|OperatingMargin09,3
470|17.00832699047213|35|0.4859521997277752|1.3076923076923077|OperatingMargin09,3
475|17.00832699047213|35|0.4859521997277752|1.3076923076923077|OperatingMargin09,3
480|17.00832699047213|35|0.4859521997277752|1.3076923076923077|OperatingMargin09,3
485|17.00832699047213|35|0.4859521997277752|1.3076923076923077|OperatingMargin09,3
490|17.00832699047213|35|0.4859521997277752|1.3076923076923077|OperatingMargin09,3
495|17.00832699047213|35|0.4859521997277752|1.3076923076923077|OperatingMargin09,3
500|17.00832699047213|35|0.4859521997277752|1.3076923076923077|OperatingMargin09,3
505|17.00832699047213|33|0.5154038481961252|1.2307692307692308|OperatingMargin09,3
510|17.00832699047213|33|0.5154038481961252|1.2307692307692308|OperatingMargin09,3
515|17.00832699047213|33|0.5154038481961252|1.2307692307692308|OperatingMargin09,3
520|17.00832699047213|33|0.5154038481961252|1.2307692307692308|OperatingMargin09,3
525|17.086132512855738|37|0.4617873652123172|1.2857142857142858|OperatingMargin09,3
530|17.086132512855738|37|0.4617873652123172|1.2857142857142858|OperatingMargin09,3
535|17.086132512855738|37|0.4617873652123172|1.2857142857142858|OperatingMargin09,3
540|17.086132512855738|37|0.4617873652123172|1.2857142857142858|OperatingMargin09,3
545|17.086132512855738|35|0.48817521465302105|1.3076923076923077|OperatingMargin09,3
550|17.086132512855738|35|0.48817521465302105|1.3076923076923077|OperatingMargin09,3
555|17.086132512855738|35|0.48817521465302105|1.3076923076923077|OperatingMargin09,3
560|17.086132512855738|35|0.48817521465302105|1.3076923076923077|OperatingMargin09,3
565|17.086132512855738|35|0.48817521465302105|1.3076923076923077|OperatingMargin09,3
570|17.086132512855738|33|0.5177615912986587|1.2307692307692308|OperatingMargin09,3
575|17.086132512855738|33|0.5177615912986587|1.2307692307692308|OperatingMargin09,3
580|17.086132512855738|33|0.5177615912986587|1.2307692307692308|OperatingMargin09,3
585|17.086132512855738|33|0.5177615912986587|1.2307692307692308|OperatingMargin09,3
590|17.086132512855738|33|0.5177615912986587|1.2307692307692308|OperatingMargin09,3
595|17.086132512855738|33|0.5177615912986587|1.2307692307692308|OperatingMargin09,3
600|17.086132512855738|33|0.5177615912986587|1.2307692307692308|OperatingMargin09,3
605|17.086132512855738|31|0.5511655649308302|1.25|OperatingMargin09,3
610|17.086132512855738|31|0.5511655649308302|1.25|OperatingMargin09,3
615|17.086132512855738|31|0.5511655649308302|1.25|OperatingMargin09,3
620|17.086132512855738|31|0.5511655649308302|1.25|OperatingMargin09,3
625|17.086132512855738|31|0.5511655649308302|1.25|OperatingMargin09,3
630|17.086132512855738|31|0.5511655649308302|1.25|OperatingMargin09,3
635|17.086132512855738|31|0.5511655649308302|1.25|OperatingMargin09,3
640|17.086132512855738|31|0.5511655649308302|1.25|OperatingMargin09,3
645|17.086132512855738|31|0.5511655649308302|1.25|OperatingMargin09,3
650|17.086132512855738|31|0.5511655649308302|1.25|OperatingMargin09,3
655|17.086132512855738|31|0.5511655649308302|1.25|OperatingMargin09,3
660|17.086132512855738|31|0.5511655649308302|1.25|OperatingMargin09,3
665|17.086132512855738|31|0.5511655649308302|1.25|OperatingMargin09,3
670|17.086132512855738|31|0.5511655649308302|1.25|OperatingMargin09,3
675|17.086132512855738|31|0.5511655649308302|1.25|OperatingMargin09,3
680|17.086132512855738|31|0.5511655649308302|1.25|OperatingMargin09,3
685|17.086132512855738|31|0.5511655649308302|1.25|OperatingMargin09,3
690|17.086132512855738|31|0.5511655649308302|1.25|OperatingMargin09,3
695|17.086132512855738|31|0.5511655649308302|1.25|OperatingMargin09,3
700|17.086132512855738|31|0.5511655649308302|1.25|OperatingMargin09,3
705|17.15339957967541|33|0.5197999872628911|1.1428571428571428|OperatingMargin09,3
710|17.15339957967541|33|0.5197999872628911|1.1428571428571428|OperatingMargin09,3
715|17.15339957967541|33|0.5197999872628911|1.1428571428571428|OperatingMargin09,3
720|17.15339957967541|33|0.5197999872628911|1.1428571428571428|OperatingMargin09,3
725|17.274759990734427|35|0.4935645711638408|1.1333333333333333|OperatingMargin09,3
730|17.274759990734427|35|0.4935645711638408|1.1333333333333333|OperatingMargin09,3
735|17.274759990734427|33|0.5234775754768008|1.1428571428571428|OperatingMargin09,3
740|17.274759990734427|33|0.5234775754768008|1.1428571428571428|OperatingMargin09,3
745|17.274759990734427|33|0.5234775754768008|1.1428571428571428|OperatingMargin09,3
750|17.274759990734427|33|0.5234775754768008|1.1428571428571428|OperatingMargin09,3
755|17.274759990734427|33|0.5234775754768008|1.1428571428571428|OperatingMargin09,3
760|17.274759990734427|33|0.5234775754768008|1.1428571428571428|OperatingMargin09,3
765|17.274759990734427|33|0.5234775754768008|1.1428571428571428|OperatingMargin09,3
770|17.274759990734427|33|0.5234775754768008|1.1428571428571428|OperatingMargin09,3
775|17.274759990734427|31|0.5572503222817557|1.1538461538461537|OperatingMargin09,3
780|17.274759990734427|31|0.5572503222817557|1.1538461538461537|OperatingMargin09,3
785|17.274759990734427|31|0.5572503222817557|1.1538461538461537|OperatingMargin09,3
790|17.274759990734427|31|0.5572503222817557|1.1538461538461537|OperatingMargin09,3
795|17.274759990734427|31|0.5572503222817557|1.1538461538461537|OperatingMargin09,3
800|17.274759990734427|31|0.5572503222817557|1.1538461538461537|OperatingMargin09,3
805|17.274759990734427|31|0.5572503222817557|1.1538461538461537|OperatingMargin09,3
810|17.274759990734427|31|0.5572503222817557|1.1538461538461537|OperatingMargin09,3
815|17.274759990734427|31|0.5572503222817557|1.1538461538461537|OperatingMargin09,3
820|17.274759990734427|31|0.5572503222817557|1.1538461538461537|OperatingMargin09,3
825|17.274759990734427|31|0.5572503222817557|1.1538461538461537|OperatingMargin09,3
830|17.274759990734427|31|0.5572503222817557|1.1538461538461537|OperatingMargin09,3
835|17.274759990734427|31|0.5572503222817557|1.1538461538461537|OperatingMargin09,3
840|17.274759990734427|31|0.5572503222817557|1.1538461538461537|OperatingMargin09,3
845|17.274759990734427|31|0.5572503222817557|1.1538461538461537|OperatingMargin09,3
850|17.274759990734427|31|0.5572503222817557|1.1538461538461537|OperatingMargin09,3
855|17.274759990734427|31|0.5572503222817557|1.1538461538461537|OperatingMargin09,3
860|17.274759990734427|31|0.5572503222817557|1.1538461538461537|OperatingMargin09,3
865|17.274759990734427|31|0.5572503222817557|1.1538461538461537|OperatingMargin09,3
870|17.274759990734427|31|0.5572503222817557|1.1538461538461537|OperatingMargin09,3
875|17.274759990734427|31|0.5572503222817557|1.1538461538461537|OperatingMargin09,3
880|17.274759990734427|31|0.5572503222817557|1.1538461538461537|OperatingMargin09,3
885|17.274759990734427|31|0.5572503222817557|1.1538461538461537|OperatingMargin09,3
890|17.274759990734427|31|0.5572503222817557|1.1538461538461537|OperatingMargin09,3
895|17.274759990734427|31|0.5572503222817557|1.1538461538461537|OperatingMargin09,3
900|17.274759990734427|31|0.5572503222817557|1.1538461538461537|OperatingMargin09,3
905|17.274759990734427|31|0.5572503222817557|1.1538461538461537|OperatingMargin09,3
910|17.274759990734427|31|0.5572503222817557|1.1538461538461537|OperatingMargin09,3
915|17.274759990734427|31|0.5572503222817557|1.1538461538461537|OperatingMargin09,3
920|17.274759990734427|31|0.5572503222817557|1.1538461538461537|OperatingMargin09,3
925|17.274759990734427|31|0.5572503222817557|1.1538461538461537|OperatingMargin09,3
930|17.274759990734427|31|0.5572503222817557|1.1538461538461537|OperatingMargin09,3
935|17.274759990734427|31|0.5572503222817557|1.1538461538461537|OperatingMargin09,3
940|17.274759990734427|31|0.5572503222817557|1.1538461538461537|OperatingMargin09,3
945|17.274759990734427|31|0.5572503222817557|1.1538461538461537|OperatingMargin09,3
950|17.274759990734427|31|0.5572503222817557|1.1538461538461537|OperatingMargin09,3
955|17.274759990734427|31|0.5572503222817557|1.1538461538461537|OperatingMargin09,3
960|17.274759990734427|31|0.5572503222817557|1.1538461538461537|OperatingMargin09,3
965|17.274759990734427|31|0.5572503222817557|1.1538461538461537|OperatingMargin09,3
970|17.274759990734427|31|0.5572503222817557|1.1538461538461537|OperatingMargin09,3
975|17.274759990734427|31|0.5572503222817557|1.1538461538461537|OperatingMargin09,3
980|17.274759990734427|31|0.5572503222817557|1.1538461538461537|OperatingMargin09,3
985|17.274759990734427|31|0.5572503222817557|1.1538461538461537|OperatingMargin09,3
990|17.274759990734427|31|0.5572503222817557|1.1538461538461537|OperatingMargin09,3
995|17.274759990734427|31|0.5572503222817557|1.1538461538461537|OperatingMargin09,3
1000|17.274759990734427|31|0.5572503222817557|1.1538461538461537|OperatingMargin09,3
1005|17.274759990734427|31|0.5572503222817557|1.1538461538461537|OperatingMargin09,3
1010|17.274759990734427|31|0.5572503222817557|1.1538461538461537|OperatingMargin09,3
1015|17.274759990734427|31|0.5572503222817557|1.1538461538461537|OperatingMargin09,3
1020|17.274759990734427|31|0.5572503222817557|1.1538461538461537|OperatingMargin09,3
1025|17.274759990734427|31|0.5572503222817557|1.1538461538461537|OperatingMargin09,3
1030|17.274759990734427|31|0.5572503222817557|1.1538461538461537|OperatingMargin09,3
1035|17.274759990734427|31|0.5572503222817557|1.1538461538461537|OperatingMargin09,3
1040|17.274759990734427|31|0.5572503222817557|1.1538461538461537|OperatingMargin09,3
1045|17.274759990734427|31|0.5572503222817557|1.1538461538461537|OperatingMargin09,3
1050|17.274759990734427|31|0.5572503222817557|1.1538461538461537|OperatingMargin09,3
1055|17.274759990734427|31|0.5572503222817557|1.1538461538461537|OperatingMargin09,3
1060|17.274759990734427|29|0.5956813789908423|1.1666666666666667|OperatingMargin09,3
1065|17.274759990734427|29|0.5956813789908423|1.1666666666666667|OperatingMargin09,3
1070|17.274759990734427|29|0.5956813789908423|1.1666666666666667|OperatingMargin09,3
1075|17.274759990734427|29|0.5956813789908423|1.1666666666666667|OperatingMargin09,3
1080|17.274759990734427|29|0.5956813789908423|1.1666666666666667|OperatingMargin09,3
1085|17.274759990734427|29|0.5956813789908423|1.1666666666666667|OperatingMargin09,3
1090|17.274759990734427|29|0.5956813789908423|1.1666666666666667|OperatingMargin09,3
1095|17.274759990734427|29|0.5956813789908423|1.1666666666666667|OperatingMargin09,3
1100|17.274759990734427|29|0.5956813789908423|1.1666666666666667|OperatingMargin09,3
1105|17.274759990734427|29|0.5956813789908423|1.1666666666666667|OperatingMargin09,3
1110|17.274759990734427|29|0.5956813789908423|1.1666666666666667|OperatingMargin09,3
1115|17.274759990734427|29|0.5956813789908423|1.1666666666666667|OperatingMargin09,3
1120|17.274759990734427|29|0.5956813789908423|1.1666666666666667|OperatingMargin09,3
1125|17.274759990734427|29|0.5956813789908423|1.1666666666666667|OperatingMargin09,3
1130|17.274759990734427|29|0.5956813789908423|1.1666666666666667|OperatingMargin09,3
1135|17.274759990734427|29|0.5956813789908423|1.1666666666666667|OperatingMargin09,3
1140|17.274759990734427|29|0.5956813789908423|1.1666666666666667|OperatingMargin09,3
1145|17.274759990734427|29|0.5956813789908423|1.1666666666666667|OperatingMargin09,3
1150|17.274759990734427|29|0.5956813789908423|1.1666666666666667|OperatingMargin09,3
1155|17.274759990734427|29|0.5956813789908423|1.1666666666666667|OperatingMargin09,3
1160|17.274759990734427|29|0.5956813789908423|1.1666666666666667|OperatingMargin09,3
1165|17.274759990734427|29|0.5956813789908423|1.1666666666666667|OperatingMargin09,3
1170|17.274759990734427|29|0.5956813789908423|1.1666666666666667|OperatingMargin09,3
1175|17.274759990734427|29|0.5956813789908423|1.1666666666666667|OperatingMargin09,3
1180|17.274759990734427|29|0.5956813789908423|1.1666666666666667|OperatingMargin09,3
1185|17.274759990734427|29|0.5956813789908423|1.1666666666666667|OperatingMargin09,3
1190|17.274759990734427|29|0.5956813789908423|1.1666666666666667|OperatingMargin09,3
1195|17.274759990734427|29|0.5956813789908423|1.1666666666666667|OperatingMargin09,3
1200|17.274759990734427|29|0.5956813789908423|1.1666666666666667|OperatingMargin09,3
1205|17.274759990734427|29|0.5956813789908423|1.1666666666666667|OperatingMargin09,3
1210|17.274759990734427|29|0.5956813789908423|1.1666666666666667|OperatingMargin09,3
1215|17.274759990734427|29|0.5956813789908423|1.1666666666666667|OperatingMargin09,3
1220|17.274759990734427|29|0.5956813789908423|1.1666666666666667|OperatingMargin09,3
1225|17.274759990734427|29|0.5956813789908423|1.1666666666666667|OperatingMargin09,3
1230|17.274759990734427|29|0.5956813789908423|1.1666666666666667|OperatingMargin09,3
1235|17.274759990734427|29|0.5956813789908423|1.1666666666666667|OperatingMargin09,3
1240|17.274759990734427|29|0.5956813789908423|1.1666666666666667|OperatingMargin09,3
1245|17.274759990734427|29|0.5956813789908423|1.1666666666666667|OperatingMargin09,3
1250|17.274759990734427|29|0.5956813789908423|1.1666666666666667|OperatingMargin09,3
1255|17.274759990734427|29|0.5956813789908423|1.1666666666666667|OperatingMargin09,3
1260|17.274759990734427|29|0.5956813789908423|1.1666666666666667|OperatingMargin09,3
1265|17.274759990734427|29|0.5956813789908423|1.1666666666666667|OperatingMargin09,3
1270|17.274759990734427|29|0.5956813789908423|1.1666666666666667|OperatingMargin09,3
1275|17.274759990734427|29|0.5956813789908423|1.1666666666666667|OperatingMargin09,3
1280|17.274759990734427|29|0.5956813789908423|1.1666666666666667|OperatingMargin09,3
1285|17.274759990734427|29|0.5956813789908423|1.1666666666666667|OperatingMargin09,3
1290|17.274759990734427|29|0.5956813789908423|1.1666666666666667|OperatingMargin09,3
1295|17.274759990734427|29|0.5956813789908423|1.1666666666666667|OperatingMargin09,3
1300|17.274759990734427|29|0.5956813789908423|1.1666666666666667|OperatingMargin09,3
1305|17.274759990734427|29|0.5956813789908423|1.1666666666666667|OperatingMargin09,3
1310|17.274759990734427|29|0.5956813789908423|1.1666666666666667|OperatingMargin09,3
1315|17.274759990734427|29|0.5956813789908423|1.1666666666666667|OperatingMargin09,3
1320|17.274759990734427|29|0.5956813789908423|1.1666666666666667|OperatingMargin09,3
1325|17.274759990734427|29|0.5956813789908423|1.1666666666666667|OperatingMargin09,3
1330|17.274759990734427|29|0.5956813789908423|1.1666666666666667|OperatingMargin09,3
1335|17.274759990734427|29|0.5956813789908423|1.1666666666666667|OperatingMargin09,3
1340|17.274759990734427|29|0.5956813789908423|1.1666666666666667|OperatingMargin09,3
1345|17.274759990734427|29|0.5956813789908423|1.1666666666666667|OperatingMargin09,3
1350|17.274759990734427|29|0.5956813789908423|1.1666666666666667|OperatingMargin09,3
1355|17.274759990734427|29|0.5956813789908423|1.1666666666666667|OperatingMargin09,3
1360|17.274759990734427|29|0.5956813789908423|1.1666666666666667|OperatingMargin09,3
1365|17.274759990734427|29|0.5956813789908423|1.1666666666666667|OperatingMargin09,3
1370|17.274759990734427|29|0.5956813789908423|1.1666666666666667|OperatingMargin09,3
1375|17.274759990734427|29|0.5956813789908423|1.1666666666666667|OperatingMargin09,3
1380|17.274759990734427|29|0.5956813789908423|1.1666666666666667|OperatingMargin09,3
1385|17.274759990734427|29|0.5956813789908423|1.1666666666666667|OperatingMargin09,3
1390|17.274759990734427|29|0.5956813789908423|1.1666666666666667|OperatingMargin09,3
1395|17.274759990734427|29|0.5956813789908423|1.1666666666666667|OperatingMargin09,3
1400|17.274759990734427|29|0.5956813789908423|1.1666666666666667|OperatingMargin09,3
1405|17.274759990734427|29|0.5956813789908423|1.1666666666666667|OperatingMargin09,3
1410|17.274759990734427|29|0.5956813789908423|1.1666666666666667|OperatingMargin09,3
1415|17.274759990734427|29|0.5956813789908423|1.1666666666666667|OperatingMargin09,3
1420|17.274759990734427|29|0.5956813789908423|1.1666666666666667|OperatingMargin09,3
1425|17.274759990734427|29|0.5956813789908423|1.1666666666666667|OperatingMargin09,3
1430|17.274759990734427|29|0.5956813789908423|1.1666666666666667|OperatingMargin09,3
1435|17.274759990734427|29|0.5956813789908423|1.1666666666666667|OperatingMargin09,3
1440|17.274759990734427|29|0.5956813789908423|1.1666666666666667|OperatingMargin09,3
1445|17.274759990734427|29|0.5956813789908423|1.1666666666666667|OperatingMargin09,3
1450|17.274759990734427|29|0.5956813789908423|1.1666666666666667|OperatingMargin09,3
1455|17.274759990734427|29|0.5956813789908423|1.1666666666666667|OperatingMargin09,3
1460|17.274759990734427|29|0.5956813789908423|1.1666666666666667|OperatingMargin09,3
1465|17.274759990734427|29|0.5956813789908423|1.1666666666666667|OperatingMargin09,3
1470|17.274759990734427|29|0.5956813789908423|1.1666666666666667|OperatingMargin09,3
1475|17.274759990734427|29|0.5956813789908423|1.1666666666666667|OperatingMargin09,3
1480|17.274759990734427|29|0.5956813789908423|1.1666666666666667|OperatingMargin09,3
1485|17.274759990734427|29|0.5956813789908423|1.1666666666666667|OperatingMargin09,3
1490|17.274759990734427|29|0.5956813789908423|1.1666666666666667|OperatingMargin09,3
1495|17.274759990734427|29|0.5956813789908423|1.1666666666666667|OperatingMargin09,3
1500|17.274759990734427|29|0.5956813789908423|1.1666666666666667|OperatingMargin09,3
1505|17.274759990734427|29|0.5956813789908423|1.1666666666666667|OperatingMargin09,3
1510|17.274759990734427|29|0.5956813789908423|1.1666666666666667|OperatingMargin09,3
1515|17.274759990734427|29|0.5956813789908423|1.1666666666666667|OperatingMargin09,3
1520|17.274759990734427|29|0.5956813789908423|1.1666666666666667|OperatingMargin09,3
1525|17.274759990734427|29|0.5956813789908423|1.1666666666666667|OperatingMargin09,3
1530|17.274759990734427|29|0.5956813789908423|1.1666666666666667|OperatingMargin09,3
1535|17.274759990734427|29|0.5956813789908423|1.1666666666666667|OperatingMargin09,3
1540|17.274759990734427|29|0.5956813789908423|1.1666666666666667|OperatingMargin09,3
1545|17.274759990734427|29|0.5956813789908423|1.1666666666666667|OperatingMargin09,3
1550|17.274759990734427|29|0.5956813789908423|1.1666666666666667|OperatingMargin09,3
1555|17.274759990734427|29|0.5956813789908423|1.1666666666666667|OperatingMargin09,3
1560|17.274759990734427|29|0.5956813789908423|1.1666666666666667|OperatingMargin09,3
1565|17.274759990734427|29|0.5956813789908423|1.1666666666666667|OperatingMargin09,3
1570|17.274759990734427|29|0.5956813789908423|1.1666666666666667|OperatingMargin09,3
1575|17.274759990734427|29|0.5956813789908423|1.1666666666666667|OperatingMargin09,3
1580|17.274759990734427|29|0.5956813789908423|1.1666666666666667|OperatingMargin09,3
1585|17.274759990734427|29|0.5956813789908423|1.1666666666666667|OperatingMargin09,3
1590|17.274759990734427|29|0.5956813789908423|1.1666666666666667|OperatingMargin09,3
1595|17.274759990734427|29|0.5956813789908423|1.1666666666666667|OperatingMargin09,3
1600|17.274759990734427|29|0.5956813789908423|1.1666666666666667|OperatingMargin09,3
1605|17.274759990734427|29|0.5956813789908423|1.1666666666666667|OperatingMargin09,3
1610|17.274759990734427|29|0.5956813789908423|1.1666666666666667|OperatingMargin09,3
1615|17.274759990734427|29|0.5956813789908423|1.1666666666666667|OperatingMargin09,3
1620|17.274759990734427|29|0.5956813789908423|1.1666666666666667|OperatingMargin09,3
1625|17.274759990734427|29|0.5956813789908423|1.1666666666666667|OperatingMargin09,3
1630|17.274759990734427|29|0.5956813789908423|1.1666666666666667|OperatingMargin09,3
1635|17.274759990734427|29|0.5956813789908423|1.1666666666666667|OperatingMargin09,3
1640|17.274759990734427|29|0.5956813789908423|1.1666666666666667|OperatingMargin09,3
1645|17.274759990734427|29|0.5956813789908423|1.1666666666666667|OperatingMargin09,3
1650|17.274759990734427|29|0.5956813789908423|1.1666666666666667|OperatingMargin09,3
1655|17.274759990734427|29|0.5956813789908423|1.1666666666666667|OperatingMargin09,3
1660|17.274759990734427|29|0.5956813789908423|1.1666666666666667|OperatingMargin09,3
1665|17.274759990734427|29|0.5956813789908423|1.1666666666666667|OperatingMargin09,3
1670|17.274759990734427|29|0.5956813789908423|1.1666666666666667|OperatingMargin09,3
1675|17.274759990734427|29|0.5956813789908423|1.1666666666666667|OperatingMargin09,3
1680|17.274759990734427|29|0.5956813789908423|1.1666666666666667|OperatingMargin09,3
1685|17.274759990734427|29|0.5956813789908423|1.1666666666666667|OperatingMargin09,3
1690|17.274759990734427|29|0.5956813789908423|1.1666666666666667|OperatingMargin09,3
1695|17.274759990734427|29|0.5956813789908423|1.1666666666666667|OperatingMargin09,3
1700|17.274759990734427|29|0.5956813789908423|1.1666666666666667|OperatingMargin09,3
1705|17.274759990734427|29|0.5956813789908423|1.1666666666666667|OperatingMargin09,3
1710|17.274759990734427|29|0.5956813789908423|1.1666666666666667|OperatingMargin09,3
1715|17.274759990734427|29|0.5956813789908423|1.1666666666666667|OperatingMargin09,3
1720|17.274759990734427|29|0.5956813789908423|1.1666666666666667|OperatingMargin09,3
1725|17.274759990734427|29|0.5956813789908423|1.1666666666666667|OperatingMargin09,3
1730|17.274759990734427|29|0.5956813789908423|1.1666666666666667|OperatingMargin09,3
1735|17.274759990734427|29|0.5956813789908423|1.1666666666666667|OperatingMargin09,3
1740|17.274759990734427|29|0.5956813789908423|1.1666666666666667|OperatingMargin09,3
1745|17.274759990734427|29|0.5956813789908423|1.1666666666666667|OperatingMargin09,3
1750|17.274759990734427|29|0.5956813789908423|1.1666666666666667|OperatingMargin09,3
1755|17.274759990734427|29|0.5956813789908423|1.1666666666666667|OperatingMargin09,3
1760|17.274759990734427|29|0.5956813789908423|1.1666666666666667|OperatingMargin09,3
1765|17.274759990734427|29|0.5956813789908423|1.1666666666666667|OperatingMargin09,3
1770|17.274759990734427|29|0.5956813789908423|1.1666666666666667|OperatingMargin09,3
1775|17.274759990734427|29|0.5956813789908423|1.1666666666666667|OperatingMargin09,3
1780|17.274759990734427|29|0.5956813789908423|1.1666666666666667|OperatingMargin09,3
1785|17.274759990734427|29|0.5956813789908423|1.1666666666666667|OperatingMargin09,3
1790|17.274759990734427|29|0.5956813789908423|1.1666666666666667|OperatingMargin09,3
1795|17.274759990734427|29|0.5956813789908423|1.1666666666666667|OperatingMargin09,3
1800|17.274759990734427|29|0.5956813789908423|1.1666666666666667|OperatingMargin09,3
1805|17.274759990734427|29|0.5956813789908423|1.1666666666666667|OperatingMargin09,3
1810|17.274759990734427|29|0.5956813789908423|1.1666666666666667|OperatingMargin09,3
1815|17.274759990734427|29|0.5956813789908423|1.1666666666666667|OperatingMargin09,3
1820|17.274759990734427|29|0.5956813789908423|1.1666666666666667|OperatingMargin09,3
1825|17.274759990734427|29|0.5956813789908423|1.1666666666666667|OperatingMargin09,3
1830|17.274759990734427|29|0.5956813789908423|1.1666666666666667|OperatingMargin09,3
1835|17.274759990734427|29|0.5956813789908423|1.1666666666666667|OperatingMargin09,3
1840|17.274759990734427|29|0.5956813789908423|1.1666666666666667|OperatingMargin09,3
1845|17.274759990734427|29|0.5956813789908423|1.1666666666666667|OperatingMargin09,3
1850|17.274759990734427|29|0.5956813789908423|1.1666666666666667|OperatingMargin09,3
1855|17.274759990734427|29|0.5956813789908423|1.1666666666666667|OperatingMargin09,3
1860|17.274759990734427|29|0.5956813789908423|1.1666666666666667|OperatingMargin09,3
1865|17.274759990734427|29|0.5956813789908423|1.1666666666666667|OperatingMargin09,3
1870|17.274759990734427|29|0.5956813789908423|1.1666666666666667|OperatingMargin09,3
1875|17.274759990734427|29|0.5956813789908423|1.1666666666666667|OperatingMargin09,3
1880|17.274759990734427|29|0.5956813789908423|1.1666666666666667|OperatingMargin09,3
1885|17.274759990734427|29|0.5956813789908423|1.1666666666666667|OperatingMargin09,3
1890|17.274759990734427|29|0.5956813789908423|1.1666666666666667|OperatingMargin09,3
1895|17.274759990734427|29|0.5956813789908423|1.1666666666666667|OperatingMargin09,3
1900|17.274759990734427|29|0.5956813789908423|1.1666666666666667|OperatingMargin09,3
1905|17.274759990734427|29|0.5956813789908423|1.1666666666666667|OperatingMargin09,3
1910|17.274759990734427|29|0.5956813789908423|1.1666666666666667|OperatingMargin09,3
1915|17.274759990734427|29|0.5956813789908423|1.1666666666666667|OperatingMargin09,3
1920|17.274759990734427|29|0.5956813789908423|1.1666666666666667|OperatingMargin09,3
1925|17.274759990734427|29|0.5956813789908423|1.1666666666666667|OperatingMargin09,3
1930|17.274759990734427|29|0.5956813789908423|1.1666666666666667|OperatingMargin09,3
1935|17.274759990734427|29|0.5956813789908423|1.1666666666666667|OperatingMargin09,3
1940|17.274759990734427|29|0.5956813789908423|1.1666666666666667|OperatingMargin09,3
1945|17.274759990734427|29|0.5956813789908423|1.1666666666666667|OperatingMargin09,3
1950|17.274759990734427|29|0.5956813789908423|1.1666666666666667|OperatingMargin09,3
1955|17.274759990734427|29|0.5956813789908423|1.1666666666666667|OperatingMargin09,3
1960|17.274759990734427|29|0.5956813789908423|1.1666666666666667|OperatingMargin09,3
1965|17.274759990734427|29|0.5956813789908423|1.1666666666666667|OperatingMargin09,3
1970|17.274759990734427|29|0.5956813789908423|1.1666666666666667|OperatingMargin09,3
1975|17.274759990734427|29|0.5956813789908423|1.1666666666666667|OperatingMargin09,3
1980|17.274759990734427|29|0.5956813789908423|1.1666666666666667|OperatingMargin09,3
1985|17.274759990734427|29|0.5956813789908423|1.1666666666666667|OperatingMargin09,3
1990|17.274759990734427|29|0.5956813789908423|1.1666666666666667|OperatingMargin09,3
1995|17.274759990734427|29|0.5956813789908423|1.1666666666666667|OperatingMargin09,3
2000|17.274759990734427|29|0.5956813789908423|1.1666666666666667|OperatingMargin09,3
