#########################################################
# Algorithm Parameters #
# Generations = 2000
# Population size = 100
# Resolution = 5
#########################################################
# Financial Parameters #
# Quarter = 4
# Crossover probabilities = 0.75 -> 0.25
# Mutation start probabilities = 0.9,0.0,0.6,0.5,0.6,0.9
# Mutation end probabilities = 0.4,0.4,0.1,0.1,0.1,0.4
######################################################### 
0|9.09703801405246|9|1.0107820015613844|1.0|GrossMargin10,1
5|9.720585881373772|17|0.5717991694925748|1.0|OperatingMargin10,4
10|10.108825455534427|17|0.5946367915020252|1.0|GrossMarginChange,2
15|11.162334763216391|23|0.4853189027485387|1.2222222222222223|ResearchDevelopmentChange,17
20|11.162334763216391|21|0.531539750629352|1.0|GrossMarginChange,2
25|11.470771819691803|21|0.5462272295091335|1.0|GrossMargin09,0
30|11.470771819691803|17|0.6747512835112826|1.0|GrossMargin09,0
35|11.470771819691803|17|0.6747512835112826|1.0|GrossMargin09,0
40|11.766102073399997|21|0.5602905749238094|1.0|GrossMargin09,0
45|11.999017061324588|23|0.5216963939706343|1.1|ReturnOnEquityChange,23
50|12.322180088422948|23|0.5357469603662152|1.0|GrossMargin09,0
55|12.610794721370489|33|0.38214529458698454|1.1428571428571428|ReturnOnAssetsChange,20
60|12.635271563091802|27|0.46797302085525194|1.0|GrossMargin09,0
65|12.790974495140981|35|0.3654564141468852|1.2142857142857142|OperatingMargin10,4
70|13.16687273639344|33|0.39899614352707397|1.2307692307692308|ReturnOnAssetsChange,20
75|13.16687273639344|33|0.39899614352707397|1.2307692307692308|ReturnOnAssetsChange,20
80|13.392287658534425|37|0.3619537205009304|1.125|GrossMargin09,0
85|13.392287658534425|35|0.38263679024384073|1.0625|CurrentRatio10,37
90|13.470093180918033|37|0.36405657245724415|1.125|EarningsPerShareChange,8
95|13.470093180918033|37|0.36405657245724415|1.125|EarningsPerShareChange,8
100|13.470093180918033|35|0.38485980516908663|1.0625|CurrentRatio10,37
105|13.470093180918033|35|0.38485980516908663|1.0625|CurrentRatio10,37
110|13.470093180918033|35|0.38485980516908663|1.0625|CurrentRatio10,37
115|13.470093180918033|33|0.408184641846001|1.0|GrossMargin09,0
120|13.470093180918033|33|0.408184641846001|1.0|GrossMargin09,0
125|13.470093180918033|33|0.408184641846001|1.0|GrossMargin09,0
130|13.470093180918033|33|0.408184641846001|1.0|GrossMargin09,0
135|13.573888708662292|33|0.4113299608685543|1.0666666666666667|OperatingMargin09,3
140|13.573888708662292|33|0.4113299608685543|1.0666666666666667|OperatingMargin09,3
145|13.573888708662292|33|0.4113299608685543|1.0666666666666667|OperatingMargin09,3
150|13.573888708662292|31|0.4378673776987836|1.0714285714285714|OperatingMargin09,3
155|13.8244651202918|35|0.39498471772262284|1.1333333333333333|OperatingMargin09,3
160|14.127426581478684|39|0.3622417072174021|1.1875|ReturnOnAssetsChange,20
165|14.439267125222948|37|0.39025046284386344|1.2|GrossMargin09,0
170|14.620868175350818|41|0.35660654086221505|1.3333333333333333|GrossMargin09,0
175|14.620868175350818|37|0.39515859933380587|1.2|GrossMargin09,0
180|14.742228586409833|41|0.35956655088804473|1.1764705882352942|GrossMargin09,0
185|14.742228586409833|39|0.37800586118999574|1.3571428571428572|ReturnOnAssetsChange,20
190|14.742228586409833|39|0.37800586118999574|1.3571428571428572|ReturnOnAssetsChange,20
195|14.971340845934423|43|0.34817071734731214|1.3125|GrossMargin09,0
200|14.971340845934423|41|0.36515465477888837|1.25|GrossMargin09,0
205|14.971340845934423|39|0.383880534511139|1.1875|GrossMargin09,0
210|14.971340845934423|39|0.383880534511139|1.1875|GrossMargin09,0
215|14.971340845934423|39|0.383880534511139|1.1875|GrossMargin09,0
220|14.971340845934423|37|0.4046308336739033|1.2|GrossMargin09,0
225|15.085638887662297|41|0.36794241189420235|1.25|GrossMargin09,0
230|15.085638887662297|41|0.36794241189420235|1.25|GrossMargin09,0
235|15.085638887662297|41|0.36794241189420235|1.25|GrossMargin09,0
240|15.085638887662297|41|0.36794241189420235|1.25|GrossMargin09,0
245|15.542252860203277|43|0.3614477409349599|1.105263157894737|GrossMargin09,0
250|15.542252860203277|43|0.3614477409349599|1.105263157894737|GrossMargin09,0
255|15.542252860203277|41|0.37907933805373845|1.1764705882352942|GrossMargin09,0
260|15.62623207534754|45|0.3472496016743898|1.1|GrossMargin09,0
265|15.62623207534754|45|0.3472496016743898|1.1|GrossMargin09,0
270|15.62623207534754|41|0.38112761159384245|1.1764705882352942|GrossMargin09,0
275|15.62623207534754|39|0.4006726173166036|1.1176470588235294|GrossMargin09,0
280|15.62623207534754|39|0.4006726173166036|1.1176470588235294|GrossMargin09,0
285|15.62623207534754|39|0.4006726173166036|1.1176470588235294|GrossMargin09,0
290|15.62623207534754|39|0.4006726173166036|1.1176470588235294|GrossMargin09,0
295|15.62623207534754|39|0.4006726173166036|1.1176470588235294|GrossMargin09,0
300|15.805726576872129|43|0.36757503667144487|1.105263157894737|GrossMargin09,0
305|15.805726576872129|43|0.36757503667144487|1.105263157894737|GrossMargin09,0
310|15.805726576872129|41|0.38550552626517387|1.1111111111111112|GrossMargin09,0
315|15.805726576872129|39|0.4052750404326187|1.0555555555555556|GrossMargin09,0
320|15.805726576872129|39|0.4052750404326187|1.0555555555555556|GrossMargin09,0
325|15.805726576872129|39|0.4052750404326187|1.0555555555555556|GrossMargin09,0
330|15.805726576872129|39|0.4052750404326187|1.0555555555555556|GrossMargin09,0
335|15.805726576872129|39|0.4052750404326187|1.0555555555555556|GrossMargin09,0
340|15.805726576872129|39|0.4052750404326187|1.0555555555555556|GrossMargin09,0
345|15.805726576872129|39|0.4052750404326187|1.0555555555555556|GrossMargin09,0
350|15.805726576872129|39|0.4052750404326187|1.0555555555555556|GrossMargin09,0
355|15.805726576872129|37|0.4271817993749224|1.0588235294117647|GrossMargin09,0
360|15.805726576872129|37|0.4271817993749224|1.0588235294117647|GrossMargin09,0
365|15.805726576872129|37|0.4271817993749224|1.0588235294117647|GrossMargin09,0
370|15.805726576872129|37|0.4271817993749224|1.0588235294117647|GrossMargin09,0
375|15.805726576872129|37|0.4271817993749224|1.0588235294117647|GrossMargin09,0
380|15.805726576872129|37|0.4271817993749224|1.0588235294117647|GrossMargin09,0
385|15.805726576872129|37|0.4271817993749224|1.0588235294117647|GrossMargin09,0
390|15.805726576872129|37|0.4271817993749224|1.0588235294117647|GrossMargin09,0
395|15.805726576872129|37|0.4271817993749224|1.0588235294117647|GrossMargin09,0
400|15.805726576872129|37|0.4271817993749224|1.0588235294117647|GrossMargin09,0
405|15.805726576872129|37|0.4271817993749224|1.0588235294117647|GrossMargin09,0
410|15.805726576872129|37|0.4271817993749224|1.0588235294117647|GrossMargin09,0
415|15.805726576872129|37|0.4271817993749224|1.0588235294117647|GrossMargin09,0
420|15.805726576872129|37|0.4271817993749224|1.0588235294117647|GrossMargin09,0
425|15.805726576872129|35|0.45159218791063227|1.0625|GrossMargin09,0
430|15.805726576872129|35|0.45159218791063227|1.0625|GrossMargin09,0
435|15.805726576872129|35|0.45159218791063227|1.0625|GrossMargin09,0
440|15.805726576872129|35|0.45159218791063227|1.0625|GrossMargin09,0
445|15.805726576872129|35|0.45159218791063227|1.0625|GrossMargin09,0
450|15.805726576872129|35|0.45159218791063227|1.0625|GrossMargin09,0
455|15.805726576872129|35|0.45159218791063227|1.0625|GrossMargin09,0
460|15.805726576872129|35|0.45159218791063227|1.0625|GrossMargin09,0
465|15.805726576872129|35|0.45159218791063227|1.0625|GrossMargin09,0
470|15.805726576872129|35|0.45159218791063227|1.0625|GrossMargin09,0
475|15.805726576872129|35|0.45159218791063227|1.0625|GrossMargin09,0
480|15.805726576872129|35|0.45159218791063227|1.0625|GrossMargin09,0
485|15.805726576872129|35|0.45159218791063227|1.0625|GrossMargin09,0
490|15.805726576872129|35|0.45159218791063227|1.0625|GrossMargin09,0
495|15.805726576872129|35|0.45159218791063227|1.0625|GrossMargin09,0
500|15.805726576872129|33|0.4789614114203675|1.0666666666666667|GrossMargin09,0
505|15.805726576872129|33|0.4789614114203675|1.0666666666666667|GrossMargin09,0
510|15.805726576872129|33|0.4789614114203675|1.0666666666666667|GrossMargin09,0
515|15.805726576872129|33|0.4789614114203675|1.0666666666666667|GrossMargin09,0
520|15.805726576872129|33|0.4789614114203675|1.0666666666666667|GrossMargin09,0
525|15.805726576872129|33|0.4789614114203675|1.0666666666666667|GrossMargin09,0
530|15.805726576872129|33|0.4789614114203675|1.0666666666666667|GrossMargin09,0
535|15.805726576872129|31|0.5098621476410364|1.0714285714285714|GrossMargin09,0
540|15.805726576872129|31|0.5098621476410364|1.0714285714285714|GrossMargin09,0
545|15.805726576872129|31|0.5098621476410364|1.0714285714285714|GrossMargin09,0
550|15.805726576872129|31|0.5098621476410364|1.0714285714285714|GrossMargin09,0
555|15.805726576872129|31|0.5098621476410364|1.0714285714285714|GrossMargin09,0
560|15.805726576872129|31|0.5098621476410364|1.0714285714285714|GrossMargin09,0
565|15.805726576872129|31|0.5098621476410364|1.0714285714285714|GrossMargin09,0
570|15.805726576872129|29|0.545025054374901|1.0769230769230769|GrossMargin09,0
575|15.805726576872129|29|0.545025054374901|1.0769230769230769|GrossMargin09,0
580|15.805726576872129|29|0.545025054374901|1.0769230769230769|GrossMargin09,0
585|15.805726576872129|29|0.545025054374901|1.0769230769230769|GrossMargin09,0
590|15.805726576872129|29|0.545025054374901|1.0769230769230769|GrossMargin09,0
595|15.805726576872129|29|0.545025054374901|1.0769230769230769|GrossMargin09,0
600|15.805726576872129|29|0.545025054374901|1.0769230769230769|GrossMargin09,0
605|15.805726576872129|29|0.545025054374901|1.0769230769230769|GrossMargin09,0
610|15.805726576872129|29|0.545025054374901|1.0769230769230769|GrossMargin09,0
615|15.805726576872129|29|0.545025054374901|1.0769230769230769|GrossMargin09,0
620|15.805726576872129|29|0.545025054374901|1.0769230769230769|GrossMargin09,0
625|15.805726576872129|29|0.545025054374901|1.0769230769230769|GrossMargin09,0
630|15.805726576872129|29|0.545025054374901|1.0769230769230769|GrossMargin09,0
635|15.805726576872129|29|0.545025054374901|1.0769230769230769|GrossMargin09,0
640|15.805726576872129|29|0.545025054374901|1.0769230769230769|GrossMargin09,0
645|15.805726576872129|29|0.545025054374901|1.0769230769230769|GrossMargin09,0
650|15.805726576872129|29|0.545025054374901|1.0769230769230769|GrossMargin09,0
655|15.805726576872129|29|0.545025054374901|1.0769230769230769|GrossMargin09,0
660|15.805726576872129|29|0.545025054374901|1.0769230769230769|GrossMargin09,0
665|15.805726576872129|29|0.545025054374901|1.0769230769230769|GrossMargin09,0
670|15.805726576872129|29|0.545025054374901|1.0769230769230769|GrossMargin09,0
675|15.805726576872129|29|0.545025054374901|1.0769230769230769|GrossMargin09,0
680|15.805726576872129|29|0.545025054374901|1.0769230769230769|GrossMargin09,0
685|15.805726576872129|29|0.545025054374901|1.0769230769230769|GrossMargin09,0
690|15.805726576872129|29|0.545025054374901|1.0769230769230769|GrossMargin09,0
695|15.805726576872129|29|0.545025054374901|1.0769230769230769|GrossMargin09,0
700|15.805726576872129|29|0.545025054374901|1.0769230769230769|GrossMargin09,0
705|15.805726576872129|29|0.545025054374901|1.0769230769230769|GrossMargin09,0
710|15.805726576872129|29|0.545025054374901|1.0769230769230769|GrossMargin09,0
715|15.805726576872129|29|0.545025054374901|1.0769230769230769|GrossMargin09,0
720|15.805726576872129|29|0.545025054374901|1.0769230769230769|GrossMargin09,0
725|15.805726576872129|29|0.545025054374901|1.0769230769230769|GrossMargin09,0
730|15.805726576872129|29|0.545025054374901|1.0769230769230769|GrossMargin09,0
735|15.805726576872129|29|0.545025054374901|1.0769230769230769|GrossMargin09,0
740|15.805726576872129|29|0.545025054374901|1.0769230769230769|GrossMargin09,0
745|15.805726576872129|29|0.545025054374901|1.0769230769230769|GrossMargin09,0
750|15.805726576872129|29|0.545025054374901|1.0769230769230769|GrossMargin09,0
755|15.805726576872129|29|0.545025054374901|1.0769230769230769|GrossMargin09,0
760|15.805726576872129|29|0.545025054374901|1.0769230769230769|GrossMargin09,0
765|15.805726576872129|29|0.545025054374901|1.0769230769230769|GrossMargin09,0
770|15.805726576872129|29|0.545025054374901|1.0769230769230769|GrossMargin09,0
775|15.805726576872129|29|0.545025054374901|1.0769230769230769|GrossMargin09,0
780|15.805726576872129|29|0.545025054374901|1.0769230769230769|GrossMargin09,0
785|15.805726576872129|29|0.545025054374901|1.0769230769230769|GrossMargin09,0
790|15.805726576872129|29|0.545025054374901|1.0769230769230769|GrossMargin09,0
795|15.805726576872129|29|0.545025054374901|1.0769230769230769|GrossMargin09,0
800|15.805726576872129|29|0.545025054374901|1.0769230769230769|GrossMargin09,0
805|15.805726576872129|29|0.545025054374901|1.0769230769230769|GrossMargin09,0
810|15.805726576872129|29|0.545025054374901|1.0769230769230769|GrossMargin09,0
815|15.805726576872129|29|0.545025054374901|1.0769230769230769|GrossMargin09,0
820|15.805726576872129|29|0.545025054374901|1.0769230769230769|GrossMargin09,0
825|15.805726576872129|29|0.545025054374901|1.0769230769230769|GrossMargin09,0
830|15.805726576872129|29|0.545025054374901|1.0769230769230769|GrossMargin09,0
835|15.805726576872129|29|0.545025054374901|1.0769230769230769|GrossMargin09,0
840|15.805726576872129|29|0.545025054374901|1.0769230769230769|GrossMargin09,0
845|15.805726576872129|29|0.545025054374901|1.0769230769230769|GrossMargin09,0
850|15.805726576872129|29|0.545025054374901|1.0769230769230769|GrossMargin09,0
855|15.805726576872129|29|0.545025054374901|1.0769230769230769|GrossMargin09,0
860|15.805726576872129|29|0.545025054374901|1.0769230769230769|GrossMargin09,0
865|15.805726576872129|29|0.545025054374901|1.0769230769230769|GrossMargin09,0
870|15.805726576872129|29|0.545025054374901|1.0769230769230769|GrossMargin09,0
875|15.805726576872129|29|0.545025054374901|1.0769230769230769|GrossMargin09,0
880|15.805726576872129|29|0.545025054374901|1.0769230769230769|GrossMargin09,0
885|15.805726576872129|29|0.545025054374901|1.0769230769230769|GrossMargin09,0
890|15.805726576872129|29|0.545025054374901|1.0769230769230769|GrossMargin09,0
895|15.805726576872129|29|0.545025054374901|1.0769230769230769|GrossMargin09,0
900|15.805726576872129|29|0.545025054374901|1.0769230769230769|GrossMargin09,0
905|15.805726576872129|29|0.545025054374901|1.0769230769230769|GrossMargin09,0
910|15.805726576872129|29|0.545025054374901|1.0769230769230769|GrossMargin09,0
915|15.805726576872129|29|0.545025054374901|1.0769230769230769|GrossMargin09,0
920|15.805726576872129|29|0.545025054374901|1.0769230769230769|GrossMargin09,0
925|15.805726576872129|29|0.545025054374901|1.0769230769230769|GrossMargin09,0
930|15.805726576872129|29|0.545025054374901|1.0769230769230769|GrossMargin09,0
935|15.805726576872129|29|0.545025054374901|1.0769230769230769|GrossMargin09,0
940|15.805726576872129|29|0.545025054374901|1.0769230769230769|GrossMargin09,0
945|15.805726576872129|29|0.545025054374901|1.0769230769230769|GrossMargin09,0
950|15.805726576872129|29|0.545025054374901|1.0769230769230769|GrossMargin09,0
955|15.805726576872129|29|0.545025054374901|1.0769230769230769|GrossMargin09,0
960|15.805726576872129|29|0.545025054374901|1.0769230769230769|GrossMargin09,0
965|15.805726576872129|29|0.545025054374901|1.0769230769230769|GrossMargin09,0
970|15.805726576872129|29|0.545025054374901|1.0769230769230769|GrossMargin09,0
975|15.805726576872129|29|0.545025054374901|1.0769230769230769|GrossMargin09,0
980|15.805726576872129|29|0.545025054374901|1.0769230769230769|GrossMargin09,0
985|15.805726576872129|29|0.545025054374901|1.0769230769230769|GrossMargin09,0
990|15.805726576872129|29|0.545025054374901|1.0769230769230769|GrossMargin09,0
995|15.805726576872129|29|0.545025054374901|1.0769230769230769|GrossMargin09,0
1000|15.805726576872129|29|0.545025054374901|1.0769230769230769|GrossMargin09,0
1005|15.805726576872129|29|0.545025054374901|1.0769230769230769|GrossMargin09,0
1010|15.805726576872129|29|0.545025054374901|1.0769230769230769|GrossMargin09,0
1015|15.805726576872129|29|0.545025054374901|1.0769230769230769|GrossMargin09,0
1020|15.805726576872129|29|0.545025054374901|1.0769230769230769|GrossMargin09,0
1025|15.805726576872129|29|0.545025054374901|1.0769230769230769|GrossMargin09,0
1030|15.805726576872129|29|0.545025054374901|1.0769230769230769|GrossMargin09,0
1035|15.805726576872129|29|0.545025054374901|1.0769230769230769|GrossMargin09,0
1040|15.805726576872129|29|0.545025054374901|1.0769230769230769|GrossMargin09,0
1045|15.805726576872129|29|0.545025054374901|1.0769230769230769|GrossMargin09,0
1050|15.805726576872129|29|0.545025054374901|1.0769230769230769|GrossMargin09,0
1055|15.805726576872129|29|0.545025054374901|1.0769230769230769|GrossMargin09,0
1060|15.805726576872129|29|0.545025054374901|1.0769230769230769|GrossMargin09,0
1065|15.805726576872129|29|0.545025054374901|1.0769230769230769|GrossMargin09,0
1070|15.805726576872129|29|0.545025054374901|1.0769230769230769|GrossMargin09,0
1075|15.805726576872129|29|0.545025054374901|1.0769230769230769|GrossMargin09,0
1080|15.805726576872129|29|0.545025054374901|1.0769230769230769|GrossMargin09,0
1085|15.805726576872129|29|0.545025054374901|1.0769230769230769|GrossMargin09,0
1090|15.805726576872129|29|0.545025054374901|1.0769230769230769|GrossMargin09,0
1095|15.805726576872129|29|0.545025054374901|1.0769230769230769|GrossMargin09,0
1100|15.805726576872129|29|0.545025054374901|1.0769230769230769|GrossMargin09,0
1105|15.805726576872129|29|0.545025054374901|1.0769230769230769|GrossMargin09,0
1110|15.805726576872129|29|0.545025054374901|1.0769230769230769|GrossMargin09,0
1115|15.805726576872129|29|0.545025054374901|1.0769230769230769|GrossMargin09,0
1120|15.805726576872129|29|0.545025054374901|1.0769230769230769|GrossMargin09,0
1125|15.805726576872129|29|0.545025054374901|1.0769230769230769|GrossMargin09,0
1130|15.805726576872129|29|0.545025054374901|1.0769230769230769|GrossMargin09,0
1135|15.805726576872129|29|0.545025054374901|1.0769230769230769|GrossMargin09,0
1140|15.805726576872129|29|0.545025054374901|1.0769230769230769|GrossMargin09,0
1145|15.805726576872129|29|0.545025054374901|1.0769230769230769|GrossMargin09,0
1150|15.805726576872129|29|0.545025054374901|1.0769230769230769|GrossMargin09,0
1155|15.805726576872129|29|0.545025054374901|1.0769230769230769|GrossMargin09,0
1160|15.805726576872129|29|0.545025054374901|1.0769230769230769|GrossMargin09,0
1165|15.805726576872129|29|0.545025054374901|1.0769230769230769|GrossMargin09,0
1170|15.805726576872129|29|0.545025054374901|1.0769230769230769|GrossMargin09,0
1175|15.805726576872129|29|0.545025054374901|1.0769230769230769|GrossMargin09,0
1180|15.883719576573768|31|0.5123780508572183|1.1538461538461537|GrossMargin09,0
1185|15.883719576573768|31|0.5123780508572183|1.1538461538461537|GrossMargin09,0
1190|15.883719576573768|31|0.5123780508572183|1.1538461538461537|GrossMargin09,0
1195|15.883719576573768|31|0.5123780508572183|1.1538461538461537|GrossMargin09,0
1200|15.883719576573768|31|0.5123780508572183|1.1538461538461537|GrossMargin09,0
1205|15.883719576573768|31|0.5123780508572183|1.1538461538461537|GrossMargin09,0
1210|15.883719576573768|31|0.5123780508572183|1.1538461538461537|GrossMargin09,0
1215|15.883719576573768|31|0.5123780508572183|1.1538461538461537|GrossMargin09,0
1220|15.883719576573768|31|0.5123780508572183|1.1538461538461537|GrossMargin09,0
1225|15.883719576573768|31|0.5123780508572183|1.1538461538461537|GrossMargin09,0
1230|15.883719576573768|31|0.5123780508572183|1.1538461538461537|GrossMargin09,0
1235|15.883719576573768|31|0.5123780508572183|1.1538461538461537|GrossMargin09,0
1240|15.883719576573768|31|0.5123780508572183|1.1538461538461537|GrossMargin09,0
1245|15.883719576573768|31|0.5123780508572183|1.1538461538461537|GrossMargin09,0
1250|15.883719576573768|31|0.5123780508572183|1.1538461538461537|GrossMargin09,0
1255|15.883719576573768|31|0.5123780508572183|1.1538461538461537|GrossMargin09,0
1260|15.883719576573768|31|0.5123780508572183|1.1538461538461537|GrossMargin09,0
1265|15.883719576573768|31|0.5123780508572183|1.1538461538461537|GrossMargin09,0
1270|15.883719576573768|31|0.5123780508572183|1.1538461538461537|GrossMargin09,0
1275|15.883719576573768|31|0.5123780508572183|1.1538461538461537|GrossMargin09,0
1280|15.883719576573768|31|0.5123780508572183|1.1538461538461537|GrossMargin09,0
1285|15.883719576573768|31|0.5123780508572183|1.1538461538461537|GrossMargin09,0
1290|15.883719576573768|31|0.5123780508572183|1.1538461538461537|GrossMargin09,0
1295|15.883719576573768|31|0.5123780508572183|1.1538461538461537|GrossMargin09,0
1300|16.109134498714752|33|0.488155590870144|1.2307692307692308|GrossMargin09,0
1305|16.109134498714752|33|0.488155590870144|1.2307692307692308|GrossMargin09,0
1310|16.109134498714752|33|0.488155590870144|1.2307692307692308|GrossMargin09,0
1315|16.109134498714752|33|0.488155590870144|1.2307692307692308|GrossMargin09,0
1320|16.109134498714752|33|0.488155590870144|1.2307692307692308|GrossMargin09,0
1325|16.109134498714752|33|0.488155590870144|1.2307692307692308|GrossMargin09,0
1330|16.109134498714752|33|0.488155590870144|1.2307692307692308|GrossMargin09,0
1335|16.109134498714752|33|0.488155590870144|1.2307692307692308|GrossMargin09,0
1340|16.109134498714752|33|0.488155590870144|1.2307692307692308|GrossMargin09,0
1345|16.109134498714752|33|0.488155590870144|1.2307692307692308|GrossMargin09,0
1350|16.109134498714752|33|0.488155590870144|1.2307692307692308|GrossMargin09,0
1355|16.109134498714752|33|0.488155590870144|1.2307692307692308|GrossMargin09,0
1360|16.109134498714752|33|0.488155590870144|1.2307692307692308|GrossMargin09,0
1365|16.186940021098362|35|0.46248400060281036|1.1333333333333333|GrossMargin09,0
1370|16.186940021098362|35|0.46248400060281036|1.1333333333333333|GrossMargin09,0
1375|16.186940021098362|35|0.46248400060281036|1.1333333333333333|GrossMargin09,0
1380|16.186940021098362|35|0.46248400060281036|1.1333333333333333|GrossMargin09,0
1385|16.186940021098362|35|0.46248400060281036|1.1333333333333333|GrossMargin09,0
1390|16.186940021098362|33|0.49051333397267766|1.1428571428571428|GrossMargin09,0
1395|16.186940021098362|33|0.49051333397267766|1.1428571428571428|GrossMargin09,0
1400|16.186940021098362|33|0.49051333397267766|1.1428571428571428|GrossMargin09,0
1405|16.186940021098362|33|0.49051333397267766|1.1428571428571428|GrossMargin09,0
1410|16.186940021098362|33|0.49051333397267766|1.1428571428571428|GrossMargin09,0
1415|16.186940021098362|33|0.49051333397267766|1.1428571428571428|GrossMargin09,0
1420|16.186940021098362|33|0.49051333397267766|1.1428571428571428|GrossMargin09,0
1425|16.186940021098362|33|0.49051333397267766|1.1428571428571428|GrossMargin09,0
1430|16.186940021098362|33|0.49051333397267766|1.1428571428571428|GrossMargin09,0
1435|16.186940021098362|33|0.49051333397267766|1.1428571428571428|GrossMargin09,0
1440|16.186940021098362|33|0.49051333397267766|1.1428571428571428|GrossMargin09,0
1445|16.186940021098362|33|0.49051333397267766|1.1428571428571428|GrossMargin09,0
1450|16.186940021098362|33|0.49051333397267766|1.1428571428571428|GrossMargin09,0
1455|16.186940021098362|33|0.49051333397267766|1.1428571428571428|GrossMargin09,0
1460|16.186940021098362|33|0.49051333397267766|1.1428571428571428|GrossMargin09,0
1465|16.186940021098362|33|0.49051333397267766|1.1428571428571428|GrossMargin09,0
1470|16.186940021098362|33|0.49051333397267766|1.1428571428571428|GrossMargin09,0
1475|16.186940021098362|33|0.49051333397267766|1.1428571428571428|GrossMargin09,0
1480|16.186940021098362|33|0.49051333397267766|1.1428571428571428|GrossMargin09,0
1485|16.186940021098362|33|0.49051333397267766|1.1428571428571428|GrossMargin09,0
1490|16.186940021098362|33|0.49051333397267766|1.1428571428571428|GrossMargin09,0
1495|16.186940021098362|33|0.49051333397267766|1.1428571428571428|GrossMargin09,0
1500|16.186940021098362|33|0.49051333397267766|1.1428571428571428|GrossMargin09,0
1505|16.186940021098362|33|0.49051333397267766|1.1428571428571428|GrossMargin09,0
1510|16.186940021098362|33|0.49051333397267766|1.1428571428571428|GrossMargin09,0
1515|16.186940021098362|33|0.49051333397267766|1.1428571428571428|GrossMargin09,0
1520|16.186940021098362|33|0.49051333397267766|1.1428571428571428|GrossMargin09,0
1525|16.186940021098362|33|0.49051333397267766|1.1428571428571428|GrossMargin09,0
1530|16.186940021098362|33|0.49051333397267766|1.1428571428571428|GrossMargin09,0
1535|16.186940021098362|33|0.49051333397267766|1.1428571428571428|GrossMargin09,0
1540|16.186940021098362|33|0.49051333397267766|1.1428571428571428|GrossMargin09,0
1545|16.186940021098362|33|0.49051333397267766|1.1428571428571428|GrossMargin09,0
1550|16.186940021098362|33|0.49051333397267766|1.1428571428571428|GrossMargin09,0
1555|16.186940021098362|33|0.49051333397267766|1.1428571428571428|GrossMargin09,0
1560|16.186940021098362|33|0.49051333397267766|1.1428571428571428|GrossMargin09,0
1565|16.186940021098362|33|0.49051333397267766|1.1428571428571428|GrossMargin09,0
1570|16.186940021098362|33|0.49051333397267766|1.1428571428571428|GrossMargin09,0
1575|16.186940021098362|33|0.49051333397267766|1.1428571428571428|GrossMargin09,0
1580|16.186940021098362|33|0.49051333397267766|1.1428571428571428|GrossMargin09,0
1585|16.186940021098362|33|0.49051333397267766|1.1428571428571428|GrossMargin09,0
1590|16.186940021098362|33|0.49051333397267766|1.1428571428571428|GrossMargin09,0
1595|16.186940021098362|33|0.49051333397267766|1.1428571428571428|GrossMargin09,0
1600|16.186940021098362|33|0.49051333397267766|1.1428571428571428|GrossMargin09,0
1605|16.186940021098362|33|0.49051333397267766|1.1428571428571428|GrossMargin09,0
1610|16.186940021098362|33|0.49051333397267766|1.1428571428571428|GrossMargin09,0
1615|16.186940021098362|33|0.49051333397267766|1.1428571428571428|GrossMargin09,0
1620|16.186940021098362|33|0.49051333397267766|1.1428571428571428|GrossMargin09,0
1625|16.186940021098362|33|0.49051333397267766|1.1428571428571428|GrossMargin09,0
1630|16.186940021098362|33|0.49051333397267766|1.1428571428571428|GrossMargin09,0
1635|16.186940021098362|33|0.49051333397267766|1.1428571428571428|GrossMargin09,0
1640|16.186940021098362|33|0.49051333397267766|1.1428571428571428|GrossMargin09,0
1645|16.186940021098362|33|0.49051333397267766|1.1428571428571428|GrossMargin09,0
1650|16.186940021098362|33|0.49051333397267766|1.1428571428571428|GrossMargin09,0
1655|16.186940021098362|33|0.49051333397267766|1.1428571428571428|GrossMargin09,0
1660|16.186940021098362|33|0.49051333397267766|1.1428571428571428|GrossMargin09,0
1665|16.186940021098362|33|0.49051333397267766|1.1428571428571428|GrossMargin09,0
1670|16.186940021098362|33|0.49051333397267766|1.1428571428571428|GrossMargin09,0
1675|16.186940021098362|33|0.49051333397267766|1.1428571428571428|GrossMargin09,0
1680|16.186940021098362|33|0.49051333397267766|1.1428571428571428|GrossMargin09,0
1685|16.186940021098362|33|0.49051333397267766|1.1428571428571428|GrossMargin09,0
1690|16.186940021098362|33|0.49051333397267766|1.1428571428571428|GrossMargin09,0
1695|16.186940021098362|33|0.49051333397267766|1.1428571428571428|GrossMargin09,0
1700|16.186940021098362|33|0.49051333397267766|1.1428571428571428|GrossMargin09,0
1705|16.186940021098362|33|0.49051333397267766|1.1428571428571428|GrossMargin09,0
1710|16.186940021098362|33|0.49051333397267766|1.1428571428571428|GrossMargin09,0
1715|16.186940021098362|33|0.49051333397267766|1.1428571428571428|GrossMargin09,0
1720|16.186940021098362|33|0.49051333397267766|1.1428571428571428|GrossMargin09,0
1725|16.186940021098362|33|0.49051333397267766|1.1428571428571428|GrossMargin09,0
1730|16.186940021098362|33|0.49051333397267766|1.1428571428571428|GrossMargin09,0
1735|16.186940021098362|33|0.49051333397267766|1.1428571428571428|GrossMargin09,0
1740|16.186940021098362|33|0.49051333397267766|1.1428571428571428|GrossMargin09,0
1745|16.186940021098362|33|0.49051333397267766|1.1428571428571428|GrossMargin09,0
1750|16.186940021098362|33|0.49051333397267766|1.1428571428571428|GrossMargin09,0
1755|16.186940021098362|33|0.49051333397267766|1.1428571428571428|GrossMargin09,0
1760|16.186940021098362|33|0.49051333397267766|1.1428571428571428|GrossMargin09,0
1765|16.186940021098362|33|0.49051333397267766|1.1428571428571428|GrossMargin09,0
1770|16.186940021098362|33|0.49051333397267766|1.1428571428571428|GrossMargin09,0
1775|16.186940021098362|33|0.49051333397267766|1.1428571428571428|GrossMargin09,0
1780|16.186940021098362|33|0.49051333397267766|1.1428571428571428|GrossMargin09,0
1785|16.186940021098362|33|0.49051333397267766|1.1428571428571428|GrossMargin09,0
1790|16.186940021098362|33|0.49051333397267766|1.1428571428571428|GrossMargin09,0
1795|16.186940021098362|33|0.49051333397267766|1.1428571428571428|GrossMargin09,0
1800|16.186940021098362|33|0.49051333397267766|1.1428571428571428|GrossMargin09,0
1805|16.186940021098362|33|0.49051333397267766|1.1428571428571428|GrossMargin09,0
1810|16.186940021098362|33|0.49051333397267766|1.1428571428571428|GrossMargin09,0
1815|16.186940021098362|33|0.49051333397267766|1.1428571428571428|GrossMargin09,0
1820|16.186940021098362|33|0.49051333397267766|1.1428571428571428|GrossMargin09,0
1825|16.186940021098362|33|0.49051333397267766|1.1428571428571428|GrossMargin09,0
1830|16.186940021098362|33|0.49051333397267766|1.1428571428571428|GrossMargin09,0
1835|16.186940021098362|33|0.49051333397267766|1.1428571428571428|GrossMargin09,0
1840|16.186940021098362|33|0.49051333397267766|1.1428571428571428|GrossMargin09,0
1845|16.186940021098362|33|0.49051333397267766|1.1428571428571428|GrossMargin09,0
1850|16.186940021098362|33|0.49051333397267766|1.1428571428571428|GrossMargin09,0
1855|16.186940021098362|33|0.49051333397267766|1.1428571428571428|GrossMargin09,0
1860|16.186940021098362|33|0.49051333397267766|1.1428571428571428|GrossMargin09,0
1865|16.186940021098362|33|0.49051333397267766|1.1428571428571428|GrossMargin09,0
1870|16.186940021098362|33|0.49051333397267766|1.1428571428571428|GrossMargin09,0
1875|16.186940021098362|33|0.49051333397267766|1.1428571428571428|GrossMargin09,0
1880|16.186940021098362|33|0.49051333397267766|1.1428571428571428|GrossMargin09,0
1885|16.186940021098362|33|0.49051333397267766|1.1428571428571428|GrossMargin09,0
1890|16.186940021098362|33|0.49051333397267766|1.1428571428571428|GrossMargin09,0
1895|16.186940021098362|33|0.49051333397267766|1.1428571428571428|GrossMargin09,0
1900|16.186940021098362|33|0.49051333397267766|1.1428571428571428|GrossMargin09,0
1905|16.186940021098362|33|0.49051333397267766|1.1428571428571428|GrossMargin09,0
1910|16.186940021098362|33|0.49051333397267766|1.1428571428571428|GrossMargin09,0
1915|16.186940021098362|33|0.49051333397267766|1.1428571428571428|GrossMargin09,0
1920|16.186940021098362|33|0.49051333397267766|1.1428571428571428|GrossMargin09,0
1925|16.186940021098362|33|0.49051333397267766|1.1428571428571428|GrossMargin09,0
1930|16.186940021098362|33|0.49051333397267766|1.1428571428571428|GrossMargin09,0
1935|16.186940021098362|33|0.49051333397267766|1.1428571428571428|GrossMargin09,0
1940|16.186940021098362|33|0.49051333397267766|1.1428571428571428|GrossMargin09,0
1945|16.186940021098362|33|0.49051333397267766|1.1428571428571428|GrossMargin09,0
1950|16.186940021098362|33|0.49051333397267766|1.1428571428571428|GrossMargin09,0
1955|16.186940021098362|33|0.49051333397267766|1.1428571428571428|GrossMargin09,0
1960|16.186940021098362|33|0.49051333397267766|1.1428571428571428|GrossMargin09,0
1965|16.186940021098362|33|0.49051333397267766|1.1428571428571428|GrossMargin09,0
1970|16.186940021098362|33|0.49051333397267766|1.1428571428571428|GrossMargin09,0
1975|16.186940021098362|33|0.49051333397267766|1.1428571428571428|GrossMargin09,0
1980|16.186940021098362|33|0.49051333397267766|1.1428571428571428|GrossMargin09,0
1985|16.186940021098362|33|0.49051333397267766|1.1428571428571428|GrossMargin09,0
1990|16.186940021098362|33|0.49051333397267766|1.1428571428571428|GrossMargin09,0
1995|16.186940021098362|33|0.49051333397267766|1.1428571428571428|GrossMargin09,0
2000|16.186940021098362|33|0.49051333397267766|1.1428571428571428|GrossMargin09,0
