#########################################################
# Algorithm Parameters #
# Generations = 2000
# Population size = 100
# Resolution = 5
#########################################################
# Financial Parameters #
# Quarter = 4
# Crossover probabilities = 0.75 -> 0.25
# Mutation start probabilities = 0.9,0.0,0.6,0.5,0.6,0.9
# Mutation end probabilities = 0.4,0.4,0.1,0.1,0.1,0.4
######################################################### 
0|7.082903079419674|7|1.0118432970599536|1.0|ReturnOnEquity09,21
5|8.622048669360657|11|0.7838226063055143|1.25|ReturnOnInvestedCapitalChange,26
10|10.798745667737702|15|0.7199163778491802|1.0|EarningsPerShare10,7
15|11.374861926783604|25|0.45499447707134416|1.2|ReturnOnInvestedCapitalChange,26
20|11.374861926783604|23|0.49455921420798277|1.1|ResearchDevelopment10,16
25|11.945164295872129|21|0.5688173474224824|1.0|GrossMarginChange,2
30|12.170579218013113|19|0.6405568009480586|1.0|OperatingMargin09,3
35|12.46590947172131|21|0.5936147367486339|1.0|OperatingMargin09,3
40|12.46590947172131|21|0.5936147367486339|1.0|OperatingMargin09,3
45|12.6161667836459|31|0.40697312205309355|1.1538461538461537|ResearchDevelopment09,15
50|12.664071710439343|27|0.4690396929792349|1.1818181818181819|ResearchDevelopment10,16
55|12.664071710439343|27|0.4690396929792349|1.1818181818181819|ResearchDevelopment10,16
60|12.970428371055737|31|0.4184009151953464|1.1538461538461537|ResearchDevelopment10,16
65|12.970428371055737|31|0.4184009151953464|1.1538461538461537|ResearchDevelopment10,16
70|12.970428371055737|31|0.4184009151953464|1.1538461538461537|ResearchDevelopment10,16
75|13.304560974790162|29|0.45877796464793663|1.1666666666666667|ResearchDevelopment10,16
80|13.558505202793445|33|0.41086379402404377|1.0666666666666667|ResearchDevelopmentChange,17
85|13.96383137916721|37|0.37740084808560026|1.3846153846153846|QuickRatioChange,41
90|13.96383137916721|37|0.37740084808560026|1.3846153846153846|QuickRatioChange,41
95|13.96383137916721|37|0.37740084808560026|1.3846153846153846|QuickRatioChange,41
100|14.26298282634098|39|0.36571750836771744|1.2666666666666666|EarningsPerShareChange,8
105|14.741146430095078|41|0.3595401568315873|1.1111111111111112|GrossMarginChange,2
110|14.869954774590163|43|0.34581290173465495|1.2352941176470589|ResearchDevelopment10,16
115|15.241060627780325|49|0.3110420536281699|1.263157894736842|ResearchDevelopment09,15
120|15.374756751114749|47|0.32712248406627126|1.2105263157894737|GrossMarginChange,2
125|15.563384228993437|49|0.3176200863059885|1.3333333333333333|GrossMarginChange,2
130|15.673908198288522|53|0.29573411694884005|1.1818181818181819|ResearchDevelopment09,15
135|15.74582195698688|51|0.30874160699974273|1.3157894736842106|BookValuePerShareChange,11
140|16.04413672629508|53|0.30271956087349206|1.3|GrossMarginChange,2
145|16.22657445428852|57|0.28467674481207933|1.4|ResearchDevelopment09,15
150|16.312087279377046|57|0.2861769698136324|1.4|GrossMarginChange,2
155|16.491581780901637|63|0.26177113937939106|1.4761904761904763|BookValuePerShareChange,11
160|16.491581780901637|61|0.2703537996869121|1.5|ResearchDevelopment10,16
165|16.491581780901637|59|0.27951833526951925|1.380952380952381|EarningsPerShare10,7
170|16.491581780901637|57|0.28932599615616905|1.3333333333333333|GrossMarginChange,2
175|16.491581780901637|55|0.2998469414709389|1.2857142857142858|EarningsPerShare10,7
180|16.491581780901637|55|0.2998469414709389|1.2857142857142858|EarningsPerShare10,7
185|16.612942191960652|57|0.2914551261747483|1.3333333333333333|GrossMarginChange,2
190|16.80467325557049|59|0.2848249704333981|1.2608695652173914|GrossMarginChange,2
195|16.80467325557049|57|0.29481882904509626|1.2173913043478262|GrossMarginChange,2
200|16.80467325557049|57|0.29481882904509626|1.2173913043478262|GrossMarginChange,2
205|16.80467325557049|57|0.29481882904509626|1.2173913043478262|GrossMarginChange,2
210|16.80467325557049|55|0.30553951373764526|1.2272727272727273|GrossMarginChange,2
215|16.80467325557049|53|0.3170693067088771|1.3|SGAExpenses09,12
220|16.80467325557049|51|0.3295033971680488|1.3157894736842106|SGAExpenses09,12
225|16.886358794413113|55|0.30702470535296567|1.2272727272727273|OperatingMarginChange,5
230|16.886358794413113|55|0.30702470535296567|1.2272727272727273|OperatingMarginChange,5
235|16.886358794413113|53|0.31861054329081345|1.1818181818181819|OperatingMarginChange,5
240|16.886358794413113|53|0.31861054329081345|1.1818181818181819|OperatingMarginChange,5
245|16.886358794413113|51|0.3311050744002571|1.1904761904761905|OperatingMarginChange,5
250|16.886358794413113|49|0.34461956723292064|1.1428571428571428|EarningsPerShareChange,8
255|16.886358794413113|49|0.34461956723292064|1.1428571428571428|EarningsPerShareChange,8
260|16.886358794413113|47|0.3592842296683641|1.0952380952380953|ResearchDevelopment09,15
265|16.886358794413113|47|0.3592842296683641|1.0952380952380953|ResearchDevelopment09,15
270|16.886358794413113|47|0.3592842296683641|1.0952380952380953|ResearchDevelopment09,15
275|16.886358794413113|47|0.3592842296683641|1.0952380952380953|ResearchDevelopment09,15
280|16.886358794413113|47|0.3592842296683641|1.0952380952380953|ResearchDevelopment09,15
285|16.886358794413113|47|0.3592842296683641|1.0952380952380953|ResearchDevelopment09,15
290|16.886358794413113|47|0.3592842296683641|1.0952380952380953|ResearchDevelopment09,15
295|16.886358794413113|47|0.3592842296683641|1.0952380952380953|ResearchDevelopment09,15
300|16.886358794413113|45|0.3752524176536247|1.1578947368421053|EarningsPerShareChange,8
305|16.886358794413113|45|0.3752524176536247|1.1578947368421053|EarningsPerShareChange,8
310|16.886358794413113|45|0.3752524176536247|1.1578947368421053|EarningsPerShareChange,8
315|16.886358794413113|45|0.3752524176536247|1.1578947368421053|EarningsPerShareChange,8
320|16.886358794413113|43|0.39270601847472353|1.05|ResearchDevelopment09,15
325|16.886358794413113|43|0.39270601847472353|1.05|ResearchDevelopment09,15
330|16.886358794413113|43|0.39270601847472353|1.05|ResearchDevelopment09,15
335|16.886358794413113|41|0.411862409619832|1.25|EarningsPerShareChange,8
340|16.886358794413113|39|0.43298355883110545|1.0555555555555556|OperatingMarginChange,5
345|16.886358794413113|39|0.43298355883110545|1.0555555555555556|OperatingMarginChange,5
350|16.886358794413113|39|0.43298355883110545|1.0555555555555556|OperatingMarginChange,5
355|16.886358794413113|39|0.43298355883110545|1.0555555555555556|OperatingMarginChange,5
360|16.886358794413113|37|0.4563880755246787|1.2|EarningsPerShareChange,8
365|16.886358794413113|37|0.4563880755246787|1.2|EarningsPerShareChange,8
370|16.886358794413113|37|0.4563880755246787|1.2|EarningsPerShareChange,8
375|16.886358794413113|35|0.4824673941260889|1.1333333333333333|TotalCurrentLiabilities10,34
380|16.886358794413113|35|0.4824673941260889|1.1333333333333333|TotalCurrentLiabilities10,34
385|16.886358794413113|35|0.4824673941260889|1.1333333333333333|TotalCurrentLiabilities10,34
390|16.886358794413113|35|0.4824673941260889|1.1333333333333333|TotalCurrentLiabilities10,34
395|16.886358794413113|35|0.4824673941260889|1.1333333333333333|TotalCurrentLiabilities10,34
400|16.886358794413113|35|0.4824673941260889|1.1333333333333333|TotalCurrentLiabilities10,34
405|16.886358794413113|35|0.4824673941260889|1.1333333333333333|TotalCurrentLiabilities10,34
410|16.886358794413113|35|0.4824673941260889|1.1333333333333333|TotalCurrentLiabilities10,34
415|16.886358794413113|35|0.4824673941260889|1.1333333333333333|TotalCurrentLiabilities10,34
420|16.886358794413113|35|0.4824673941260889|1.1333333333333333|TotalCurrentLiabilities10,34
425|16.886358794413113|33|0.5117078422549428|1.1428571428571428|TotalCurrentLiabilities10,34
430|16.886358794413113|33|0.5117078422549428|1.1428571428571428|TotalCurrentLiabilities10,34
435|16.886358794413113|33|0.5117078422549428|1.1428571428571428|TotalCurrentLiabilities10,34
440|16.886358794413113|33|0.5117078422549428|1.1428571428571428|TotalCurrentLiabilities10,34
445|16.886358794413113|33|0.5117078422549428|1.1428571428571428|TotalCurrentLiabilities10,34
450|16.886358794413113|33|0.5117078422549428|1.1428571428571428|TotalCurrentLiabilities10,34
455|16.886358794413113|33|0.5117078422549428|1.1428571428571428|TotalCurrentLiabilities10,34
460|17.040632906931148|37|0.46055764613327427|1.2|CapExSalesChange,29
465|17.040632906931148|35|0.4868752259123185|1.1333333333333333|TotalCurrentLiabilities10,34
470|17.040632906931148|35|0.4868752259123185|1.1333333333333333|TotalCurrentLiabilities10,34
475|17.059764568636062|37|0.46107471807124495|1.125|TotalCurrentLiabilities10,34
480|17.059764568636062|37|0.46107471807124495|1.125|TotalCurrentLiabilities10,34
485|17.059764568636062|35|0.4874218448181732|1.1333333333333333|TotalCurrentLiabilities10,34
490|17.059764568636062|35|0.4874218448181732|1.1333333333333333|TotalCurrentLiabilities10,34
495|17.059764568636062|35|0.4874218448181732|1.1333333333333333|TotalCurrentLiabilities10,34
500|17.059764568636062|33|0.5169625626859413|1.0666666666666667|OperatingMarginChange,5
505|17.059764568636062|33|0.5169625626859413|1.0666666666666667|OperatingMarginChange,5
510|17.059764568636062|33|0.5169625626859413|1.0666666666666667|OperatingMarginChange,5
515|17.059764568636062|33|0.5169625626859413|1.0666666666666667|OperatingMarginChange,5
520|17.059764568636062|33|0.5169625626859413|1.0666666666666667|OperatingMarginChange,5
525|17.059764568636062|33|0.5169625626859413|1.0666666666666667|OperatingMarginChange,5
530|17.059764568636062|33|0.5169625626859413|1.0666666666666667|OperatingMarginChange,5
535|17.059764568636062|33|0.5169625626859413|1.0666666666666667|OperatingMarginChange,5
540|17.059764568636062|31|0.5503149860850343|1.0|OperatingMarginChange,5
545|17.059764568636062|31|0.5503149860850343|1.0|OperatingMarginChange,5
550|17.059764568636062|31|0.5503149860850343|1.0|OperatingMarginChange,5
555|17.059764568636062|31|0.5503149860850343|1.0|OperatingMarginChange,5
560|17.059764568636062|29|0.5882677437460712|1.0|OperatingMarginChange,5
565|17.059764568636062|29|0.5882677437460712|1.0|OperatingMarginChange,5
570|17.059764568636062|29|0.5882677437460712|1.0|OperatingMarginChange,5
575|17.059764568636062|29|0.5882677437460712|1.0|OperatingMarginChange,5
580|17.059764568636062|27|0.631843132171706|1.0|OperatingMarginChange,5
585|17.059764568636062|27|0.631843132171706|1.0|OperatingMarginChange,5
590|17.059764568636062|27|0.631843132171706|1.0|OperatingMarginChange,5
595|17.059764568636062|27|0.631843132171706|1.0|OperatingMarginChange,5
600|17.059764568636062|27|0.631843132171706|1.0|OperatingMarginChange,5
605|17.059764568636062|27|0.631843132171706|1.0|OperatingMarginChange,5
610|17.059764568636062|27|0.631843132171706|1.0|OperatingMarginChange,5
615|17.059764568636062|27|0.631843132171706|1.0|OperatingMarginChange,5
620|17.059764568636062|27|0.631843132171706|1.0|OperatingMarginChange,5
625|17.059764568636062|27|0.631843132171706|1.0|OperatingMarginChange,5
630|17.059764568636062|27|0.631843132171706|1.0|OperatingMarginChange,5
635|17.059764568636062|27|0.631843132171706|1.0|OperatingMarginChange,5
640|17.059764568636062|27|0.631843132171706|1.0|OperatingMarginChange,5
645|17.059764568636062|27|0.631843132171706|1.0|OperatingMarginChange,5
650|17.059764568636062|27|0.631843132171706|1.0|OperatingMarginChange,5
655|17.059764568636062|27|0.631843132171706|1.0|OperatingMarginChange,5
660|17.059764568636062|27|0.631843132171706|1.0|OperatingMarginChange,5
665|17.059764568636062|27|0.631843132171706|1.0|OperatingMarginChange,5
670|17.059764568636062|27|0.631843132171706|1.0|OperatingMarginChange,5
675|17.059764568636062|27|0.631843132171706|1.0|OperatingMarginChange,5
680|17.059764568636062|27|0.631843132171706|1.0|OperatingMarginChange,5
685|17.059764568636062|27|0.631843132171706|1.0|OperatingMarginChange,5
690|17.059764568636062|27|0.631843132171706|1.0|OperatingMarginChange,5
695|17.059764568636062|27|0.631843132171706|1.0|OperatingMarginChange,5
700|17.059764568636062|27|0.631843132171706|1.0|OperatingMarginChange,5
705|17.059764568636062|27|0.631843132171706|1.0|OperatingMarginChange,5
710|17.059764568636062|27|0.631843132171706|1.0|OperatingMarginChange,5
715|17.059764568636062|27|0.631843132171706|1.0|OperatingMarginChange,5
720|17.059764568636062|27|0.631843132171706|1.0|OperatingMarginChange,5
725|17.059764568636062|27|0.631843132171706|1.0|OperatingMarginChange,5
730|17.059764568636062|27|0.631843132171706|1.0|OperatingMarginChange,5
735|17.059764568636062|27|0.631843132171706|1.0|OperatingMarginChange,5
740|17.059764568636062|27|0.631843132171706|1.0|OperatingMarginChange,5
745|17.059764568636062|27|0.631843132171706|1.0|OperatingMarginChange,5
750|17.059764568636062|27|0.631843132171706|1.0|OperatingMarginChange,5
755|17.059764568636062|27|0.631843132171706|1.0|OperatingMarginChange,5
760|17.059764568636062|27|0.631843132171706|1.0|OperatingMarginChange,5
765|17.059764568636062|27|0.631843132171706|1.0|OperatingMarginChange,5
770|17.059764568636062|27|0.631843132171706|1.0|OperatingMarginChange,5
775|17.059764568636062|27|0.631843132171706|1.0|OperatingMarginChange,5
780|17.059764568636062|27|0.631843132171706|1.0|OperatingMarginChange,5
785|17.059764568636062|27|0.631843132171706|1.0|OperatingMarginChange,5
790|17.059764568636062|27|0.631843132171706|1.0|OperatingMarginChange,5
795|17.059764568636062|27|0.631843132171706|1.0|OperatingMarginChange,5
800|17.059764568636062|27|0.631843132171706|1.0|OperatingMarginChange,5
805|17.059764568636062|27|0.631843132171706|1.0|OperatingMarginChange,5
810|17.059764568636062|27|0.631843132171706|1.0|OperatingMarginChange,5
815|17.059764568636062|27|0.631843132171706|1.0|OperatingMarginChange,5
820|17.059764568636062|27|0.631843132171706|1.0|OperatingMarginChange,5
825|17.059764568636062|27|0.631843132171706|1.0|OperatingMarginChange,5
830|17.059764568636062|27|0.631843132171706|1.0|OperatingMarginChange,5
835|17.059764568636062|27|0.631843132171706|1.0|OperatingMarginChange,5
840|17.059764568636062|27|0.631843132171706|1.0|OperatingMarginChange,5
845|17.059764568636062|27|0.631843132171706|1.0|OperatingMarginChange,5
850|17.059764568636062|27|0.631843132171706|1.0|OperatingMarginChange,5
855|17.059764568636062|27|0.631843132171706|1.0|OperatingMarginChange,5
860|17.059764568636062|27|0.631843132171706|1.0|OperatingMarginChange,5
865|17.059764568636062|27|0.631843132171706|1.0|OperatingMarginChange,5
870|17.059764568636062|27|0.631843132171706|1.0|OperatingMarginChange,5
875|17.059764568636062|27|0.631843132171706|1.0|OperatingMarginChange,5
880|17.059764568636062|27|0.631843132171706|1.0|OperatingMarginChange,5
885|17.059764568636062|27|0.631843132171706|1.0|OperatingMarginChange,5
890|17.059764568636062|27|0.631843132171706|1.0|OperatingMarginChange,5
895|17.059764568636062|27|0.631843132171706|1.0|OperatingMarginChange,5
900|17.059764568636062|27|0.631843132171706|1.0|OperatingMarginChange,5
905|17.059764568636062|27|0.631843132171706|1.0|OperatingMarginChange,5
910|17.059764568636062|27|0.631843132171706|1.0|OperatingMarginChange,5
915|17.107669495429505|29|0.5899196377734313|1.0769230769230769|ResearchDevelopment09,15
920|17.107669495429505|29|0.5899196377734313|1.0769230769230769|ResearchDevelopment09,15
925|17.107669495429505|29|0.5899196377734313|1.0769230769230769|ResearchDevelopment09,15
930|17.107669495429505|27|0.6336173887196113|1.0|GrossMargin09,0
935|17.107669495429505|27|0.6336173887196113|1.0|GrossMargin09,0
940|17.107669495429505|27|0.6336173887196113|1.0|GrossMargin09,0
945|17.107669495429505|27|0.6336173887196113|1.0|GrossMargin09,0
950|17.107669495429505|27|0.6336173887196113|1.0|GrossMargin09,0
955|17.107669495429505|27|0.6336173887196113|1.0|GrossMargin09,0
960|17.107669495429505|27|0.6336173887196113|1.0|GrossMargin09,0
965|17.107669495429505|27|0.6336173887196113|1.0|GrossMargin09,0
970|17.107669495429505|27|0.6336173887196113|1.0|GrossMargin09,0
975|17.107669495429505|27|0.6336173887196113|1.0|GrossMargin09,0
980|17.107669495429505|27|0.6336173887196113|1.0|GrossMargin09,0
985|17.107669495429505|27|0.6336173887196113|1.0|GrossMargin09,0
990|17.24136561876393|29|0.5945298489228941|1.0|GrossMargin09,0
995|17.24136561876393|29|0.5945298489228941|1.0|GrossMargin09,0
1000|17.24136561876393|29|0.5945298489228941|1.0|GrossMargin09,0
1005|17.24136561876393|29|0.5945298489228941|1.0|GrossMargin09,0
1010|17.24136561876393|29|0.5945298489228941|1.0|GrossMargin09,0
1015|17.24136561876393|29|0.5945298489228941|1.0|GrossMargin09,0
1020|17.24136561876393|29|0.5945298489228941|1.0|GrossMargin09,0
1025|17.24136561876393|29|0.5945298489228941|1.0|GrossMargin09,0
1030|17.24136561876393|29|0.5945298489228941|1.0|GrossMargin09,0
1035|17.24136561876393|29|0.5945298489228941|1.0|GrossMargin09,0
1040|17.24136561876393|29|0.5945298489228941|1.0|GrossMargin09,0
1045|17.24136561876393|29|0.5945298489228941|1.0|GrossMargin09,0
1050|17.24136561876393|29|0.5945298489228941|1.0|GrossMargin09,0
1055|17.24136561876393|29|0.5945298489228941|1.0|GrossMargin09,0
1060|17.24136561876393|29|0.5945298489228941|1.0|GrossMargin09,0
1065|17.24136561876393|29|0.5945298489228941|1.0|GrossMargin09,0
1070|17.24136561876393|29|0.5945298489228941|1.0|GrossMargin09,0
1075|17.24136561876393|29|0.5945298489228941|1.0|GrossMargin09,0
1080|17.24136561876393|29|0.5945298489228941|1.0|GrossMargin09,0
1085|17.24136561876393|29|0.5945298489228941|1.0|GrossMargin09,0
1090|17.24136561876393|29|0.5945298489228941|1.0|GrossMargin09,0
1095|17.24136561876393|29|0.5945298489228941|1.0|GrossMargin09,0
1100|17.24136561876393|29|0.5945298489228941|1.0|GrossMargin09,0
1105|17.24136561876393|29|0.5945298489228941|1.0|GrossMargin09,0
1110|17.24136561876393|29|0.5945298489228941|1.0|GrossMargin09,0
1115|17.24136561876393|29|0.5945298489228941|1.0|GrossMargin09,0
1120|17.24136561876393|29|0.5945298489228941|1.0|GrossMargin09,0
1125|17.24136561876393|29|0.5945298489228941|1.0|GrossMargin09,0
1130|17.24136561876393|29|0.5945298489228941|1.0|GrossMargin09,0
1135|17.24136561876393|29|0.5945298489228941|1.0|GrossMargin09,0
1140|17.24136561876393|29|0.5945298489228941|1.0|GrossMargin09,0
1145|17.24136561876393|29|0.5945298489228941|1.0|GrossMargin09,0
1150|17.24136561876393|29|0.5945298489228941|1.0|GrossMargin09,0
1155|17.24136561876393|29|0.5945298489228941|1.0|GrossMargin09,0
1160|17.24136561876393|29|0.5945298489228941|1.0|GrossMargin09,0
1165|17.24136561876393|29|0.5945298489228941|1.0|GrossMargin09,0
1170|17.24136561876393|29|0.5945298489228941|1.0|GrossMargin09,0
1175|17.24136561876393|29|0.5945298489228941|1.0|GrossMargin09,0
1180|17.24136561876393|29|0.5945298489228941|1.0|GrossMargin09,0
1185|17.24136561876393|29|0.5945298489228941|1.0|GrossMargin09,0
1190|17.24136561876393|29|0.5945298489228941|1.0|GrossMargin09,0
1195|17.24136561876393|29|0.5945298489228941|1.0|GrossMargin09,0
1200|17.24136561876393|29|0.5945298489228941|1.0|GrossMargin09,0
1205|17.24136561876393|29|0.5945298489228941|1.0|GrossMargin09,0
1210|17.24136561876393|29|0.5945298489228941|1.0|GrossMargin09,0
1215|17.24136561876393|29|0.5945298489228941|1.0|GrossMargin09,0
1220|17.24136561876393|29|0.5945298489228941|1.0|GrossMargin09,0
1225|17.24136561876393|29|0.5945298489228941|1.0|GrossMargin09,0
1230|17.24136561876393|29|0.5945298489228941|1.0|GrossMargin09,0
1235|17.24136561876393|29|0.5945298489228941|1.0|GrossMargin09,0
1240|17.24136561876393|29|0.5945298489228941|1.0|GrossMargin09,0
1245|17.24136561876393|29|0.5945298489228941|1.0|GrossMargin09,0
1250|17.24136561876393|29|0.5945298489228941|1.0|GrossMargin09,0
1255|17.24136561876393|29|0.5945298489228941|1.0|GrossMargin09,0
1260|17.24136561876393|29|0.5945298489228941|1.0|GrossMargin09,0
1265|17.24136561876393|29|0.5945298489228941|1.0|GrossMargin09,0
1270|17.24136561876393|29|0.5945298489228941|1.0|GrossMargin09,0
1275|17.24136561876393|29|0.5945298489228941|1.0|GrossMargin09,0
1280|17.24136561876393|29|0.5945298489228941|1.0|GrossMargin09,0
1285|17.24136561876393|29|0.5945298489228941|1.0|GrossMargin09,0
1290|17.24136561876393|29|0.5945298489228941|1.0|GrossMargin09,0
1295|17.24136561876393|29|0.5945298489228941|1.0|GrossMargin09,0
1300|17.24136561876393|29|0.5945298489228941|1.0|GrossMargin09,0
1305|17.24136561876393|29|0.5945298489228941|1.0|GrossMargin09,0
1310|17.24136561876393|29|0.5945298489228941|1.0|GrossMargin09,0
1315|17.24136561876393|29|0.5945298489228941|1.0|GrossMargin09,0
1320|17.24136561876393|29|0.5945298489228941|1.0|GrossMargin09,0
1325|17.24136561876393|29|0.5945298489228941|1.0|GrossMargin09,0
1330|17.24136561876393|29|0.5945298489228941|1.0|GrossMargin09,0
1335|17.24136561876393|29|0.5945298489228941|1.0|GrossMargin09,0
1340|17.24136561876393|29|0.5945298489228941|1.0|GrossMargin09,0
1345|17.24136561876393|29|0.5945298489228941|1.0|GrossMargin09,0
1350|17.24136561876393|29|0.5945298489228941|1.0|GrossMargin09,0
1355|17.24136561876393|29|0.5945298489228941|1.0|GrossMargin09,0
1360|17.24136561876393|29|0.5945298489228941|1.0|GrossMargin09,0
1365|17.24136561876393|29|0.5945298489228941|1.0|GrossMargin09,0
1370|17.24136561876393|29|0.5945298489228941|1.0|GrossMargin09,0
1375|17.24136561876393|29|0.5945298489228941|1.0|GrossMargin09,0
1380|17.24136561876393|29|0.5945298489228941|1.0|GrossMargin09,0
1385|17.24136561876393|29|0.5945298489228941|1.0|GrossMargin09,0
1390|17.24136561876393|29|0.5945298489228941|1.0|GrossMargin09,0
1395|17.24136561876393|29|0.5945298489228941|1.0|GrossMargin09,0
1400|17.24136561876393|29|0.5945298489228941|1.0|GrossMargin09,0
1405|17.24136561876393|29|0.5945298489228941|1.0|GrossMargin09,0
1410|17.24136561876393|29|0.5945298489228941|1.0|GrossMargin09,0
1415|17.24136561876393|29|0.5945298489228941|1.0|GrossMargin09,0
1420|17.24136561876393|29|0.5945298489228941|1.0|GrossMargin09,0
1425|17.24136561876393|29|0.5945298489228941|1.0|GrossMargin09,0
1430|17.24136561876393|29|0.5945298489228941|1.0|GrossMargin09,0
1435|17.24136561876393|29|0.5945298489228941|1.0|GrossMargin09,0
1440|17.24136561876393|29|0.5945298489228941|1.0|GrossMargin09,0
1445|17.24136561876393|29|0.5945298489228941|1.0|GrossMargin09,0
1450|17.24136561876393|29|0.5945298489228941|1.0|GrossMargin09,0
1455|17.24136561876393|29|0.5945298489228941|1.0|GrossMargin09,0
1460|17.24136561876393|29|0.5945298489228941|1.0|GrossMargin09,0
1465|17.24136561876393|29|0.5945298489228941|1.0|GrossMargin09,0
1470|17.24136561876393|29|0.5945298489228941|1.0|GrossMargin09,0
1475|17.24136561876393|29|0.5945298489228941|1.0|GrossMargin09,0
1480|17.24136561876393|29|0.5945298489228941|1.0|GrossMargin09,0
1485|17.24136561876393|29|0.5945298489228941|1.0|GrossMargin09,0
1490|17.24136561876393|29|0.5945298489228941|1.0|GrossMargin09,0
1495|17.24136561876393|29|0.5945298489228941|1.0|GrossMargin09,0
1500|17.24136561876393|29|0.5945298489228941|1.0|GrossMargin09,0
1505|17.24136561876393|29|0.5945298489228941|1.0|GrossMargin09,0
1510|17.24136561876393|29|0.5945298489228941|1.0|GrossMargin09,0
1515|17.24136561876393|29|0.5945298489228941|1.0|GrossMargin09,0
1520|17.24136561876393|29|0.5945298489228941|1.0|GrossMargin09,0
1525|17.24136561876393|29|0.5945298489228941|1.0|GrossMargin09,0
1530|17.24136561876393|29|0.5945298489228941|1.0|GrossMargin09,0
1535|17.24136561876393|29|0.5945298489228941|1.0|GrossMargin09,0
1540|17.24136561876393|29|0.5945298489228941|1.0|GrossMargin09,0
1545|17.24136561876393|29|0.5945298489228941|1.0|GrossMargin09,0
1550|17.24136561876393|29|0.5945298489228941|1.0|GrossMargin09,0
1555|17.24136561876393|29|0.5945298489228941|1.0|GrossMargin09,0
1560|17.24136561876393|29|0.5945298489228941|1.0|GrossMargin09,0
1565|17.24136561876393|29|0.5945298489228941|1.0|GrossMargin09,0
1570|17.24136561876393|29|0.5945298489228941|1.0|GrossMargin09,0
1575|17.24136561876393|29|0.5945298489228941|1.0|GrossMargin09,0
1580|17.24136561876393|29|0.5945298489228941|1.0|GrossMargin09,0
1585|17.24136561876393|29|0.5945298489228941|1.0|GrossMargin09,0
1590|17.24136561876393|29|0.5945298489228941|1.0|GrossMargin09,0
1595|17.24136561876393|29|0.5945298489228941|1.0|GrossMargin09,0
1600|17.24136561876393|29|0.5945298489228941|1.0|GrossMargin09,0
1605|17.24136561876393|29|0.5945298489228941|1.0|GrossMargin09,0
1610|17.24136561876393|29|0.5945298489228941|1.0|GrossMargin09,0
1615|17.24136561876393|29|0.5945298489228941|1.0|GrossMargin09,0
1620|17.24136561876393|29|0.5945298489228941|1.0|GrossMargin09,0
1625|17.24136561876393|29|0.5945298489228941|1.0|GrossMargin09,0
1630|17.24136561876393|29|0.5945298489228941|1.0|GrossMargin09,0
1635|17.24136561876393|29|0.5945298489228941|1.0|GrossMargin09,0
1640|17.24136561876393|29|0.5945298489228941|1.0|GrossMargin09,0
1645|17.24136561876393|29|0.5945298489228941|1.0|GrossMargin09,0
1650|17.24136561876393|29|0.5945298489228941|1.0|GrossMargin09,0
1655|17.24136561876393|29|0.5945298489228941|1.0|GrossMargin09,0
1660|17.24136561876393|29|0.5945298489228941|1.0|GrossMargin09,0
1665|17.24136561876393|29|0.5945298489228941|1.0|GrossMargin09,0
1670|17.24136561876393|29|0.5945298489228941|1.0|GrossMargin09,0
1675|17.24136561876393|29|0.5945298489228941|1.0|GrossMargin09,0
1680|17.24136561876393|29|0.5945298489228941|1.0|GrossMargin09,0
1685|17.24136561876393|29|0.5945298489228941|1.0|GrossMargin09,0
1690|17.24136561876393|29|0.5945298489228941|1.0|GrossMargin09,0
1695|17.24136561876393|29|0.5945298489228941|1.0|GrossMargin09,0
1700|17.24136561876393|29|0.5945298489228941|1.0|GrossMargin09,0
1705|17.24136561876393|29|0.5945298489228941|1.0|GrossMargin09,0
1710|17.24136561876393|29|0.5945298489228941|1.0|GrossMargin09,0
1715|17.24136561876393|29|0.5945298489228941|1.0|GrossMargin09,0
1720|17.24136561876393|29|0.5945298489228941|1.0|GrossMargin09,0
1725|17.24136561876393|29|0.5945298489228941|1.0|GrossMargin09,0
1730|17.24136561876393|29|0.5945298489228941|1.0|GrossMargin09,0
1735|17.24136561876393|29|0.5945298489228941|1.0|GrossMargin09,0
1740|17.24136561876393|29|0.5945298489228941|1.0|GrossMargin09,0
1745|17.24136561876393|29|0.5945298489228941|1.0|GrossMargin09,0
1750|17.24136561876393|29|0.5945298489228941|1.0|GrossMargin09,0
1755|17.24136561876393|29|0.5945298489228941|1.0|GrossMargin09,0
1760|17.24136561876393|29|0.5945298489228941|1.0|GrossMargin09,0
1765|17.24136561876393|29|0.5945298489228941|1.0|GrossMargin09,0
1770|17.24136561876393|29|0.5945298489228941|1.0|GrossMargin09,0
1775|17.24136561876393|29|0.5945298489228941|1.0|GrossMargin09,0
1780|17.24136561876393|29|0.5945298489228941|1.0|GrossMargin09,0
1785|17.24136561876393|29|0.5945298489228941|1.0|GrossMargin09,0
1790|17.24136561876393|29|0.5945298489228941|1.0|GrossMargin09,0
1795|17.24136561876393|29|0.5945298489228941|1.0|GrossMargin09,0
1800|17.24136561876393|29|0.5945298489228941|1.0|GrossMargin09,0
1805|17.24136561876393|29|0.5945298489228941|1.0|GrossMargin09,0
1810|17.24136561876393|29|0.5945298489228941|1.0|GrossMargin09,0
1815|17.24136561876393|29|0.5945298489228941|1.0|GrossMargin09,0
1820|17.24136561876393|29|0.5945298489228941|1.0|GrossMargin09,0
1825|17.24136561876393|29|0.5945298489228941|1.0|GrossMargin09,0
1830|17.24136561876393|29|0.5945298489228941|1.0|GrossMargin09,0
1835|17.24136561876393|29|0.5945298489228941|1.0|GrossMargin09,0
1840|17.24136561876393|29|0.5945298489228941|1.0|GrossMargin09,0
1845|17.24136561876393|29|0.5945298489228941|1.0|GrossMargin09,0
1850|17.24136561876393|29|0.5945298489228941|1.0|GrossMargin09,0
1855|17.24136561876393|29|0.5945298489228941|1.0|GrossMargin09,0
1860|17.24136561876393|29|0.5945298489228941|1.0|GrossMargin09,0
1865|17.24136561876393|29|0.5945298489228941|1.0|GrossMargin09,0
1870|17.24136561876393|29|0.5945298489228941|1.0|GrossMargin09,0
1875|17.24136561876393|29|0.5945298489228941|1.0|GrossMargin09,0
1880|17.24136561876393|29|0.5945298489228941|1.0|GrossMargin09,0
1885|17.24136561876393|29|0.5945298489228941|1.0|GrossMargin09,0
1890|17.24136561876393|29|0.5945298489228941|1.0|GrossMargin09,0
1895|17.24136561876393|29|0.5945298489228941|1.0|GrossMargin09,0
1900|17.24136561876393|29|0.5945298489228941|1.0|GrossMargin09,0
1905|17.24136561876393|29|0.5945298489228941|1.0|GrossMargin09,0
1910|17.24136561876393|29|0.5945298489228941|1.0|GrossMargin09,0
1915|17.24136561876393|29|0.5945298489228941|1.0|GrossMargin09,0
1920|17.24136561876393|29|0.5945298489228941|1.0|GrossMargin09,0
1925|17.24136561876393|29|0.5945298489228941|1.0|GrossMargin09,0
1930|17.24136561876393|29|0.5945298489228941|1.0|GrossMargin09,0
1935|17.24136561876393|29|0.5945298489228941|1.0|GrossMargin09,0
1940|17.24136561876393|29|0.5945298489228941|1.0|GrossMargin09,0
1945|17.24136561876393|29|0.5945298489228941|1.0|GrossMargin09,0
1950|17.24136561876393|29|0.5945298489228941|1.0|GrossMargin09,0
1955|17.24136561876393|29|0.5945298489228941|1.0|GrossMargin09,0
1960|17.24136561876393|29|0.5945298489228941|1.0|GrossMargin09,0
1965|17.24136561876393|29|0.5945298489228941|1.0|GrossMargin09,0
1970|17.24136561876393|29|0.5945298489228941|1.0|GrossMargin09,0
1975|17.24136561876393|29|0.5945298489228941|1.0|GrossMargin09,0
1980|17.24136561876393|29|0.5945298489228941|1.0|GrossMargin09,0
1985|17.24136561876393|29|0.5945298489228941|1.0|GrossMargin09,0
1990|17.24136561876393|29|0.5945298489228941|1.0|GrossMargin09,0
1995|17.24136561876393|29|0.5945298489228941|1.0|GrossMargin09,0
2000|17.24136561876393|29|0.5945298489228941|1.0|GrossMargin09,0
