#########################################################
# Algorithm Parameters #
# Generations = 2000
# Population size = 100
# Resolution = 5
#########################################################
# Financial Parameters #
# Quarter = 4
# Crossover probabilities = 0.75 -> 0.25
# Mutation start probabilities = 0.9,0.0,0.6,0.5,0.6,0.9
# Mutation end probabilities = 0.4,0.4,0.1,0.1,0.1,0.4
######################################################### 
0|7.423673662898363|7|1.0605248089854804|1.0|SGAExpenses09,12
5|9.560109259344262|21|0.4552432980640125|1.25|QuickRatio10,40
10|10.224832567199996|19|0.5381490824842103|1.0|GrossMargin10,1
15|11.287507142088522|25|0.4515002856835409|1.0909090909090908|QuickRatio10,40
20|11.787028347672129|23|0.5124794933770491|1.1|OperatingMarginChange,5
25|12.62245528979016|29|0.43525707895828136|1.0|GrossMarginChange,2
30|12.873848833799999|39|0.33009868804615383|1.2666666666666666|ReturnOnInvestedCapital10,25
35|13.11766981274426|35|0.37479056607840744|1.2142857142857142|ReturnOnInvestedCapital09,24
40|13.1595488594459|33|0.39877420786199697|1.2307692307692308|ResearchDevelopment10,16
45|13.293244982780326|39|0.3408524354559058|1.2666666666666666|ReturnOnInvestedCapital09,24
50|13.293244982780326|39|0.3408524354559058|1.2666666666666666|ReturnOnInvestedCapital09,24
55|13.293244982780326|37|0.3592768914264953|1.2|GrossMarginChange,2
60|13.293244982780326|37|0.3592768914264953|1.2|GrossMarginChange,2
65|13.293244982780326|35|0.37980699950800934|1.2142857142857142|GrossMarginChange,2
70|13.481872460659012|39|0.34568903745279517|1.3571428571428572|ReturnOnInvestedCapitalChange,26
75|13.481872460659012|37|0.3643749313691625|1.2857142857142858|GrossMarginChange,2
80|13.481872460659012|37|0.3643749313691625|1.2857142857142858|GrossMarginChange,2
85|13.481872460659012|37|0.3643749313691625|1.2857142857142858|GrossMarginChange,2
90|13.481872460659012|37|0.3643749313691625|1.2857142857142858|GrossMarginChange,2
95|13.481872460659012|37|0.3643749313691625|1.2857142857142858|GrossMarginChange,2
100|13.62680778568524|39|0.3494053278380831|1.1875|GrossMarginChange,2
105|14.151799379337701|41|0.34516583852043176|1.25|ReturnOnInvestedCapital09,24
110|14.151799379337701|41|0.34516583852043176|1.25|ReturnOnInvestedCapital09,24
115|14.151799379337701|41|0.34516583852043176|1.25|ReturnOnInvestedCapital09,24
120|14.151799379337701|41|0.34516583852043176|1.25|ReturnOnInvestedCapital09,24
125|14.377132626573765|43|0.33435192154822707|1.2352941176470589|GrossMarginChange,2
130|14.377132626573765|43|0.33435192154822707|1.2352941176470589|GrossMarginChange,2
135|14.377132626573765|43|0.33435192154822707|1.2352941176470589|GrossMarginChange,2
140|14.636808351308193|45|0.32526240780684873|1.1578947368421053|ReturnOnInvestedCapital09,24
145|14.636808351308193|45|0.32526240780684873|1.1578947368421053|ReturnOnInvestedCapital09,24
150|14.636808351308193|45|0.32526240780684873|1.1578947368421053|ReturnOnInvestedCapital09,24
155|14.636808351308193|43|0.3403908918908882|1.3125|ReturnOnInvestedCapital09,24
160|14.636808351308193|43|0.3403908918908882|1.3125|ReturnOnInvestedCapital09,24
165|14.862223273449178|45|0.33027162829887063|1.375|ReturnOnInvestedCapital09,24
170|14.862223273449178|45|0.33027162829887063|1.375|ReturnOnInvestedCapital09,24
175|14.862223273449178|45|0.33027162829887063|1.375|ReturnOnInvestedCapital09,24
180|15.064481485137703|45|0.3347662552252823|1.375|OperatingMarginChange,5
185|15.064481485137703|45|0.3347662552252823|1.375|OperatingMarginChange,5
190|15.096644729701634|47|0.3212052070149284|1.3529411764705883|ReturnOnInvestedCapital09,24
195|15.599135728957373|49|0.31834970875423213|1.411764705882353|ReturnOnInvestedCapital09,24
200|15.599135728957373|47|0.33189650487143346|1.3529411764705883|OperatingMarginChange,5
205|15.599135728957373|45|0.34664746064349716|1.4666666666666666|ReturnOnInvestedCapital09,24
210|15.599135728957373|45|0.34664746064349716|1.4666666666666666|ReturnOnInvestedCapital09,24
215|15.599135728957373|43|0.36277059834784586|1.5|ReturnOnInvestedCapital09,24
220|15.82187657636721|47|0.3366356718376002|1.4375|ReturnOnInvestedCapital09,24
225|16.055749701498357|47|0.3416116957765608|1.4375|ReturnOnInvestedCapital09,24
230|16.055749701498357|47|0.3416116957765608|1.4375|ReturnOnInvestedCapital09,24
235|16.055749701498357|47|0.3416116957765608|1.4375|ReturnOnInvestedCapital09,24
240|16.117206830075407|51|0.3160236633348119|1.6666666666666667|OperatingMarginChange,5
245|16.200685026524585|49|0.330626225031114|1.5|ReturnOnInvestedCapital09,24
250|16.236611502206554|55|0.29521111822193735|1.4210526315789473|OperatingMarginChange,5
255|16.278490548908195|55|0.2959725554346945|1.5|ReturnOnInvestedCapital09,24
260|16.278490548908195|55|0.2959725554346945|1.5|ReturnOnInvestedCapital09,24
265|16.418212552334424|63|0.2606065484497528|1.55|ReturnOnInvestedCapital09,24
270|16.418212552334424|57|0.2880388167076215|1.5555555555555556|OperatingMarginChange,5
275|16.418212552334424|57|0.2880388167076215|1.5555555555555556|OperatingMarginChange,5
280|16.460091599036065|61|0.26983756719731256|1.5789473684210527|ReturnOnInvestedCapital09,24
285|16.460091599036065|59|0.2789846033734926|1.45|OperatingMarginChange,5
290|16.460091599036065|57|0.28877353682519413|1.5555555555555556|OperatingMarginChange,5
295|16.460091599036065|57|0.28877353682519413|1.5555555555555556|OperatingMarginChange,5
300|16.460091599036065|55|0.29927439270974665|1.5|OperatingMarginChange,5
305|16.460091599036065|55|0.29927439270974665|1.5|OperatingMarginChange,5
310|16.460091599036065|55|0.29927439270974665|1.5|OperatingMarginChange,5
315|16.460091599036065|53|0.3105677660195484|1.5294117647058822|OperatingMarginChange,5
320|16.460091599036065|53|0.3105677660195484|1.5294117647058822|OperatingMarginChange,5
325|16.460091599036065|53|0.3105677660195484|1.5294117647058822|OperatingMarginChange,5
330|16.460091599036065|53|0.3105677660195484|1.5294117647058822|OperatingMarginChange,5
335|16.460091599036065|53|0.3105677660195484|1.5294117647058822|OperatingMarginChange,5
340|16.460091599036065|53|0.3105677660195484|1.5294117647058822|OperatingMarginChange,5
345|16.460091599036065|53|0.3105677660195484|1.5294117647058822|OperatingMarginChange,5
350|16.460091599036065|53|0.3105677660195484|1.5294117647058822|OperatingMarginChange,5
355|16.460091599036065|53|0.3105677660195484|1.5294117647058822|OperatingMarginChange,5
360|16.460091599036065|53|0.3105677660195484|1.5294117647058822|OperatingMarginChange,5
365|16.460091599036065|53|0.3105677660195484|1.5294117647058822|OperatingMarginChange,5
370|16.460091599036065|51|0.3227468940987464|1.4705882352941178|OperatingMarginChange,5
375|16.460091599036065|51|0.3227468940987464|1.4705882352941178|OperatingMarginChange,5
380|16.460091599036065|51|0.3227468940987464|1.4705882352941178|OperatingMarginChange,5
385|16.460091599036065|51|0.3227468940987464|1.4705882352941178|OperatingMarginChange,5
390|16.460091599036065|51|0.3227468940987464|1.4705882352941178|OperatingMarginChange,5
395|16.460091599036065|51|0.3227468940987464|1.4705882352941178|OperatingMarginChange,5
400|16.460091599036065|49|0.33592023671502175|1.6|OperatingMarginChange,5
405|16.75542185274426|51|0.32853768338714234|1.5625|OperatingMarginChange,5
410|16.75542185274426|51|0.32853768338714234|1.5625|OperatingMarginChange,5
415|16.75542185274426|49|0.34194738474988284|1.5|GrossMargin09,0
420|16.75542185274426|49|0.34194738474988284|1.5|GrossMargin09,0
425|16.75542185274426|49|0.34194738474988284|1.5|GrossMargin09,0
430|16.75542185274426|49|0.34194738474988284|1.5|GrossMargin09,0
435|16.75542185274426|49|0.34194738474988284|1.5|GrossMargin09,0
440|16.75542185274426|49|0.34194738474988284|1.5|GrossMargin09,0
445|16.75542185274426|47|0.356498337292431|1.5333333333333334|OperatingMarginChange,5
450|16.75542185274426|47|0.356498337292431|1.5333333333333334|OperatingMarginChange,5
455|16.75542185274426|47|0.356498337292431|1.5333333333333334|OperatingMarginChange,5
460|16.75542185274426|47|0.356498337292431|1.5333333333333334|OperatingMarginChange,5
465|16.75542185274426|47|0.356498337292431|1.5333333333333334|OperatingMarginChange,5
470|16.75542185274426|47|0.356498337292431|1.5333333333333334|OperatingMarginChange,5
475|16.75542185274426|47|0.356498337292431|1.5333333333333334|OperatingMarginChange,5
480|16.75542185274426|47|0.356498337292431|1.5333333333333334|OperatingMarginChange,5
485|16.75542185274426|47|0.356498337292431|1.5333333333333334|OperatingMarginChange,5
490|16.75542185274426|47|0.356498337292431|1.5333333333333334|OperatingMarginChange,5
495|16.75542185274426|47|0.356498337292431|1.5333333333333334|OperatingMarginChange,5
500|16.75542185274426|47|0.356498337292431|1.5333333333333334|OperatingMarginChange,5
505|16.75542185274426|47|0.356498337292431|1.5333333333333334|OperatingMarginChange,5
510|16.75542185274426|47|0.356498337292431|1.5333333333333334|OperatingMarginChange,5
515|16.75542185274426|47|0.356498337292431|1.5333333333333334|OperatingMarginChange,5
520|16.75542185274426|47|0.356498337292431|1.5333333333333334|OperatingMarginChange,5
525|16.75542185274426|45|0.37234270783876133|1.5714285714285714|OperatingMarginChange,5
530|16.75542185274426|45|0.37234270783876133|1.5714285714285714|OperatingMarginChange,5
535|16.75542185274426|45|0.37234270783876133|1.5714285714285714|OperatingMarginChange,5
540|16.75542185274426|45|0.37234270783876133|1.5714285714285714|OperatingMarginChange,5
545|16.75542185274426|45|0.37234270783876133|1.5714285714285714|OperatingMarginChange,5
550|16.75542185274426|45|0.37234270783876133|1.5714285714285714|OperatingMarginChange,5
555|16.75542185274426|43|0.38966097331963395|1.5|OperatingMarginChange,5
560|16.75542185274426|43|0.38966097331963395|1.5|OperatingMarginChange,5
565|16.75542185274426|43|0.38966097331963395|1.5|OperatingMarginChange,5
570|16.75542185274426|41|0.4086688256766893|1.3333333333333333|OperatingMarginChange,5
575|16.75542185274426|41|0.4086688256766893|1.3333333333333333|OperatingMarginChange,5
580|16.75542185274426|41|0.4086688256766893|1.3333333333333333|OperatingMarginChange,5
585|16.75542185274426|41|0.4086688256766893|1.3333333333333333|OperatingMarginChange,5
590|16.75542185274426|41|0.4086688256766893|1.3333333333333333|OperatingMarginChange,5
595|16.75542185274426|39|0.4296262013524169|1.4615384615384615|OperatingMarginChange,5
600|16.75542185274426|39|0.4296262013524169|1.4615384615384615|OperatingMarginChange,5
605|16.75542185274426|39|0.4296262013524169|1.4615384615384615|OperatingMarginChange,5
610|16.75542185274426|39|0.4296262013524169|1.4615384615384615|OperatingMarginChange,5
615|16.75542185274426|39|0.4296262013524169|1.4615384615384615|OperatingMarginChange,5
620|16.75542185274426|39|0.4296262013524169|1.4615384615384615|OperatingMarginChange,5
625|16.75542185274426|39|0.4296262013524169|1.4615384615384615|OperatingMarginChange,5
630|16.75542185274426|39|0.4296262013524169|1.4615384615384615|OperatingMarginChange,5
635|16.75542185274426|39|0.4296262013524169|1.4615384615384615|OperatingMarginChange,5
640|16.75542185274426|39|0.4296262013524169|1.4615384615384615|OperatingMarginChange,5
645|16.75542185274426|39|0.4296262013524169|1.4615384615384615|OperatingMarginChange,5
650|16.75542185274426|39|0.4296262013524169|1.4615384615384615|OperatingMarginChange,5
655|16.75542185274426|39|0.4296262013524169|1.4615384615384615|OperatingMarginChange,5
660|16.75542185274426|39|0.4296262013524169|1.4615384615384615|OperatingMarginChange,5
665|16.75542185274426|39|0.4296262013524169|1.4615384615384615|OperatingMarginChange,5
670|16.75542185274426|39|0.4296262013524169|1.4615384615384615|OperatingMarginChange,5
675|16.75542185274426|39|0.4296262013524169|1.4615384615384615|OperatingMarginChange,5
680|16.75542185274426|39|0.4296262013524169|1.4615384615384615|OperatingMarginChange,5
685|16.75542185274426|39|0.4296262013524169|1.4615384615384615|OperatingMarginChange,5
690|16.75542185274426|39|0.4296262013524169|1.4615384615384615|OperatingMarginChange,5
695|16.75542185274426|39|0.4296262013524169|1.4615384615384615|OperatingMarginChange,5
700|16.75542185274426|39|0.4296262013524169|1.4615384615384615|OperatingMarginChange,5
705|16.75542185274426|39|0.4296262013524169|1.4615384615384615|OperatingMarginChange,5
710|16.75542185274426|39|0.4296262013524169|1.4615384615384615|OperatingMarginChange,5
715|16.75542185274426|39|0.4296262013524169|1.4615384615384615|OperatingMarginChange,5
720|16.75542185274426|39|0.4296262013524169|1.4615384615384615|OperatingMarginChange,5
725|16.75542185274426|39|0.4296262013524169|1.4615384615384615|OperatingMarginChange,5
730|16.75542185274426|39|0.4296262013524169|1.4615384615384615|OperatingMarginChange,5
735|16.75542185274426|39|0.4296262013524169|1.4615384615384615|OperatingMarginChange,5
740|16.75542185274426|39|0.4296262013524169|1.4615384615384615|OperatingMarginChange,5
745|16.75542185274426|39|0.4296262013524169|1.4615384615384615|OperatingMarginChange,5
750|16.75542185274426|39|0.4296262013524169|1.4615384615384615|OperatingMarginChange,5
755|16.75542185274426|39|0.4296262013524169|1.4615384615384615|OperatingMarginChange,5
760|16.75542185274426|39|0.4296262013524169|1.4615384615384615|OperatingMarginChange,5
765|16.75542185274426|39|0.4296262013524169|1.4615384615384615|OperatingMarginChange,5
770|16.75542185274426|39|0.4296262013524169|1.4615384615384615|OperatingMarginChange,5
775|16.75542185274426|39|0.4296262013524169|1.4615384615384615|OperatingMarginChange,5
780|16.75542185274426|39|0.4296262013524169|1.4615384615384615|OperatingMarginChange,5
785|16.75542185274426|39|0.4296262013524169|1.4615384615384615|OperatingMarginChange,5
790|16.75542185274426|39|0.4296262013524169|1.4615384615384615|OperatingMarginChange,5
795|16.75542185274426|39|0.4296262013524169|1.4615384615384615|OperatingMarginChange,5
800|16.75542185274426|39|0.4296262013524169|1.4615384615384615|OperatingMarginChange,5
805|16.75542185274426|39|0.4296262013524169|1.4615384615384615|OperatingMarginChange,5
810|16.75542185274426|39|0.4296262013524169|1.4615384615384615|OperatingMarginChange,5
815|16.75542185274426|39|0.4296262013524169|1.4615384615384615|OperatingMarginChange,5
820|16.75542185274426|39|0.4296262013524169|1.4615384615384615|OperatingMarginChange,5
825|16.75542185274426|39|0.4296262013524169|1.4615384615384615|OperatingMarginChange,5
830|16.75542185274426|39|0.4296262013524169|1.4615384615384615|OperatingMarginChange,5
835|16.75542185274426|39|0.4296262013524169|1.4615384615384615|OperatingMarginChange,5
840|16.75542185274426|39|0.4296262013524169|1.4615384615384615|OperatingMarginChange,5
845|16.75542185274426|39|0.4296262013524169|1.4615384615384615|OperatingMarginChange,5
850|16.75542185274426|39|0.4296262013524169|1.4615384615384615|OperatingMarginChange,5
855|16.75542185274426|39|0.4296262013524169|1.4615384615384615|OperatingMarginChange,5
860|16.75542185274426|39|0.4296262013524169|1.4615384615384615|OperatingMarginChange,5
865|16.75542185274426|39|0.4296262013524169|1.4615384615384615|OperatingMarginChange,5
870|16.75542185274426|39|0.4296262013524169|1.4615384615384615|OperatingMarginChange,5
875|16.75542185274426|39|0.4296262013524169|1.4615384615384615|OperatingMarginChange,5
880|16.75542185274426|39|0.4296262013524169|1.4615384615384615|OperatingMarginChange,5
885|16.75542185274426|39|0.4296262013524169|1.4615384615384615|OperatingMarginChange,5
890|16.75542185274426|39|0.4296262013524169|1.4615384615384615|OperatingMarginChange,5
895|16.75542185274426|39|0.4296262013524169|1.4615384615384615|OperatingMarginChange,5
900|16.75542185274426|39|0.4296262013524169|1.4615384615384615|OperatingMarginChange,5
905|16.75542185274426|39|0.4296262013524169|1.4615384615384615|OperatingMarginChange,5
910|16.75542185274426|39|0.4296262013524169|1.4615384615384615|OperatingMarginChange,5
915|16.75542185274426|39|0.4296262013524169|1.4615384615384615|OperatingMarginChange,5
920|16.75542185274426|39|0.4296262013524169|1.4615384615384615|OperatingMarginChange,5
925|16.75542185274426|39|0.4296262013524169|1.4615384615384615|OperatingMarginChange,5
930|16.75542185274426|39|0.4296262013524169|1.4615384615384615|OperatingMarginChange,5
935|16.75542185274426|39|0.4296262013524169|1.4615384615384615|OperatingMarginChange,5
940|16.75542185274426|39|0.4296262013524169|1.4615384615384615|OperatingMarginChange,5
945|16.75542185274426|39|0.4296262013524169|1.4615384615384615|OperatingMarginChange,5
950|16.75542185274426|39|0.4296262013524169|1.4615384615384615|OperatingMarginChange,5
955|16.75542185274426|39|0.4296262013524169|1.4615384615384615|OperatingMarginChange,5
960|16.75542185274426|37|0.45284923926335835|1.3846153846153846|OperatingMarginChange,5
965|16.75542185274426|37|0.45284923926335835|1.3846153846153846|OperatingMarginChange,5
970|16.75542185274426|37|0.45284923926335835|1.3846153846153846|OperatingMarginChange,5
975|16.75542185274426|37|0.45284923926335835|1.3846153846153846|OperatingMarginChange,5
980|16.75542185274426|37|0.45284923926335835|1.3846153846153846|OperatingMarginChange,5
985|16.75542185274426|37|0.45284923926335835|1.3846153846153846|OperatingMarginChange,5
990|16.75542185274426|37|0.45284923926335835|1.3846153846153846|OperatingMarginChange,5
995|16.75542185274426|37|0.45284923926335835|1.3846153846153846|OperatingMarginChange,5
1000|16.75542185274426|37|0.45284923926335835|1.3846153846153846|OperatingMarginChange,5
1005|16.75542185274426|37|0.45284923926335835|1.3846153846153846|OperatingMarginChange,5
1010|16.75542185274426|37|0.45284923926335835|1.3846153846153846|OperatingMarginChange,5
1015|16.75542185274426|37|0.45284923926335835|1.3846153846153846|OperatingMarginChange,5
1020|16.75542185274426|37|0.45284923926335835|1.3846153846153846|OperatingMarginChange,5
1025|16.75542185274426|37|0.45284923926335835|1.3846153846153846|OperatingMarginChange,5
1030|16.75542185274426|37|0.45284923926335835|1.3846153846153846|OperatingMarginChange,5
1035|16.75542185274426|37|0.45284923926335835|1.3846153846153846|OperatingMarginChange,5
1040|16.75542185274426|37|0.45284923926335835|1.3846153846153846|OperatingMarginChange,5
1045|16.75542185274426|37|0.45284923926335835|1.3846153846153846|OperatingMarginChange,5
1050|16.75542185274426|37|0.45284923926335835|1.3846153846153846|OperatingMarginChange,5
1055|16.75542185274426|37|0.45284923926335835|1.3846153846153846|OperatingMarginChange,5
1060|16.75542185274426|37|0.45284923926335835|1.3846153846153846|OperatingMarginChange,5
1065|16.75542185274426|37|0.45284923926335835|1.3846153846153846|OperatingMarginChange,5
1070|16.75542185274426|37|0.45284923926335835|1.3846153846153846|OperatingMarginChange,5
1075|16.75542185274426|37|0.45284923926335835|1.3846153846153846|OperatingMarginChange,5
1080|16.75542185274426|37|0.45284923926335835|1.3846153846153846|OperatingMarginChange,5
1085|16.75542185274426|37|0.45284923926335835|1.3846153846153846|OperatingMarginChange,5
1090|16.75542185274426|37|0.45284923926335835|1.3846153846153846|OperatingMarginChange,5
1095|16.75542185274426|37|0.45284923926335835|1.3846153846153846|OperatingMarginChange,5
1100|16.75542185274426|37|0.45284923926335835|1.3846153846153846|OperatingMarginChange,5
1105|16.75542185274426|37|0.45284923926335835|1.3846153846153846|OperatingMarginChange,5
1110|16.75542185274426|37|0.45284923926335835|1.3846153846153846|OperatingMarginChange,5
1115|16.75542185274426|37|0.45284923926335835|1.3846153846153846|OperatingMarginChange,5
1120|16.75542185274426|37|0.45284923926335835|1.3846153846153846|OperatingMarginChange,5
1125|16.75542185274426|37|0.45284923926335835|1.3846153846153846|OperatingMarginChange,5
1130|16.75542185274426|37|0.45284923926335835|1.3846153846153846|OperatingMarginChange,5
1135|16.75542185274426|37|0.45284923926335835|1.3846153846153846|OperatingMarginChange,5
1140|16.75542185274426|37|0.45284923926335835|1.3846153846153846|OperatingMarginChange,5
1145|16.75542185274426|37|0.45284923926335835|1.3846153846153846|OperatingMarginChange,5
1150|16.75542185274426|37|0.45284923926335835|1.3846153846153846|OperatingMarginChange,5
1155|16.75542185274426|37|0.45284923926335835|1.3846153846153846|OperatingMarginChange,5
1160|16.75542185274426|37|0.45284923926335835|1.3846153846153846|OperatingMarginChange,5
1165|17.049634555154096|39|0.437170116798823|1.4615384615384615|OperatingMarginChange,5
1170|17.049634555154096|39|0.437170116798823|1.4615384615384615|OperatingMarginChange,5
1175|17.049634555154096|39|0.437170116798823|1.4615384615384615|OperatingMarginChange,5
1180|17.049634555154096|39|0.437170116798823|1.4615384615384615|OperatingMarginChange,5
1185|17.049634555154096|39|0.437170116798823|1.4615384615384615|OperatingMarginChange,5
1190|17.049634555154096|39|0.437170116798823|1.4615384615384615|OperatingMarginChange,5
1195|17.049634555154096|39|0.437170116798823|1.4615384615384615|OperatingMarginChange,5
1200|17.049634555154096|39|0.437170116798823|1.4615384615384615|OperatingMarginChange,5
1205|17.049634555154096|39|0.437170116798823|1.4615384615384615|OperatingMarginChange,5
1210|17.049634555154096|39|0.437170116798823|1.4615384615384615|OperatingMarginChange,5
1215|17.049634555154096|39|0.437170116798823|1.4615384615384615|OperatingMarginChange,5
1220|17.049634555154096|39|0.437170116798823|1.4615384615384615|OperatingMarginChange,5
1225|17.049634555154096|39|0.437170116798823|1.4615384615384615|OperatingMarginChange,5
1230|17.049634555154096|39|0.437170116798823|1.4615384615384615|OperatingMarginChange,5
1235|17.049634555154096|39|0.437170116798823|1.4615384615384615|OperatingMarginChange,5
1240|17.049634555154096|39|0.437170116798823|1.4615384615384615|OperatingMarginChange,5
1245|17.049634555154096|39|0.437170116798823|1.4615384615384615|OperatingMarginChange,5
1250|17.049634555154096|39|0.437170116798823|1.4615384615384615|OperatingMarginChange,5
1255|17.049634555154096|39|0.437170116798823|1.4615384615384615|OperatingMarginChange,5
1260|17.049634555154096|39|0.437170116798823|1.4615384615384615|OperatingMarginChange,5
1265|17.049634555154096|39|0.437170116798823|1.4615384615384615|OperatingMarginChange,5
1270|17.049634555154096|39|0.437170116798823|1.4615384615384615|OperatingMarginChange,5
1275|17.049634555154096|39|0.437170116798823|1.4615384615384615|OperatingMarginChange,5
1280|17.049634555154096|39|0.437170116798823|1.4615384615384615|OperatingMarginChange,5
1285|17.049634555154096|39|0.437170116798823|1.4615384615384615|OperatingMarginChange,5
1290|17.049634555154096|39|0.437170116798823|1.4615384615384615|OperatingMarginChange,5
1295|17.049634555154096|39|0.437170116798823|1.4615384615384615|OperatingMarginChange,5
1300|17.049634555154096|39|0.437170116798823|1.4615384615384615|OperatingMarginChange,5
1305|17.049634555154096|39|0.437170116798823|1.4615384615384615|OperatingMarginChange,5
1310|17.049634555154096|39|0.437170116798823|1.4615384615384615|OperatingMarginChange,5
1315|17.049634555154096|39|0.437170116798823|1.4615384615384615|OperatingMarginChange,5
1320|17.049634555154096|39|0.437170116798823|1.4615384615384615|OperatingMarginChange,5
1325|17.049634555154096|39|0.437170116798823|1.4615384615384615|OperatingMarginChange,5
1330|17.049634555154096|39|0.437170116798823|1.4615384615384615|OperatingMarginChange,5
1335|17.049634555154096|39|0.437170116798823|1.4615384615384615|OperatingMarginChange,5
1340|17.049634555154096|39|0.437170116798823|1.4615384615384615|OperatingMarginChange,5
1345|17.049634555154096|39|0.437170116798823|1.4615384615384615|OperatingMarginChange,5
1350|17.049634555154096|39|0.437170116798823|1.4615384615384615|OperatingMarginChange,5
1355|17.049634555154096|39|0.437170116798823|1.4615384615384615|OperatingMarginChange,5
1360|17.049634555154096|39|0.437170116798823|1.4615384615384615|OperatingMarginChange,5
1365|17.049634555154096|39|0.437170116798823|1.4615384615384615|OperatingMarginChange,5
1370|17.049634555154096|39|0.437170116798823|1.4615384615384615|OperatingMarginChange,5
1375|17.049634555154096|39|0.437170116798823|1.4615384615384615|OperatingMarginChange,5
1380|17.049634555154096|39|0.437170116798823|1.4615384615384615|OperatingMarginChange,5
1385|17.049634555154096|39|0.437170116798823|1.4615384615384615|OperatingMarginChange,5
1390|17.049634555154096|39|0.437170116798823|1.4615384615384615|OperatingMarginChange,5
1395|17.049634555154096|39|0.437170116798823|1.4615384615384615|OperatingMarginChange,5
1400|17.049634555154096|39|0.437170116798823|1.4615384615384615|OperatingMarginChange,5
1405|17.049634555154096|39|0.437170116798823|1.4615384615384615|OperatingMarginChange,5
1410|17.049634555154096|39|0.437170116798823|1.4615384615384615|OperatingMarginChange,5
1415|17.049634555154096|39|0.437170116798823|1.4615384615384615|OperatingMarginChange,5
1420|17.049634555154096|39|0.437170116798823|1.4615384615384615|OperatingMarginChange,5
1425|17.049634555154096|39|0.437170116798823|1.4615384615384615|OperatingMarginChange,5
1430|17.049634555154096|39|0.437170116798823|1.4615384615384615|OperatingMarginChange,5
1435|17.049634555154096|39|0.437170116798823|1.4615384615384615|OperatingMarginChange,5
1440|17.049634555154096|39|0.437170116798823|1.4615384615384615|OperatingMarginChange,5
1445|17.049634555154096|39|0.437170116798823|1.4615384615384615|OperatingMarginChange,5
1450|17.049634555154096|39|0.437170116798823|1.4615384615384615|OperatingMarginChange,5
1455|17.049634555154096|39|0.437170116798823|1.4615384615384615|OperatingMarginChange,5
1460|17.049634555154096|39|0.437170116798823|1.4615384615384615|OperatingMarginChange,5
1465|17.049634555154096|39|0.437170116798823|1.4615384615384615|OperatingMarginChange,5
1470|17.049634555154096|39|0.437170116798823|1.4615384615384615|OperatingMarginChange,5
1475|17.049634555154096|39|0.437170116798823|1.4615384615384615|OperatingMarginChange,5
1480|17.049634555154096|39|0.437170116798823|1.4615384615384615|OperatingMarginChange,5
1485|17.049634555154096|39|0.437170116798823|1.4615384615384615|OperatingMarginChange,5
1490|17.049634555154096|39|0.437170116798823|1.4615384615384615|OperatingMarginChange,5
1495|17.049634555154096|39|0.437170116798823|1.4615384615384615|OperatingMarginChange,5
1500|17.049634555154096|39|0.437170116798823|1.4615384615384615|OperatingMarginChange,5
1505|17.049634555154096|39|0.437170116798823|1.4615384615384615|OperatingMarginChange,5
1510|17.049634555154096|39|0.437170116798823|1.4615384615384615|OperatingMarginChange,5
1515|17.049634555154096|39|0.437170116798823|1.4615384615384615|OperatingMarginChange,5
1520|17.049634555154096|39|0.437170116798823|1.4615384615384615|OperatingMarginChange,5
1525|17.049634555154096|39|0.437170116798823|1.4615384615384615|OperatingMarginChange,5
1530|17.049634555154096|39|0.437170116798823|1.4615384615384615|OperatingMarginChange,5
1535|17.049634555154096|39|0.437170116798823|1.4615384615384615|OperatingMarginChange,5
1540|17.049634555154096|39|0.437170116798823|1.4615384615384615|OperatingMarginChange,5
1545|17.049634555154096|39|0.437170116798823|1.4615384615384615|OperatingMarginChange,5
1550|17.049634555154096|39|0.437170116798823|1.4615384615384615|OperatingMarginChange,5
1555|17.049634555154096|39|0.437170116798823|1.4615384615384615|OperatingMarginChange,5
1560|17.049634555154096|39|0.437170116798823|1.4615384615384615|OperatingMarginChange,5
1565|17.049634555154096|39|0.437170116798823|1.4615384615384615|OperatingMarginChange,5
1570|17.049634555154096|39|0.437170116798823|1.4615384615384615|OperatingMarginChange,5
1575|17.049634555154096|39|0.437170116798823|1.4615384615384615|OperatingMarginChange,5
1580|17.049634555154096|39|0.437170116798823|1.4615384615384615|OperatingMarginChange,5
1585|17.049634555154096|39|0.437170116798823|1.4615384615384615|OperatingMarginChange,5
1590|17.049634555154096|39|0.437170116798823|1.4615384615384615|OperatingMarginChange,5
1595|17.049634555154096|39|0.437170116798823|1.4615384615384615|OperatingMarginChange,5
1600|17.049634555154096|39|0.437170116798823|1.4615384615384615|OperatingMarginChange,5
1605|17.049634555154096|39|0.437170116798823|1.4615384615384615|OperatingMarginChange,5
1610|17.049634555154096|39|0.437170116798823|1.4615384615384615|OperatingMarginChange,5
1615|17.049634555154096|39|0.437170116798823|1.4615384615384615|OperatingMarginChange,5
1620|17.049634555154096|39|0.437170116798823|1.4615384615384615|OperatingMarginChange,5
1625|17.049634555154096|39|0.437170116798823|1.4615384615384615|OperatingMarginChange,5
1630|17.049634555154096|39|0.437170116798823|1.4615384615384615|OperatingMarginChange,5
1635|17.049634555154096|39|0.437170116798823|1.4615384615384615|OperatingMarginChange,5
1640|17.049634555154096|39|0.437170116798823|1.4615384615384615|OperatingMarginChange,5
1645|17.049634555154096|39|0.437170116798823|1.4615384615384615|OperatingMarginChange,5
1650|17.049634555154096|39|0.437170116798823|1.4615384615384615|OperatingMarginChange,5
1655|17.049634555154096|39|0.437170116798823|1.4615384615384615|OperatingMarginChange,5
1660|17.049634555154096|39|0.437170116798823|1.4615384615384615|OperatingMarginChange,5
1665|17.049634555154096|39|0.437170116798823|1.4615384615384615|OperatingMarginChange,5
1670|17.049634555154096|39|0.437170116798823|1.4615384615384615|OperatingMarginChange,5
1675|17.049634555154096|39|0.437170116798823|1.4615384615384615|OperatingMarginChange,5
1680|17.049634555154096|39|0.437170116798823|1.4615384615384615|OperatingMarginChange,5
1685|17.049634555154096|39|0.437170116798823|1.4615384615384615|OperatingMarginChange,5
1690|17.049634555154096|39|0.437170116798823|1.4615384615384615|OperatingMarginChange,5
1695|17.049634555154096|39|0.437170116798823|1.4615384615384615|OperatingMarginChange,5
1700|17.049634555154096|39|0.437170116798823|1.4615384615384615|OperatingMarginChange,5
1705|17.049634555154096|39|0.437170116798823|1.4615384615384615|OperatingMarginChange,5
1710|17.049634555154096|39|0.437170116798823|1.4615384615384615|OperatingMarginChange,5
1715|17.049634555154096|39|0.437170116798823|1.4615384615384615|OperatingMarginChange,5
1720|17.049634555154096|39|0.437170116798823|1.4615384615384615|OperatingMarginChange,5
1725|17.049634555154096|39|0.437170116798823|1.4615384615384615|OperatingMarginChange,5
1730|17.049634555154096|39|0.437170116798823|1.4615384615384615|OperatingMarginChange,5
1735|17.049634555154096|39|0.437170116798823|1.4615384615384615|OperatingMarginChange,5
1740|17.049634555154096|39|0.437170116798823|1.4615384615384615|OperatingMarginChange,5
1745|17.049634555154096|39|0.437170116798823|1.4615384615384615|OperatingMarginChange,5
1750|17.049634555154096|39|0.437170116798823|1.4615384615384615|OperatingMarginChange,5
1755|17.049634555154096|39|0.437170116798823|1.4615384615384615|OperatingMarginChange,5
1760|17.049634555154096|39|0.437170116798823|1.4615384615384615|OperatingMarginChange,5
1765|17.049634555154096|39|0.437170116798823|1.4615384615384615|OperatingMarginChange,5
1770|17.049634555154096|39|0.437170116798823|1.4615384615384615|OperatingMarginChange,5
1775|17.049634555154096|39|0.437170116798823|1.4615384615384615|OperatingMarginChange,5
1780|17.049634555154096|39|0.437170116798823|1.4615384615384615|OperatingMarginChange,5
1785|17.049634555154096|39|0.437170116798823|1.4615384615384615|OperatingMarginChange,5
1790|17.049634555154096|39|0.437170116798823|1.4615384615384615|OperatingMarginChange,5
1795|17.049634555154096|39|0.437170116798823|1.4615384615384615|OperatingMarginChange,5
1800|17.049634555154096|39|0.437170116798823|1.4615384615384615|OperatingMarginChange,5
1805|17.049634555154096|39|0.437170116798823|1.4615384615384615|OperatingMarginChange,5
1810|17.049634555154096|39|0.437170116798823|1.4615384615384615|OperatingMarginChange,5
1815|17.049634555154096|39|0.437170116798823|1.4615384615384615|OperatingMarginChange,5
1820|17.049634555154096|39|0.437170116798823|1.4615384615384615|OperatingMarginChange,5
1825|17.049634555154096|39|0.437170116798823|1.4615384615384615|OperatingMarginChange,5
1830|17.049634555154096|39|0.437170116798823|1.4615384615384615|OperatingMarginChange,5
1835|17.049634555154096|39|0.437170116798823|1.4615384615384615|OperatingMarginChange,5
1840|17.049634555154096|39|0.437170116798823|1.4615384615384615|OperatingMarginChange,5
1845|17.049634555154096|39|0.437170116798823|1.4615384615384615|OperatingMarginChange,5
1850|17.049634555154096|39|0.437170116798823|1.4615384615384615|OperatingMarginChange,5
1855|17.049634555154096|39|0.437170116798823|1.4615384615384615|OperatingMarginChange,5
1860|17.049634555154096|39|0.437170116798823|1.4615384615384615|OperatingMarginChange,5
1865|17.049634555154096|39|0.437170116798823|1.4615384615384615|OperatingMarginChange,5
1870|17.049634555154096|39|0.437170116798823|1.4615384615384615|OperatingMarginChange,5
1875|17.049634555154096|39|0.437170116798823|1.4615384615384615|OperatingMarginChange,5
1880|17.049634555154096|39|0.437170116798823|1.4615384615384615|OperatingMarginChange,5
1885|17.049634555154096|39|0.437170116798823|1.4615384615384615|OperatingMarginChange,5
1890|17.049634555154096|39|0.437170116798823|1.4615384615384615|OperatingMarginChange,5
1895|17.049634555154096|39|0.437170116798823|1.4615384615384615|OperatingMarginChange,5
1900|17.049634555154096|39|0.437170116798823|1.4615384615384615|OperatingMarginChange,5
1905|17.049634555154096|39|0.437170116798823|1.4615384615384615|OperatingMarginChange,5
1910|17.049634555154096|39|0.437170116798823|1.4615384615384615|OperatingMarginChange,5
1915|17.049634555154096|39|0.437170116798823|1.4615384615384615|OperatingMarginChange,5
1920|17.049634555154096|39|0.437170116798823|1.4615384615384615|OperatingMarginChange,5
1925|17.049634555154096|39|0.437170116798823|1.4615384615384615|OperatingMarginChange,5
1930|17.049634555154096|39|0.437170116798823|1.4615384615384615|OperatingMarginChange,5
1935|17.049634555154096|39|0.437170116798823|1.4615384615384615|OperatingMarginChange,5
1940|17.049634555154096|39|0.437170116798823|1.4615384615384615|OperatingMarginChange,5
1945|17.049634555154096|39|0.437170116798823|1.4615384615384615|OperatingMarginChange,5
1950|17.049634555154096|39|0.437170116798823|1.4615384615384615|OperatingMarginChange,5
1955|17.049634555154096|39|0.437170116798823|1.4615384615384615|OperatingMarginChange,5
1960|17.049634555154096|39|0.437170116798823|1.4615384615384615|OperatingMarginChange,5
1965|17.049634555154096|39|0.437170116798823|1.4615384615384615|OperatingMarginChange,5
1970|17.049634555154096|39|0.437170116798823|1.4615384615384615|OperatingMarginChange,5
1975|17.049634555154096|39|0.437170116798823|1.4615384615384615|OperatingMarginChange,5
1980|17.049634555154096|39|0.437170116798823|1.4615384615384615|OperatingMarginChange,5
1985|17.049634555154096|39|0.437170116798823|1.4615384615384615|OperatingMarginChange,5
1990|17.049634555154096|39|0.437170116798823|1.4615384615384615|OperatingMarginChange,5
1995|17.049634555154096|39|0.437170116798823|1.4615384615384615|OperatingMarginChange,5
2000|17.049634555154096|39|0.437170116798823|1.4615384615384615|OperatingMarginChange,5
