#########################################################
# Algorithm Parameters #
# Generations = 2000
# Population size = 100
# Resolution = 5
#########################################################
# Financial Parameters #
# Quarter = 4
# Crossover probabilities = 0.75 -> 0.25
# Mutation start probabilities = 0.9,0.0,0.6,0.5,0.6,0.9
# Mutation end probabilities = 0.4,0.4,0.1,0.1,0.1,0.4
######################################################### 
0|8.143201720426232|7|1.1633145314894617|1.5|TotalCurrentAssetsChange,32
5|9.286522798593442|5|1.8573045597186884|2.0|CurrentRatio10,37
10|11.567501348055734|17|0.6804412557679843|1.1428571428571428|CurrentRatio10,37
15|11.921264610183602|23|0.5183158526166783|1.1|CurrentRatio10,37
20|12.216594863891798|27|0.45246647644043697|1.1818181818181819|TotalCurrentAssetsChange,32
25|13.889926397468848|21|0.6614250665461356|1.0|GrossMargin09,0
30|14.101428043186885|27|0.5222751127106254|1.1818181818181819|GrossMargin09,0
35|14.101428043186885|27|0.5222751127106254|1.1818181818181819|GrossMargin09,0
40|14.77402903659672|31|0.47658158182570065|1.1538461538461537|GrossMargin09,0
45|14.864379663855738|31|0.47949611818889476|1.1538461538461537|GrossMargin09,0
50|14.962656514475409|37|0.4043961220128489|1.2857142857142858|CapExSales09,27
55|14.962656514475409|37|0.4043961220128489|1.2857142857142858|CapExSales09,27
60|14.962656514475409|37|0.4043961220128489|1.2857142857142858|CapExSales09,27
65|15.419270487016389|43|0.3585876857445672|1.3125|CapExSales09,27
70|15.774675619921307|41|0.3847481858517392|1.25|CapExSales09,27
75|15.774675619921307|39|0.4044788620492643|1.3571428571428572|CapExSales09,27
80|15.774675619921307|39|0.4044788620492643|1.3571428571428572|CapExSales09,27
85|16.312975131304913|41|0.3978774422269491|1.4285714285714286|CapExSales09,27
90|16.456704514603278|47|0.35014264924687827|1.2105263157894737|GrossMargin09,0
95|16.456704514603278|47|0.35014264924687827|1.2105263157894737|GrossMargin09,0
100|16.456704514603278|47|0.35014264924687827|1.2105263157894737|GrossMargin09,0
105|16.456704514603278|45|0.36570454476896175|1.1578947368421053|GrossMargin09,0
110|16.456704514603278|45|0.36570454476896175|1.1578947368421053|GrossMargin09,0
115|16.456704514603278|45|0.36570454476896175|1.1578947368421053|GrossMargin09,0
120|16.456704514603278|43|0.38271405847914597|1.1666666666666667|GrossMargin09,0
125|16.534510036986884|47|0.35179808589333794|1.15|BookValuePerShareChange,11
130|16.534510036986884|47|0.35179808589333794|1.15|BookValuePerShareChange,11
135|16.534510036986884|47|0.35179808589333794|1.15|BookValuePerShareChange,11
140|16.534510036986884|45|0.3674335563774863|1.2941176470588236|GrossMargin09,0
145|16.534510036986884|45|0.3674335563774863|1.2941176470588236|GrossMargin09,0
150|16.534510036986884|45|0.3674335563774863|1.2941176470588236|GrossMargin09,0
155|16.534510036986884|43|0.3845234892322531|1.2352941176470589|BookValuePerShareChange,11
160|16.534510036986884|43|0.3845234892322531|1.2352941176470589|BookValuePerShareChange,11
165|16.534510036986884|43|0.3845234892322531|1.2352941176470589|BookValuePerShareChange,11
170|16.534510036986884|43|0.3845234892322531|1.2352941176470589|BookValuePerShareChange,11
175|16.616195575829508|45|0.36924879057398907|1.1578947368421053|BookValuePerShareChange,11
180|16.616195575829508|45|0.36924879057398907|1.1578947368421053|BookValuePerShareChange,11
185|16.616195575829508|45|0.36924879057398907|1.1578947368421053|BookValuePerShareChange,11
190|16.616195575829508|45|0.36924879057398907|1.1578947368421053|BookValuePerShareChange,11
195|16.70654620308852|47|0.3554584298529473|1.15|BookValuePerShareChange,11
200|16.70654620308852|45|0.371256582290856|1.2222222222222223|OperatingMargin10,4
205|16.70654620308852|45|0.371256582290856|1.2222222222222223|OperatingMargin10,4
210|16.70654620308852|45|0.371256582290856|1.2222222222222223|OperatingMargin10,4
215|16.92928705049836|49|0.3454956540918033|1.263157894736842|OperatingMargin10,4
220|16.92928705049836|47|0.36019759681911406|1.2777777777777777|GrossMargin09,0
225|16.92928705049836|47|0.36019759681911406|1.2777777777777777|GrossMargin09,0
230|16.92928705049836|47|0.36019759681911406|1.2777777777777777|GrossMargin09,0
235|16.92928705049836|47|0.36019759681911406|1.2777777777777777|GrossMargin09,0
240|16.92928705049836|47|0.36019759681911406|1.2777777777777777|GrossMargin09,0
245|16.92928705049836|45|0.37620637889996356|1.2941176470588236|GrossMargin09,0
250|16.92928705049836|45|0.37620637889996356|1.2941176470588236|GrossMargin09,0
255|16.92928705049836|45|0.37620637889996356|1.2941176470588236|GrossMargin09,0
260|16.92928705049836|45|0.37620637889996356|1.2941176470588236|GrossMargin09,0
265|16.92928705049836|45|0.37620637889996356|1.2941176470588236|GrossMargin09,0
270|16.92928705049836|45|0.37620637889996356|1.2941176470588236|GrossMargin09,0
275|16.92928705049836|43|0.39370435001158977|1.2352941176470589|GrossMargin09,0
280|16.92928705049836|43|0.39370435001158977|1.2352941176470589|GrossMargin09,0
285|16.948418712203278|45|0.3766315269378506|1.2222222222222223|GrossMargin09,0
290|16.948418712203278|45|0.3766315269378506|1.2222222222222223|GrossMargin09,0
295|16.948418712203278|45|0.3766315269378506|1.2222222222222223|GrossMargin09,0
300|16.948418712203278|45|0.3766315269378506|1.2222222222222223|GrossMargin09,0
305|16.948418712203278|45|0.3766315269378506|1.2222222222222223|GrossMargin09,0
310|16.948418712203278|45|0.3766315269378506|1.2222222222222223|GrossMargin09,0
315|16.948418712203278|43|0.3941492723768204|1.2352941176470589|GrossMargin09,0
320|16.948418712203278|43|0.3941492723768204|1.2352941176470589|GrossMargin09,0
325|16.948418712203278|43|0.3941492723768204|1.2352941176470589|GrossMargin09,0
330|16.948418712203278|43|0.3941492723768204|1.2352941176470589|GrossMargin09,0
335|16.948418712203278|41|0.41337606615129946|1.25|GrossMargin09,0
340|16.948418712203278|41|0.41337606615129946|1.25|GrossMargin09,0
345|16.948418712203278|41|0.41337606615129946|1.25|GrossMargin09,0
350|17.433427684173772|43|0.4054285507947389|1.2352941176470589|GrossMargin09,0
355|17.433427684173772|43|0.4054285507947389|1.2352941176470589|GrossMargin09,0
360|17.433427684173772|43|0.4054285507947389|1.2352941176470589|GrossMargin09,0
365|17.433427684173772|43|0.4054285507947389|1.2352941176470589|GrossMargin09,0
370|17.433427684173772|43|0.4054285507947389|1.2352941176470589|GrossMargin09,0
375|17.433427684173772|41|0.425205553272531|1.3333333333333333|GrossMargin09,0
380|17.433427684173772|41|0.425205553272531|1.3333333333333333|GrossMargin09,0
385|17.433427684173772|41|0.425205553272531|1.3333333333333333|GrossMargin09,0
390|17.433427684173772|41|0.425205553272531|1.3333333333333333|GrossMargin09,0
395|17.433427684173772|39|0.44701096626086595|1.2666666666666666|GrossMargin09,0
400|17.433427684173772|39|0.44701096626086595|1.2666666666666666|GrossMargin09,0
405|17.433427684173772|39|0.44701096626086595|1.2666666666666666|GrossMargin09,0
410|17.433427684173772|39|0.44701096626086595|1.2666666666666666|GrossMargin09,0
415|17.433427684173772|39|0.44701096626086595|1.2666666666666666|GrossMargin09,0
420|17.433427684173772|39|0.44701096626086595|1.2666666666666666|GrossMargin09,0
425|17.433427684173772|39|0.44701096626086595|1.2666666666666666|GrossMargin09,0
430|17.433427684173772|37|0.47117372119388573|1.2857142857142858|GrossMargin09,0
435|17.433427684173772|37|0.47117372119388573|1.2857142857142858|GrossMargin09,0
440|17.433427684173772|37|0.47117372119388573|1.2857142857142858|GrossMargin09,0
445|17.433427684173772|37|0.47117372119388573|1.2857142857142858|GrossMargin09,0
450|17.433427684173772|37|0.47117372119388573|1.2857142857142858|GrossMargin09,0
455|17.433427684173772|37|0.47117372119388573|1.2857142857142858|GrossMargin09,0
460|17.433427684173772|37|0.47117372119388573|1.2857142857142858|GrossMargin09,0
465|17.433427684173772|37|0.47117372119388573|1.2857142857142858|GrossMargin09,0
470|17.433427684173772|37|0.47117372119388573|1.2857142857142858|GrossMargin09,0
475|17.433427684173772|35|0.49809793383353634|1.3076923076923077|GrossMargin09,0
480|17.433427684173772|35|0.49809793383353634|1.3076923076923077|GrossMargin09,0
485|17.433427684173772|35|0.49809793383353634|1.3076923076923077|GrossMargin09,0
490|17.433427684173772|35|0.49809793383353634|1.3076923076923077|GrossMargin09,0
495|17.433427684173772|35|0.49809793383353634|1.3076923076923077|GrossMargin09,0
500|17.433427684173772|35|0.49809793383353634|1.3076923076923077|GrossMargin09,0
505|17.433427684173772|35|0.49809793383353634|1.3076923076923077|GrossMargin09,0
510|17.433427684173772|35|0.49809793383353634|1.3076923076923077|GrossMargin09,0
515|17.433427684173772|35|0.49809793383353634|1.3076923076923077|GrossMargin09,0
520|17.433427684173772|35|0.49809793383353634|1.3076923076923077|GrossMargin09,0
525|17.433427684173772|35|0.49809793383353634|1.3076923076923077|GrossMargin09,0
530|17.433427684173772|35|0.49809793383353634|1.3076923076923077|GrossMargin09,0
535|17.433427684173772|35|0.49809793383353634|1.3076923076923077|GrossMargin09,0
540|17.433427684173772|35|0.49809793383353634|1.3076923076923077|GrossMargin09,0
545|17.433427684173772|35|0.49809793383353634|1.3076923076923077|GrossMargin09,0
550|17.433427684173772|35|0.49809793383353634|1.3076923076923077|GrossMargin09,0
555|17.433427684173772|35|0.49809793383353634|1.3076923076923077|GrossMargin09,0
560|17.433427684173772|35|0.49809793383353634|1.3076923076923077|GrossMargin09,0
565|17.433427684173772|35|0.49809793383353634|1.3076923076923077|GrossMargin09,0
570|17.433427684173772|35|0.49809793383353634|1.3076923076923077|GrossMargin09,0
575|17.433427684173772|35|0.49809793383353634|1.3076923076923077|GrossMargin09,0
580|17.433427684173772|35|0.49809793383353634|1.3076923076923077|GrossMargin09,0
585|17.433427684173772|33|0.5282856873992052|1.3333333333333333|GrossMargin09,0
590|17.433427684173772|33|0.5282856873992052|1.3333333333333333|GrossMargin09,0
595|17.433427684173772|33|0.5282856873992052|1.3333333333333333|GrossMargin09,0
600|17.433427684173772|33|0.5282856873992052|1.3333333333333333|GrossMargin09,0
605|17.433427684173772|33|0.5282856873992052|1.3333333333333333|GrossMargin09,0
610|17.433427684173772|33|0.5282856873992052|1.3333333333333333|GrossMargin09,0
615|17.433427684173772|33|0.5282856873992052|1.3333333333333333|GrossMargin09,0
620|17.433427684173772|33|0.5282856873992052|1.3333333333333333|GrossMargin09,0
625|17.433427684173772|33|0.5282856873992052|1.3333333333333333|GrossMargin09,0
630|17.433427684173772|33|0.5282856873992052|1.3333333333333333|GrossMargin09,0
635|17.433427684173772|33|0.5282856873992052|1.3333333333333333|GrossMargin09,0
640|17.433427684173772|33|0.5282856873992052|1.3333333333333333|GrossMargin09,0
645|17.433427684173772|33|0.5282856873992052|1.3333333333333333|GrossMargin09,0
650|17.433427684173772|33|0.5282856873992052|1.3333333333333333|GrossMargin09,0
655|17.433427684173772|33|0.5282856873992052|1.3333333333333333|GrossMargin09,0
660|17.433427684173772|33|0.5282856873992052|1.3333333333333333|GrossMargin09,0
665|17.433427684173772|33|0.5282856873992052|1.3333333333333333|GrossMargin09,0
670|17.433427684173772|33|0.5282856873992052|1.3333333333333333|GrossMargin09,0
675|17.433427684173772|33|0.5282856873992052|1.3333333333333333|GrossMargin09,0
680|17.433427684173772|33|0.5282856873992052|1.3333333333333333|GrossMargin09,0
685|17.433427684173772|33|0.5282856873992052|1.3333333333333333|GrossMargin09,0
690|17.433427684173772|33|0.5282856873992052|1.3333333333333333|GrossMargin09,0
695|17.433427684173772|33|0.5282856873992052|1.3333333333333333|GrossMargin09,0
700|17.433427684173772|33|0.5282856873992052|1.3333333333333333|GrossMargin09,0
705|17.433427684173772|33|0.5282856873992052|1.3333333333333333|GrossMargin09,0
710|17.433427684173772|33|0.5282856873992052|1.3333333333333333|GrossMargin09,0
715|17.433427684173772|33|0.5282856873992052|1.3333333333333333|GrossMargin09,0
720|17.433427684173772|33|0.5282856873992052|1.3333333333333333|GrossMargin09,0
725|17.433427684173772|33|0.5282856873992052|1.3333333333333333|GrossMargin09,0
730|17.433427684173772|33|0.5282856873992052|1.3333333333333333|GrossMargin09,0
735|17.433427684173772|33|0.5282856873992052|1.3333333333333333|GrossMargin09,0
740|17.433427684173772|33|0.5282856873992052|1.3333333333333333|GrossMargin09,0
745|17.433427684173772|33|0.5282856873992052|1.3333333333333333|GrossMargin09,0
750|17.433427684173772|33|0.5282856873992052|1.3333333333333333|GrossMargin09,0
755|17.433427684173772|33|0.5282856873992052|1.3333333333333333|GrossMargin09,0
760|17.433427684173772|33|0.5282856873992052|1.3333333333333333|GrossMargin09,0
765|17.433427684173772|33|0.5282856873992052|1.3333333333333333|GrossMargin09,0
770|17.433427684173772|33|0.5282856873992052|1.3333333333333333|GrossMargin09,0
775|17.433427684173772|33|0.5282856873992052|1.3333333333333333|GrossMargin09,0
780|17.433427684173772|33|0.5282856873992052|1.3333333333333333|GrossMargin09,0
785|17.433427684173772|33|0.5282856873992052|1.3333333333333333|GrossMargin09,0
790|17.433427684173772|33|0.5282856873992052|1.3333333333333333|GrossMargin09,0
795|17.433427684173772|33|0.5282856873992052|1.3333333333333333|GrossMargin09,0
800|17.433427684173772|33|0.5282856873992052|1.3333333333333333|GrossMargin09,0
805|17.433427684173772|33|0.5282856873992052|1.3333333333333333|GrossMargin09,0
810|17.433427684173772|33|0.5282856873992052|1.3333333333333333|GrossMargin09,0
815|17.433427684173772|33|0.5282856873992052|1.3333333333333333|GrossMargin09,0
820|17.433427684173772|33|0.5282856873992052|1.3333333333333333|GrossMargin09,0
825|17.433427684173772|33|0.5282856873992052|1.3333333333333333|GrossMargin09,0
830|17.433427684173772|33|0.5282856873992052|1.3333333333333333|GrossMargin09,0
835|17.433427684173772|33|0.5282856873992052|1.3333333333333333|GrossMargin09,0
840|17.433427684173772|33|0.5282856873992052|1.3333333333333333|GrossMargin09,0
845|17.433427684173772|33|0.5282856873992052|1.3333333333333333|GrossMargin09,0
850|17.433427684173772|33|0.5282856873992052|1.3333333333333333|GrossMargin09,0
855|17.433427684173772|33|0.5282856873992052|1.3333333333333333|GrossMargin09,0
860|17.433427684173772|33|0.5282856873992052|1.3333333333333333|GrossMargin09,0
865|17.433427684173772|33|0.5282856873992052|1.3333333333333333|GrossMargin09,0
870|17.433427684173772|33|0.5282856873992052|1.3333333333333333|GrossMargin09,0
875|17.433427684173772|33|0.5282856873992052|1.3333333333333333|GrossMargin09,0
880|17.433427684173772|33|0.5282856873992052|1.3333333333333333|GrossMargin09,0
885|17.433427684173772|33|0.5282856873992052|1.3333333333333333|GrossMargin09,0
890|17.433427684173772|33|0.5282856873992052|1.3333333333333333|GrossMargin09,0
895|17.433427684173772|33|0.5282856873992052|1.3333333333333333|GrossMargin09,0
900|17.433427684173772|33|0.5282856873992052|1.3333333333333333|GrossMargin09,0
905|17.433427684173772|33|0.5282856873992052|1.3333333333333333|GrossMargin09,0
910|17.433427684173772|33|0.5282856873992052|1.3333333333333333|GrossMargin09,0
915|17.433427684173772|33|0.5282856873992052|1.3333333333333333|GrossMargin09,0
920|17.433427684173772|33|0.5282856873992052|1.3333333333333333|GrossMargin09,0
925|17.433427684173772|33|0.5282856873992052|1.3333333333333333|GrossMargin09,0
930|17.433427684173772|33|0.5282856873992052|1.3333333333333333|GrossMargin09,0
935|17.433427684173772|33|0.5282856873992052|1.3333333333333333|GrossMargin09,0
940|17.433427684173772|33|0.5282856873992052|1.3333333333333333|GrossMargin09,0
945|17.433427684173772|33|0.5282856873992052|1.3333333333333333|GrossMargin09,0
950|17.433427684173772|33|0.5282856873992052|1.3333333333333333|GrossMargin09,0
955|17.433427684173772|33|0.5282856873992052|1.3333333333333333|GrossMargin09,0
960|17.433427684173772|33|0.5282856873992052|1.3333333333333333|GrossMargin09,0
965|17.433427684173772|33|0.5282856873992052|1.3333333333333333|GrossMargin09,0
970|17.433427684173772|33|0.5282856873992052|1.3333333333333333|GrossMargin09,0
975|17.433427684173772|33|0.5282856873992052|1.3333333333333333|GrossMargin09,0
980|17.433427684173772|33|0.5282856873992052|1.3333333333333333|GrossMargin09,0
985|17.433427684173772|33|0.5282856873992052|1.3333333333333333|GrossMargin09,0
990|17.433427684173772|33|0.5282856873992052|1.3333333333333333|GrossMargin09,0
995|17.433427684173772|33|0.5282856873992052|1.3333333333333333|GrossMargin09,0
1000|17.433427684173772|33|0.5282856873992052|1.3333333333333333|GrossMargin09,0
1005|17.433427684173772|33|0.5282856873992052|1.3333333333333333|GrossMargin09,0
1010|17.433427684173772|33|0.5282856873992052|1.3333333333333333|GrossMargin09,0
1015|17.433427684173772|33|0.5282856873992052|1.3333333333333333|GrossMargin09,0
1020|17.433427684173772|33|0.5282856873992052|1.3333333333333333|GrossMargin09,0
1025|17.433427684173772|33|0.5282856873992052|1.3333333333333333|GrossMargin09,0
1030|17.433427684173772|33|0.5282856873992052|1.3333333333333333|GrossMargin09,0
1035|17.433427684173772|33|0.5282856873992052|1.3333333333333333|GrossMargin09,0
1040|17.433427684173772|33|0.5282856873992052|1.3333333333333333|GrossMargin09,0
1045|17.433427684173772|33|0.5282856873992052|1.3333333333333333|GrossMargin09,0
1050|17.433427684173772|33|0.5282856873992052|1.3333333333333333|GrossMargin09,0
1055|17.433427684173772|33|0.5282856873992052|1.3333333333333333|GrossMargin09,0
1060|17.433427684173772|33|0.5282856873992052|1.3333333333333333|GrossMargin09,0
1065|17.433427684173772|33|0.5282856873992052|1.3333333333333333|GrossMargin09,0
1070|17.433427684173772|33|0.5282856873992052|1.3333333333333333|GrossMargin09,0
1075|17.433427684173772|33|0.5282856873992052|1.3333333333333333|GrossMargin09,0
1080|17.433427684173772|33|0.5282856873992052|1.3333333333333333|GrossMargin09,0
1085|17.433427684173772|33|0.5282856873992052|1.3333333333333333|GrossMargin09,0
1090|17.433427684173772|33|0.5282856873992052|1.3333333333333333|GrossMargin09,0
1095|17.433427684173772|33|0.5282856873992052|1.3333333333333333|GrossMargin09,0
1100|17.433427684173772|33|0.5282856873992052|1.3333333333333333|GrossMargin09,0
1105|17.433427684173772|33|0.5282856873992052|1.3333333333333333|GrossMargin09,0
1110|17.433427684173772|33|0.5282856873992052|1.3333333333333333|GrossMargin09,0
1115|17.433427684173772|33|0.5282856873992052|1.3333333333333333|GrossMargin09,0
1120|17.433427684173772|33|0.5282856873992052|1.3333333333333333|GrossMargin09,0
1125|17.433427684173772|33|0.5282856873992052|1.3333333333333333|GrossMargin09,0
1130|17.433427684173772|33|0.5282856873992052|1.3333333333333333|GrossMargin09,0
1135|17.433427684173772|33|0.5282856873992052|1.3333333333333333|GrossMargin09,0
1140|17.433427684173772|33|0.5282856873992052|1.3333333333333333|GrossMargin09,0
1145|17.433427684173772|33|0.5282856873992052|1.3333333333333333|GrossMargin09,0
1150|17.433427684173772|33|0.5282856873992052|1.3333333333333333|GrossMargin09,0
1155|17.433427684173772|33|0.5282856873992052|1.3333333333333333|GrossMargin09,0
1160|17.433427684173772|33|0.5282856873992052|1.3333333333333333|GrossMargin09,0
1165|17.433427684173772|33|0.5282856873992052|1.3333333333333333|GrossMargin09,0
1170|17.433427684173772|33|0.5282856873992052|1.3333333333333333|GrossMargin09,0
1175|17.433427684173772|33|0.5282856873992052|1.3333333333333333|GrossMargin09,0
1180|17.433427684173772|33|0.5282856873992052|1.3333333333333333|GrossMargin09,0
1185|17.433427684173772|33|0.5282856873992052|1.3333333333333333|GrossMargin09,0
1190|17.433427684173772|33|0.5282856873992052|1.3333333333333333|GrossMargin09,0
1195|17.433427684173772|33|0.5282856873992052|1.3333333333333333|GrossMargin09,0
1200|17.433427684173772|33|0.5282856873992052|1.3333333333333333|GrossMargin09,0
1205|17.433427684173772|33|0.5282856873992052|1.3333333333333333|GrossMargin09,0
1210|17.433427684173772|33|0.5282856873992052|1.3333333333333333|GrossMargin09,0
1215|17.433427684173772|33|0.5282856873992052|1.3333333333333333|GrossMargin09,0
1220|17.433427684173772|33|0.5282856873992052|1.3333333333333333|GrossMargin09,0
1225|17.433427684173772|33|0.5282856873992052|1.3333333333333333|GrossMargin09,0
1230|17.433427684173772|33|0.5282856873992052|1.3333333333333333|GrossMargin09,0
1235|17.433427684173772|33|0.5282856873992052|1.3333333333333333|GrossMargin09,0
1240|17.433427684173772|33|0.5282856873992052|1.3333333333333333|GrossMargin09,0
1245|17.433427684173772|33|0.5282856873992052|1.3333333333333333|GrossMargin09,0
1250|17.433427684173772|33|0.5282856873992052|1.3333333333333333|GrossMargin09,0
1255|17.433427684173772|33|0.5282856873992052|1.3333333333333333|GrossMargin09,0
1260|17.433427684173772|33|0.5282856873992052|1.3333333333333333|GrossMargin09,0
1265|17.433427684173772|33|0.5282856873992052|1.3333333333333333|GrossMargin09,0
1270|17.433427684173772|33|0.5282856873992052|1.3333333333333333|GrossMargin09,0
1275|17.433427684173772|33|0.5282856873992052|1.3333333333333333|GrossMargin09,0
1280|17.433427684173772|33|0.5282856873992052|1.3333333333333333|GrossMargin09,0
1285|17.433427684173772|33|0.5282856873992052|1.3333333333333333|GrossMargin09,0
1290|17.433427684173772|33|0.5282856873992052|1.3333333333333333|GrossMargin09,0
1295|17.433427684173772|33|0.5282856873992052|1.3333333333333333|GrossMargin09,0
1300|17.433427684173772|33|0.5282856873992052|1.3333333333333333|GrossMargin09,0
1305|17.433427684173772|33|0.5282856873992052|1.3333333333333333|GrossMargin09,0
1310|17.433427684173772|33|0.5282856873992052|1.3333333333333333|GrossMargin09,0
1315|17.433427684173772|33|0.5282856873992052|1.3333333333333333|GrossMargin09,0
1320|17.433427684173772|33|0.5282856873992052|1.3333333333333333|GrossMargin09,0
1325|17.433427684173772|33|0.5282856873992052|1.3333333333333333|GrossMargin09,0
1330|17.433427684173772|33|0.5282856873992052|1.3333333333333333|GrossMargin09,0
1335|17.433427684173772|33|0.5282856873992052|1.3333333333333333|GrossMargin09,0
1340|17.433427684173772|33|0.5282856873992052|1.3333333333333333|GrossMargin09,0
1345|17.433427684173772|33|0.5282856873992052|1.3333333333333333|GrossMargin09,0
1350|17.433427684173772|33|0.5282856873992052|1.3333333333333333|GrossMargin09,0
1355|17.433427684173772|33|0.5282856873992052|1.3333333333333333|GrossMargin09,0
1360|17.433427684173772|33|0.5282856873992052|1.3333333333333333|GrossMargin09,0
1365|17.433427684173772|33|0.5282856873992052|1.3333333333333333|GrossMargin09,0
1370|17.433427684173772|33|0.5282856873992052|1.3333333333333333|GrossMargin09,0
1375|17.433427684173772|33|0.5282856873992052|1.3333333333333333|GrossMargin09,0
1380|17.433427684173772|33|0.5282856873992052|1.3333333333333333|GrossMargin09,0
1385|17.433427684173772|33|0.5282856873992052|1.3333333333333333|GrossMargin09,0
1390|17.433427684173772|33|0.5282856873992052|1.3333333333333333|GrossMargin09,0
1395|17.433427684173772|33|0.5282856873992052|1.3333333333333333|GrossMargin09,0
1400|17.433427684173772|33|0.5282856873992052|1.3333333333333333|GrossMargin09,0
1405|17.433427684173772|33|0.5282856873992052|1.3333333333333333|GrossMargin09,0
1410|17.433427684173772|33|0.5282856873992052|1.3333333333333333|GrossMargin09,0
1415|17.433427684173772|33|0.5282856873992052|1.3333333333333333|GrossMargin09,0
1420|17.433427684173772|33|0.5282856873992052|1.3333333333333333|GrossMargin09,0
1425|17.433427684173772|33|0.5282856873992052|1.3333333333333333|GrossMargin09,0
1430|17.433427684173772|33|0.5282856873992052|1.3333333333333333|GrossMargin09,0
1435|17.433427684173772|33|0.5282856873992052|1.3333333333333333|GrossMargin09,0
1440|17.433427684173772|33|0.5282856873992052|1.3333333333333333|GrossMargin09,0
1445|17.433427684173772|33|0.5282856873992052|1.3333333333333333|GrossMargin09,0
1450|17.433427684173772|33|0.5282856873992052|1.3333333333333333|GrossMargin09,0
1455|17.433427684173772|33|0.5282856873992052|1.3333333333333333|GrossMargin09,0
1460|17.433427684173772|33|0.5282856873992052|1.3333333333333333|GrossMargin09,0
1465|17.433427684173772|33|0.5282856873992052|1.3333333333333333|GrossMargin09,0
1470|17.433427684173772|33|0.5282856873992052|1.3333333333333333|GrossMargin09,0
1475|17.433427684173772|33|0.5282856873992052|1.3333333333333333|GrossMargin09,0
1480|17.433427684173772|33|0.5282856873992052|1.3333333333333333|GrossMargin09,0
1485|17.433427684173772|33|0.5282856873992052|1.3333333333333333|GrossMargin09,0
1490|17.433427684173772|33|0.5282856873992052|1.3333333333333333|GrossMargin09,0
1495|17.433427684173772|33|0.5282856873992052|1.3333333333333333|GrossMargin09,0
1500|17.433427684173772|33|0.5282856873992052|1.3333333333333333|GrossMargin09,0
1505|17.433427684173772|33|0.5282856873992052|1.3333333333333333|GrossMargin09,0
1510|17.433427684173772|33|0.5282856873992052|1.3333333333333333|GrossMargin09,0
1515|17.433427684173772|33|0.5282856873992052|1.3333333333333333|GrossMargin09,0
1520|17.433427684173772|33|0.5282856873992052|1.3333333333333333|GrossMargin09,0
1525|17.433427684173772|33|0.5282856873992052|1.3333333333333333|GrossMargin09,0
1530|17.433427684173772|33|0.5282856873992052|1.3333333333333333|GrossMargin09,0
1535|17.433427684173772|33|0.5282856873992052|1.3333333333333333|GrossMargin09,0
1540|17.433427684173772|33|0.5282856873992052|1.3333333333333333|GrossMargin09,0
1545|17.433427684173772|33|0.5282856873992052|1.3333333333333333|GrossMargin09,0
1550|17.433427684173772|33|0.5282856873992052|1.3333333333333333|GrossMargin09,0
1555|17.433427684173772|33|0.5282856873992052|1.3333333333333333|GrossMargin09,0
1560|17.433427684173772|33|0.5282856873992052|1.3333333333333333|GrossMargin09,0
1565|17.433427684173772|33|0.5282856873992052|1.3333333333333333|GrossMargin09,0
1570|17.433427684173772|33|0.5282856873992052|1.3333333333333333|GrossMargin09,0
1575|17.433427684173772|33|0.5282856873992052|1.3333333333333333|GrossMargin09,0
1580|17.433427684173772|33|0.5282856873992052|1.3333333333333333|GrossMargin09,0
1585|17.433427684173772|33|0.5282856873992052|1.3333333333333333|GrossMargin09,0
1590|17.433427684173772|33|0.5282856873992052|1.3333333333333333|GrossMargin09,0
1595|17.433427684173772|33|0.5282856873992052|1.3333333333333333|GrossMargin09,0
1600|17.433427684173772|33|0.5282856873992052|1.3333333333333333|GrossMargin09,0
1605|17.433427684173772|33|0.5282856873992052|1.3333333333333333|GrossMargin09,0
1610|17.433427684173772|33|0.5282856873992052|1.3333333333333333|GrossMargin09,0
1615|17.433427684173772|33|0.5282856873992052|1.3333333333333333|GrossMargin09,0
1620|17.433427684173772|33|0.5282856873992052|1.3333333333333333|GrossMargin09,0
1625|17.433427684173772|33|0.5282856873992052|1.3333333333333333|GrossMargin09,0
1630|17.433427684173772|33|0.5282856873992052|1.3333333333333333|GrossMargin09,0
1635|17.433427684173772|33|0.5282856873992052|1.3333333333333333|GrossMargin09,0
1640|17.433427684173772|33|0.5282856873992052|1.3333333333333333|GrossMargin09,0
1645|17.433427684173772|33|0.5282856873992052|1.3333333333333333|GrossMargin09,0
1650|17.433427684173772|33|0.5282856873992052|1.3333333333333333|GrossMargin09,0
1655|17.433427684173772|33|0.5282856873992052|1.3333333333333333|GrossMargin09,0
1660|17.433427684173772|33|0.5282856873992052|1.3333333333333333|GrossMargin09,0
1665|17.433427684173772|33|0.5282856873992052|1.3333333333333333|GrossMargin09,0
1670|17.433427684173772|33|0.5282856873992052|1.3333333333333333|GrossMargin09,0
1675|17.433427684173772|33|0.5282856873992052|1.3333333333333333|GrossMargin09,0
1680|17.433427684173772|33|0.5282856873992052|1.3333333333333333|GrossMargin09,0
1685|17.433427684173772|33|0.5282856873992052|1.3333333333333333|GrossMargin09,0
1690|17.433427684173772|33|0.5282856873992052|1.3333333333333333|GrossMargin09,0
1695|17.433427684173772|33|0.5282856873992052|1.3333333333333333|GrossMargin09,0
1700|17.433427684173772|33|0.5282856873992052|1.3333333333333333|GrossMargin09,0
1705|17.433427684173772|33|0.5282856873992052|1.3333333333333333|GrossMargin09,0
1710|17.433427684173772|33|0.5282856873992052|1.3333333333333333|GrossMargin09,0
1715|17.433427684173772|33|0.5282856873992052|1.3333333333333333|GrossMargin09,0
1720|17.433427684173772|33|0.5282856873992052|1.3333333333333333|GrossMargin09,0
1725|17.433427684173772|33|0.5282856873992052|1.3333333333333333|GrossMargin09,0
1730|17.433427684173772|33|0.5282856873992052|1.3333333333333333|GrossMargin09,0
1735|17.433427684173772|33|0.5282856873992052|1.3333333333333333|GrossMargin09,0
1740|17.433427684173772|33|0.5282856873992052|1.3333333333333333|GrossMargin09,0
1745|17.433427684173772|33|0.5282856873992052|1.3333333333333333|GrossMargin09,0
1750|17.433427684173772|33|0.5282856873992052|1.3333333333333333|GrossMargin09,0
1755|17.433427684173772|33|0.5282856873992052|1.3333333333333333|GrossMargin09,0
1760|17.433427684173772|33|0.5282856873992052|1.3333333333333333|GrossMargin09,0
1765|17.433427684173772|33|0.5282856873992052|1.3333333333333333|GrossMargin09,0
1770|17.433427684173772|33|0.5282856873992052|1.3333333333333333|GrossMargin09,0
1775|17.433427684173772|33|0.5282856873992052|1.3333333333333333|GrossMargin09,0
1780|17.433427684173772|33|0.5282856873992052|1.3333333333333333|GrossMargin09,0
1785|17.433427684173772|33|0.5282856873992052|1.3333333333333333|GrossMargin09,0
1790|17.433427684173772|33|0.5282856873992052|1.3333333333333333|GrossMargin09,0
1795|17.433427684173772|33|0.5282856873992052|1.3333333333333333|GrossMargin09,0
1800|17.433427684173772|33|0.5282856873992052|1.3333333333333333|GrossMargin09,0
1805|17.433427684173772|33|0.5282856873992052|1.3333333333333333|GrossMargin09,0
1810|17.433427684173772|33|0.5282856873992052|1.3333333333333333|GrossMargin09,0
1815|17.433427684173772|33|0.5282856873992052|1.3333333333333333|GrossMargin09,0
1820|17.433427684173772|33|0.5282856873992052|1.3333333333333333|GrossMargin09,0
1825|17.433427684173772|33|0.5282856873992052|1.3333333333333333|GrossMargin09,0
1830|17.433427684173772|33|0.5282856873992052|1.3333333333333333|GrossMargin09,0
1835|17.433427684173772|33|0.5282856873992052|1.3333333333333333|GrossMargin09,0
1840|17.433427684173772|33|0.5282856873992052|1.3333333333333333|GrossMargin09,0
1845|17.433427684173772|33|0.5282856873992052|1.3333333333333333|GrossMargin09,0
1850|17.433427684173772|33|0.5282856873992052|1.3333333333333333|GrossMargin09,0
1855|17.433427684173772|33|0.5282856873992052|1.3333333333333333|GrossMargin09,0
1860|17.433427684173772|33|0.5282856873992052|1.3333333333333333|GrossMargin09,0
1865|17.433427684173772|33|0.5282856873992052|1.3333333333333333|GrossMargin09,0
1870|17.433427684173772|33|0.5282856873992052|1.3333333333333333|GrossMargin09,0
1875|17.433427684173772|33|0.5282856873992052|1.3333333333333333|GrossMargin09,0
1880|17.433427684173772|33|0.5282856873992052|1.3333333333333333|GrossMargin09,0
1885|17.433427684173772|33|0.5282856873992052|1.3333333333333333|GrossMargin09,0
1890|17.433427684173772|33|0.5282856873992052|1.3333333333333333|GrossMargin09,0
1895|17.433427684173772|33|0.5282856873992052|1.3333333333333333|GrossMargin09,0
1900|17.433427684173772|33|0.5282856873992052|1.3333333333333333|GrossMargin09,0
1905|17.433427684173772|33|0.5282856873992052|1.3333333333333333|GrossMargin09,0
1910|17.433427684173772|33|0.5282856873992052|1.3333333333333333|GrossMargin09,0
1915|17.433427684173772|33|0.5282856873992052|1.3333333333333333|GrossMargin09,0
1920|17.433427684173772|33|0.5282856873992052|1.3333333333333333|GrossMargin09,0
1925|17.433427684173772|33|0.5282856873992052|1.3333333333333333|GrossMargin09,0
1930|17.433427684173772|33|0.5282856873992052|1.3333333333333333|GrossMargin09,0
1935|17.433427684173772|33|0.5282856873992052|1.3333333333333333|GrossMargin09,0
1940|17.433427684173772|33|0.5282856873992052|1.3333333333333333|GrossMargin09,0
1945|17.433427684173772|33|0.5282856873992052|1.3333333333333333|GrossMargin09,0
1950|17.433427684173772|33|0.5282856873992052|1.3333333333333333|GrossMargin09,0
1955|17.433427684173772|33|0.5282856873992052|1.3333333333333333|GrossMargin09,0
1960|17.433427684173772|33|0.5282856873992052|1.3333333333333333|GrossMargin09,0
1965|17.433427684173772|33|0.5282856873992052|1.3333333333333333|GrossMargin09,0
1970|17.433427684173772|33|0.5282856873992052|1.3333333333333333|GrossMargin09,0
1975|17.433427684173772|33|0.5282856873992052|1.3333333333333333|GrossMargin09,0
1980|17.433427684173772|33|0.5282856873992052|1.3333333333333333|GrossMargin09,0
1985|17.433427684173772|33|0.5282856873992052|1.3333333333333333|GrossMargin09,0
1990|17.433427684173772|33|0.5282856873992052|1.3333333333333333|GrossMargin09,0
1995|17.433427684173772|33|0.5282856873992052|1.3333333333333333|GrossMargin09,0
2000|17.433427684173772|33|0.5282856873992052|1.3333333333333333|GrossMargin09,0
