#########################################################
# Algorithm Parameters #
# Generations = 2000
# Population size = 100
# Resolution = 5
#########################################################
# Financial Parameters #
# Quarter = 4
# Crossover probabilities = 0.75 -> 0.25
# Mutation start probabilities = 0.9,0.0,0.6,0.5,0.6,0.9
# Mutation end probabilities = 0.4,0.4,0.1,0.1,0.1,0.4
######################################################### 
0|8.073464658613116|7|1.1533520940875879|1.0|OperatingMargin09,3
5|10.435552423750819|19|0.5492396012500431|1.0|GrossMargin09,0
10|10.481163848806556|13|0.8062433729851197|1.0|GrossMargin10,1
15|11.685447649498355|17|0.6873792734999032|1.1428571428571428|CapExSales10,28
20|12.274990605616388|17|0.7220582709186111|1.3333333333333333|ResearchDevelopment10,16
25|12.981592960173767|23|0.5644170852249464|1.0|GrossMarginChange,2
30|13.002710112803275|25|0.520108404512131|1.0909090909090908|CapExSales10,28
35|13.29804036651147|19|0.6998968613953406|1.125|ReturnOnEquity09,21
40|13.444543470914747|23|0.5845453683006412|1.1|EarningsPerShare09,6
45|13.601260811036061|33|0.41215941851624427|1.1428571428571428|TotalCurrentAssetsChange,32
50|13.601260811036061|33|0.41215941851624427|1.1428571428571428|TotalCurrentAssetsChange,32
55|14.015367736780325|31|0.4521086366703331|1.0|OperatingMargin10,4
60|14.072287574334423|29|0.4852512956667042|1.0769230769230769|EarningsPerShare09,6
65|14.072287574334423|29|0.4852512956667042|1.0769230769230769|EarningsPerShare09,6
70|14.118356489993438|35|0.40338161399981254|1.0625|EarningsPerShare09,6
75|14.118356489993438|35|0.40338161399981254|1.0625|EarningsPerShare09,6
80|14.356759368957375|31|0.46312126996636693|1.25|OperatingMargin10,4
85|14.356759368957375|31|0.46312126996636693|1.25|OperatingMargin10,4
90|14.421576934518031|35|0.41204505527194374|1.0625|EarningsPerShare09,6
95|14.421576934518031|35|0.41204505527194374|1.0625|EarningsPerShare09,6
100|14.421576934518031|35|0.41204505527194374|1.0625|EarningsPerShare09,6
105|14.421576934518031|35|0.41204505527194374|1.0625|EarningsPerShare09,6
110|14.421576934518031|35|0.41204505527194374|1.0625|EarningsPerShare09,6
115|14.421576934518031|35|0.41204505527194374|1.0625|EarningsPerShare09,6
120|14.421576934518031|35|0.41204505527194374|1.0625|EarningsPerShare09,6
125|14.421576934518031|33|0.43701748286418274|1.0666666666666667|EarningsPerShare09,6
130|14.421576934518031|33|0.43701748286418274|1.0666666666666667|EarningsPerShare09,6
135|14.571834246442618|39|0.37363677554981073|1.1875|OperatingMarginChange,5
140|14.571834246442618|39|0.37363677554981073|1.1875|OperatingMarginChange,5
145|14.571834246442618|39|0.37363677554981073|1.1875|OperatingMarginChange,5
150|14.571834246442618|37|0.3938333580119627|1.125|OperatingMarginChange,5
155|14.571834246442618|37|0.3938333580119627|1.125|OperatingMarginChange,5
160|14.878190907059015|39|0.38149207453997475|1.1875|OperatingMarginChange,5
165|14.878190907059015|39|0.38149207453997475|1.1875|OperatingMarginChange,5
170|14.878190907059015|39|0.38149207453997475|1.1875|OperatingMarginChange,5
175|14.878190907059015|39|0.38149207453997475|1.1875|OperatingMarginChange,5
180|14.965113348672128|47|0.318406666993024|1.15|OperatingMarginChange,5
185|14.965113348672128|47|0.318406666993024|1.15|OperatingMarginChange,5
190|14.965113348672128|47|0.318406666993024|1.15|OperatingMarginChange,5
195|14.965113348672128|43|0.3480258918295844|1.1666666666666667|OperatingMarginChange,5
200|14.965113348672128|43|0.3480258918295844|1.1666666666666667|OperatingMarginChange,5
205|14.965113348672128|43|0.3480258918295844|1.1666666666666667|OperatingMarginChange,5
210|14.965113348672128|43|0.3480258918295844|1.1666666666666667|OperatingMarginChange,5
215|14.965113348672128|41|0.36500276460175923|1.1111111111111112|OperatingMarginChange,5
220|14.965113348672128|41|0.36500276460175923|1.1111111111111112|OperatingMarginChange,5
225|14.965113348672128|41|0.36500276460175923|1.1111111111111112|OperatingMarginChange,5
230|15.086473759731147|47|0.320988803398535|1.15|OperatingMarginChange,5
235|15.086473759731147|45|0.3352549724384699|1.1578947368421053|OperatingMarginChange,5
240|15.086473759731147|45|0.3352549724384699|1.1578947368421053|OperatingMarginChange,5
245|15.086473759731147|45|0.3352549724384699|1.1578947368421053|OperatingMarginChange,5
250|15.086473759731147|45|0.3352549724384699|1.1578947368421053|OperatingMarginChange,5
255|15.086473759731147|43|0.3508482269704918|1.105263157894737|OperatingMarginChange,5
260|15.086473759731147|43|0.3508482269704918|1.105263157894737|OperatingMarginChange,5
265|15.086473759731147|43|0.3508482269704918|1.105263157894737|OperatingMarginChange,5
270|15.086473759731147|43|0.3508482269704918|1.105263157894737|OperatingMarginChange,5
275|15.086473759731147|43|0.3508482269704918|1.105263157894737|OperatingMarginChange,5
280|15.086473759731147|41|0.367962774627589|1.1111111111111112|OperatingMarginChange,5
285|15.086473759731147|41|0.367962774627589|1.1111111111111112|OperatingMarginChange,5
290|15.086473759731147|41|0.367962774627589|1.1111111111111112|OperatingMarginChange,5
295|15.086473759731147|41|0.367962774627589|1.1111111111111112|OperatingMarginChange,5
300|15.086473759731147|39|0.38683266050592685|1.0555555555555556|ReturnOnEquity09,21
305|15.086473759731147|39|0.38683266050592685|1.0555555555555556|ReturnOnEquity09,21
310|15.086473759731147|39|0.38683266050592685|1.0555555555555556|ReturnOnEquity09,21
315|15.086473759731147|39|0.38683266050592685|1.0555555555555556|ReturnOnEquity09,21
320|15.086473759731147|39|0.38683266050592685|1.0555555555555556|ReturnOnEquity09,21
325|15.086473759731147|39|0.38683266050592685|1.0555555555555556|ReturnOnEquity09,21
330|15.449102921327869|41|0.37680738832507|1.0526315789473684|ReturnOnEquity09,21
335|15.449102921327869|41|0.37680738832507|1.0526315789473684|ReturnOnEquity09,21
340|15.449102921327869|41|0.37680738832507|1.0526315789473684|ReturnOnEquity09,21
345|15.449102921327869|41|0.37680738832507|1.0526315789473684|ReturnOnEquity09,21
350|15.454656650124589|43|0.3594106197703393|1.105263157894737|OperatingMargin10,4
355|15.530788460170491|43|0.3611811269807091|1.05|ReturnOnEquity09,21
360|15.530788460170491|43|0.3611811269807091|1.05|ReturnOnEquity09,21
365|15.630703971455736|45|0.3473489771434608|1.1578947368421053|OperatingMargin10,4
370|15.63415115164918|43|0.3635849105034693|1.105263157894737|OperatingMargin10,4
375|15.63415115164918|43|0.3635849105034693|1.105263157894737|OperatingMargin10,4
380|15.63415115164918|43|0.3635849105034693|1.105263157894737|OperatingMargin10,4
385|16.424314714081966|47|0.34945350455493546|1.0952380952380953|OperatingMargin10,4
390|16.424314714081966|45|0.3649847714240437|1.1|ReturnOnEquity09,21
395|16.424314714081966|45|0.3649847714240437|1.1|ReturnOnEquity09,21
400|16.59772048830492|47|0.3531429891128706|1.15|ReturnOnEquity09,21
405|16.59772048830492|47|0.3531429891128706|1.15|ReturnOnEquity09,21
410|16.59772048830492|45|0.36883823307344266|1.1|ReturnOnEquity09,21
415|16.59772048830492|45|0.36883823307344266|1.1|ReturnOnEquity09,21
420|16.59772048830492|45|0.36883823307344266|1.1|ReturnOnEquity09,21
425|16.59772048830492|43|0.3859934997280214|1.1666666666666667|BookValuePerShareChange,11
430|16.59772048830492|43|0.3859934997280214|1.1666666666666667|BookValuePerShareChange,11
435|16.59772048830492|43|0.3859934997280214|1.1666666666666667|BookValuePerShareChange,11
440|16.59772048830492|41|0.40482245093426633|1.1111111111111112|BookValuePerShareChange,11
445|16.59772048830492|41|0.40482245093426633|1.1111111111111112|BookValuePerShareChange,11
450|16.59772048830492|41|0.40482245093426633|1.1111111111111112|BookValuePerShareChange,11
455|16.9109151837082|43|0.39327709729553956|1.1666666666666667|ReturnOnEquity09,21
460|16.9109151837082|43|0.39327709729553956|1.1666666666666667|ReturnOnEquity09,21
465|16.9109151837082|43|0.39327709729553956|1.1666666666666667|ReturnOnEquity09,21
470|16.9109151837082|43|0.39327709729553956|1.1666666666666667|ReturnOnEquity09,21
475|16.9109151837082|41|0.4124613459441025|1.1111111111111112|TotalCurrentAssets10,31
480|16.9109151837082|41|0.4124613459441025|1.1111111111111112|TotalCurrentAssets10,31
485|16.9109151837082|41|0.4124613459441025|1.1111111111111112|TotalCurrentAssets10,31
490|16.9109151837082|41|0.4124613459441025|1.1111111111111112|TotalCurrentAssets10,31
495|16.9109151837082|41|0.4124613459441025|1.1111111111111112|TotalCurrentAssets10,31
500|16.9109151837082|41|0.4124613459441025|1.1111111111111112|TotalCurrentAssets10,31
505|16.9109151837082|41|0.4124613459441025|1.1111111111111112|TotalCurrentAssets10,31
510|16.9109151837082|39|0.43361320983867185|1.1875|ReturnOnEquity09,21
515|16.9109151837082|39|0.43361320983867185|1.1875|ReturnOnEquity09,21
520|16.9109151837082|39|0.43361320983867185|1.1875|ReturnOnEquity09,21
525|16.9109151837082|39|0.43361320983867185|1.1875|ReturnOnEquity09,21
530|16.9109151837082|39|0.43361320983867185|1.1875|ReturnOnEquity09,21
535|16.9109151837082|37|0.4570517617218433|1.125|TotalCurrentAssets10,31
540|16.9109151837082|37|0.4570517617218433|1.125|TotalCurrentAssets10,31
545|16.9109151837082|37|0.4570517617218433|1.125|TotalCurrentAssets10,31
550|16.9109151837082|37|0.4570517617218433|1.125|TotalCurrentAssets10,31
555|16.992600722550822|39|0.43570771083463644|1.1176470588235294|TotalCurrentAssets10,31
560|16.992600722550822|39|0.43570771083463644|1.1176470588235294|TotalCurrentAssets10,31
565|16.992600722550822|39|0.43570771083463644|1.1176470588235294|TotalCurrentAssets10,31
570|16.992600722550822|39|0.43570771083463644|1.1176470588235294|TotalCurrentAssets10,31
575|16.992600722550822|39|0.43570771083463644|1.1176470588235294|TotalCurrentAssets10,31
580|16.992600722550822|37|0.45925947898786007|1.125|TotalCurrentAssets10,31
585|16.992600722550822|37|0.45925947898786007|1.125|TotalCurrentAssets10,31
590|16.992600722550822|37|0.45925947898786007|1.125|TotalCurrentAssets10,31
595|16.992600722550822|37|0.45925947898786007|1.125|TotalCurrentAssets10,31
600|16.992600722550822|37|0.45925947898786007|1.125|TotalCurrentAssets10,31
605|16.992600722550822|37|0.45925947898786007|1.125|TotalCurrentAssets10,31
610|16.992600722550822|37|0.45925947898786007|1.125|TotalCurrentAssets10,31
615|16.992600722550822|35|0.48550287778716633|1.1333333333333333|TotalCurrentAssetsChange,32
620|16.992600722550822|35|0.48550287778716633|1.1333333333333333|TotalCurrentAssetsChange,32
625|16.992600722550822|35|0.48550287778716633|1.1333333333333333|TotalCurrentAssetsChange,32
630|16.992600722550822|35|0.48550287778716633|1.1333333333333333|TotalCurrentAssetsChange,32
635|16.992600722550822|35|0.48550287778716633|1.1333333333333333|TotalCurrentAssetsChange,32
640|16.992600722550822|35|0.48550287778716633|1.1333333333333333|TotalCurrentAssetsChange,32
645|16.992600722550822|35|0.48550287778716633|1.1333333333333333|TotalCurrentAssetsChange,32
650|16.992600722550822|35|0.48550287778716633|1.1333333333333333|TotalCurrentAssetsChange,32
655|16.992600722550822|35|0.48550287778716633|1.1333333333333333|TotalCurrentAssetsChange,32
660|16.992600722550822|35|0.48550287778716633|1.1333333333333333|TotalCurrentAssetsChange,32
665|16.992600722550822|35|0.48550287778716633|1.1333333333333333|TotalCurrentAssetsChange,32
670|16.992600722550822|33|0.5149272946227522|1.0666666666666667|TotalCurrentAssets10,31
675|16.992600722550822|33|0.5149272946227522|1.0666666666666667|TotalCurrentAssets10,31
680|16.992600722550822|33|0.5149272946227522|1.0666666666666667|TotalCurrentAssets10,31
685|16.992600722550822|33|0.5149272946227522|1.0666666666666667|TotalCurrentAssets10,31
690|16.992600722550822|33|0.5149272946227522|1.0666666666666667|TotalCurrentAssets10,31
695|16.992600722550822|33|0.5149272946227522|1.0666666666666667|TotalCurrentAssets10,31
700|16.992600722550822|33|0.5149272946227522|1.0666666666666667|TotalCurrentAssets10,31
705|16.992600722550822|33|0.5149272946227522|1.0666666666666667|TotalCurrentAssets10,31
710|16.992600722550822|31|0.5481484104048653|1.0714285714285714|TotalCurrentAssets10,31
715|16.992600722550822|31|0.5481484104048653|1.0714285714285714|TotalCurrentAssets10,31
720|16.992600722550822|31|0.5481484104048653|1.0714285714285714|TotalCurrentAssets10,31
725|16.992600722550822|31|0.5481484104048653|1.0714285714285714|TotalCurrentAssets10,31
730|16.992600722550822|31|0.5481484104048653|1.0714285714285714|TotalCurrentAssets10,31
735|16.992600722550822|31|0.5481484104048653|1.0714285714285714|TotalCurrentAssets10,31
740|16.992600722550822|31|0.5481484104048653|1.0714285714285714|TotalCurrentAssets10,31
745|16.992600722550822|31|0.5481484104048653|1.0714285714285714|TotalCurrentAssets10,31
750|16.992600722550822|31|0.5481484104048653|1.0714285714285714|TotalCurrentAssets10,31
755|16.992600722550822|31|0.5481484104048653|1.0714285714285714|TotalCurrentAssets10,31
760|16.992600722550822|31|0.5481484104048653|1.0714285714285714|TotalCurrentAssets10,31
765|16.992600722550822|31|0.5481484104048653|1.0714285714285714|TotalCurrentAssets10,31
770|16.992600722550822|31|0.5481484104048653|1.0714285714285714|TotalCurrentAssets10,31
775|16.992600722550822|31|0.5481484104048653|1.0714285714285714|TotalCurrentAssets10,31
780|16.992600722550822|31|0.5481484104048653|1.0714285714285714|TotalCurrentAssets10,31
785|16.992600722550822|31|0.5481484104048653|1.0714285714285714|TotalCurrentAssets10,31
790|16.992600722550822|31|0.5481484104048653|1.0714285714285714|TotalCurrentAssets10,31
795|16.992600722550822|31|0.5481484104048653|1.0714285714285714|TotalCurrentAssets10,31
800|16.992600722550822|31|0.5481484104048653|1.0714285714285714|TotalCurrentAssets10,31
805|16.992600722550822|31|0.5481484104048653|1.0714285714285714|TotalCurrentAssets10,31
810|16.992600722550822|31|0.5481484104048653|1.0714285714285714|TotalCurrentAssets10,31
815|16.992600722550822|31|0.5481484104048653|1.0714285714285714|TotalCurrentAssets10,31
820|16.992600722550822|31|0.5481484104048653|1.0714285714285714|TotalCurrentAssets10,31
825|16.992600722550822|31|0.5481484104048653|1.0714285714285714|TotalCurrentAssets10,31
830|16.992600722550822|31|0.5481484104048653|1.0714285714285714|TotalCurrentAssets10,31
835|16.992600722550822|31|0.5481484104048653|1.0714285714285714|TotalCurrentAssets10,31
840|16.992600722550822|31|0.5481484104048653|1.0714285714285714|TotalCurrentAssets10,31
845|16.992600722550822|31|0.5481484104048653|1.0714285714285714|TotalCurrentAssets10,31
850|16.992600722550822|31|0.5481484104048653|1.0714285714285714|TotalCurrentAssets10,31
855|16.992600722550822|31|0.5481484104048653|1.0714285714285714|TotalCurrentAssets10,31
860|16.992600722550822|31|0.5481484104048653|1.0714285714285714|TotalCurrentAssets10,31
865|16.992600722550822|31|0.5481484104048653|1.0714285714285714|TotalCurrentAssets10,31
870|16.992600722550822|31|0.5481484104048653|1.0714285714285714|TotalCurrentAssets10,31
875|16.992600722550822|31|0.5481484104048653|1.0714285714285714|TotalCurrentAssets10,31
880|16.992600722550822|31|0.5481484104048653|1.0714285714285714|TotalCurrentAssets10,31
885|16.992600722550822|31|0.5481484104048653|1.0714285714285714|TotalCurrentAssets10,31
890|16.992600722550822|31|0.5481484104048653|1.0714285714285714|TotalCurrentAssets10,31
895|16.992600722550822|31|0.5481484104048653|1.0714285714285714|TotalCurrentAssets10,31
900|16.992600722550822|31|0.5481484104048653|1.0714285714285714|TotalCurrentAssets10,31
905|16.992600722550822|31|0.5481484104048653|1.0714285714285714|TotalCurrentAssets10,31
910|16.992600722550822|31|0.5481484104048653|1.0714285714285714|TotalCurrentAssets10,31
915|16.992600722550822|31|0.5481484104048653|1.0714285714285714|TotalCurrentAssets10,31
920|16.992600722550822|31|0.5481484104048653|1.0714285714285714|TotalCurrentAssets10,31
925|16.992600722550822|31|0.5481484104048653|1.0714285714285714|TotalCurrentAssets10,31
930|16.992600722550822|31|0.5481484104048653|1.0714285714285714|TotalCurrentAssets10,31
935|16.992600722550822|31|0.5481484104048653|1.0714285714285714|TotalCurrentAssets10,31
940|16.992600722550822|31|0.5481484104048653|1.0714285714285714|TotalCurrentAssets10,31
945|16.992600722550822|31|0.5481484104048653|1.0714285714285714|TotalCurrentAssets10,31
950|16.992600722550822|31|0.5481484104048653|1.0714285714285714|TotalCurrentAssets10,31
955|16.992600722550822|31|0.5481484104048653|1.0714285714285714|TotalCurrentAssets10,31
960|16.992600722550822|31|0.5481484104048653|1.0714285714285714|TotalCurrentAssets10,31
965|16.992600722550822|31|0.5481484104048653|1.0714285714285714|TotalCurrentAssets10,31
970|16.992600722550822|31|0.5481484104048653|1.0714285714285714|TotalCurrentAssets10,31
975|16.992600722550822|31|0.5481484104048653|1.0714285714285714|TotalCurrentAssets10,31
980|16.992600722550822|31|0.5481484104048653|1.0714285714285714|TotalCurrentAssets10,31
985|16.992600722550822|31|0.5481484104048653|1.0714285714285714|TotalCurrentAssets10,31
990|16.992600722550822|31|0.5481484104048653|1.0714285714285714|TotalCurrentAssets10,31
995|16.992600722550822|31|0.5481484104048653|1.0714285714285714|TotalCurrentAssets10,31
1000|16.992600722550822|31|0.5481484104048653|1.0714285714285714|TotalCurrentAssets10,31
1005|16.992600722550822|31|0.5481484104048653|1.0714285714285714|TotalCurrentAssets10,31
1010|16.992600722550822|31|0.5481484104048653|1.0714285714285714|TotalCurrentAssets10,31
1015|16.992600722550822|31|0.5481484104048653|1.0714285714285714|TotalCurrentAssets10,31
1020|16.992600722550822|31|0.5481484104048653|1.0714285714285714|TotalCurrentAssets10,31
1025|16.992600722550822|31|0.5481484104048653|1.0714285714285714|TotalCurrentAssets10,31
1030|16.992600722550822|31|0.5481484104048653|1.0714285714285714|TotalCurrentAssets10,31
1035|16.992600722550822|31|0.5481484104048653|1.0714285714285714|TotalCurrentAssets10,31
1040|16.992600722550822|31|0.5481484104048653|1.0714285714285714|TotalCurrentAssets10,31
1045|16.992600722550822|31|0.5481484104048653|1.0714285714285714|TotalCurrentAssets10,31
1050|16.992600722550822|31|0.5481484104048653|1.0714285714285714|TotalCurrentAssets10,31
1055|16.992600722550822|31|0.5481484104048653|1.0714285714285714|TotalCurrentAssets10,31
1060|16.992600722550822|31|0.5481484104048653|1.0714285714285714|TotalCurrentAssets10,31
1065|16.992600722550822|31|0.5481484104048653|1.0714285714285714|TotalCurrentAssets10,31
1070|16.992600722550822|31|0.5481484104048653|1.0714285714285714|TotalCurrentAssets10,31
1075|16.992600722550822|31|0.5481484104048653|1.0714285714285714|TotalCurrentAssets10,31
1080|16.992600722550822|31|0.5481484104048653|1.0714285714285714|TotalCurrentAssets10,31
1085|16.992600722550822|31|0.5481484104048653|1.0714285714285714|TotalCurrentAssets10,31
1090|16.992600722550822|31|0.5481484104048653|1.0714285714285714|TotalCurrentAssets10,31
1095|16.992600722550822|31|0.5481484104048653|1.0714285714285714|TotalCurrentAssets10,31
1100|16.992600722550822|31|0.5481484104048653|1.0714285714285714|TotalCurrentAssets10,31
1105|16.992600722550822|31|0.5481484104048653|1.0714285714285714|TotalCurrentAssets10,31
1110|16.992600722550822|31|0.5481484104048653|1.0714285714285714|TotalCurrentAssets10,31
1115|16.992600722550822|31|0.5481484104048653|1.0714285714285714|TotalCurrentAssets10,31
1120|16.992600722550822|31|0.5481484104048653|1.0714285714285714|TotalCurrentAssets10,31
1125|16.992600722550822|31|0.5481484104048653|1.0714285714285714|TotalCurrentAssets10,31
1130|16.992600722550822|31|0.5481484104048653|1.0714285714285714|TotalCurrentAssets10,31
1135|16.992600722550822|31|0.5481484104048653|1.0714285714285714|TotalCurrentAssets10,31
1140|16.992600722550822|31|0.5481484104048653|1.0714285714285714|TotalCurrentAssets10,31
1145|16.992600722550822|31|0.5481484104048653|1.0714285714285714|TotalCurrentAssets10,31
1150|16.992600722550822|31|0.5481484104048653|1.0714285714285714|TotalCurrentAssets10,31
1155|16.992600722550822|31|0.5481484104048653|1.0714285714285714|TotalCurrentAssets10,31
1160|16.992600722550822|31|0.5481484104048653|1.0714285714285714|TotalCurrentAssets10,31
1165|16.992600722550822|31|0.5481484104048653|1.0714285714285714|TotalCurrentAssets10,31
1170|16.992600722550822|31|0.5481484104048653|1.0714285714285714|TotalCurrentAssets10,31
1175|16.992600722550822|31|0.5481484104048653|1.0714285714285714|TotalCurrentAssets10,31
1180|16.992600722550822|31|0.5481484104048653|1.0714285714285714|TotalCurrentAssets10,31
1185|16.992600722550822|31|0.5481484104048653|1.0714285714285714|TotalCurrentAssets10,31
1190|16.992600722550822|31|0.5481484104048653|1.0714285714285714|TotalCurrentAssets10,31
1195|16.992600722550822|31|0.5481484104048653|1.0714285714285714|TotalCurrentAssets10,31
1200|16.992600722550822|31|0.5481484104048653|1.0714285714285714|TotalCurrentAssets10,31
1205|16.992600722550822|31|0.5481484104048653|1.0714285714285714|TotalCurrentAssets10,31
1210|16.992600722550822|31|0.5481484104048653|1.0714285714285714|TotalCurrentAssets10,31
1215|16.992600722550822|31|0.5481484104048653|1.0714285714285714|TotalCurrentAssets10,31
1220|16.992600722550822|31|0.5481484104048653|1.0714285714285714|TotalCurrentAssets10,31
1225|16.992600722550822|31|0.5481484104048653|1.0714285714285714|TotalCurrentAssets10,31
1230|16.992600722550822|31|0.5481484104048653|1.0714285714285714|TotalCurrentAssets10,31
1235|16.992600722550822|31|0.5481484104048653|1.0714285714285714|TotalCurrentAssets10,31
1240|16.992600722550822|31|0.5481484104048653|1.0714285714285714|TotalCurrentAssets10,31
1245|16.992600722550822|31|0.5481484104048653|1.0714285714285714|TotalCurrentAssets10,31
1250|16.992600722550822|31|0.5481484104048653|1.0714285714285714|TotalCurrentAssets10,31
1255|16.992600722550822|31|0.5481484104048653|1.0714285714285714|TotalCurrentAssets10,31
1260|16.992600722550822|31|0.5481484104048653|1.0714285714285714|TotalCurrentAssets10,31
1265|16.992600722550822|31|0.5481484104048653|1.0714285714285714|TotalCurrentAssets10,31
1270|16.992600722550822|31|0.5481484104048653|1.0714285714285714|TotalCurrentAssets10,31
1275|16.992600722550822|31|0.5481484104048653|1.0714285714285714|TotalCurrentAssets10,31
1280|16.992600722550822|31|0.5481484104048653|1.0714285714285714|TotalCurrentAssets10,31
1285|16.992600722550822|31|0.5481484104048653|1.0714285714285714|TotalCurrentAssets10,31
1290|16.992600722550822|31|0.5481484104048653|1.0714285714285714|TotalCurrentAssets10,31
1295|16.992600722550822|31|0.5481484104048653|1.0714285714285714|TotalCurrentAssets10,31
1300|16.992600722550822|31|0.5481484104048653|1.0714285714285714|TotalCurrentAssets10,31
1305|16.992600722550822|31|0.5481484104048653|1.0714285714285714|TotalCurrentAssets10,31
1310|16.992600722550822|31|0.5481484104048653|1.0714285714285714|TotalCurrentAssets10,31
1315|16.992600722550822|31|0.5481484104048653|1.0714285714285714|TotalCurrentAssets10,31
1320|16.992600722550822|31|0.5481484104048653|1.0714285714285714|TotalCurrentAssets10,31
1325|16.992600722550822|31|0.5481484104048653|1.0714285714285714|TotalCurrentAssets10,31
1330|16.992600722550822|31|0.5481484104048653|1.0714285714285714|TotalCurrentAssets10,31
1335|16.992600722550822|31|0.5481484104048653|1.0714285714285714|TotalCurrentAssets10,31
1340|16.992600722550822|31|0.5481484104048653|1.0714285714285714|TotalCurrentAssets10,31
1345|16.992600722550822|31|0.5481484104048653|1.0714285714285714|TotalCurrentAssets10,31
1350|16.992600722550822|31|0.5481484104048653|1.0714285714285714|TotalCurrentAssets10,31
1355|16.992600722550822|31|0.5481484104048653|1.0714285714285714|TotalCurrentAssets10,31
1360|16.992600722550822|31|0.5481484104048653|1.0714285714285714|TotalCurrentAssets10,31
1365|16.992600722550822|31|0.5481484104048653|1.0714285714285714|TotalCurrentAssets10,31
1370|16.992600722550822|31|0.5481484104048653|1.0714285714285714|TotalCurrentAssets10,31
1375|16.992600722550822|31|0.5481484104048653|1.0714285714285714|TotalCurrentAssets10,31
1380|16.992600722550822|31|0.5481484104048653|1.0714285714285714|TotalCurrentAssets10,31
1385|16.992600722550822|31|0.5481484104048653|1.0714285714285714|TotalCurrentAssets10,31
1390|16.992600722550822|31|0.5481484104048653|1.0714285714285714|TotalCurrentAssets10,31
1395|16.992600722550822|31|0.5481484104048653|1.0714285714285714|TotalCurrentAssets10,31
1400|16.992600722550822|31|0.5481484104048653|1.0714285714285714|TotalCurrentAssets10,31
1405|16.992600722550822|31|0.5481484104048653|1.0714285714285714|TotalCurrentAssets10,31
1410|16.992600722550822|31|0.5481484104048653|1.0714285714285714|TotalCurrentAssets10,31
1415|16.992600722550822|31|0.5481484104048653|1.0714285714285714|TotalCurrentAssets10,31
1420|16.992600722550822|31|0.5481484104048653|1.0714285714285714|TotalCurrentAssets10,31
1425|16.992600722550822|31|0.5481484104048653|1.0714285714285714|TotalCurrentAssets10,31
1430|16.992600722550822|31|0.5481484104048653|1.0714285714285714|TotalCurrentAssets10,31
1435|16.992600722550822|31|0.5481484104048653|1.0714285714285714|TotalCurrentAssets10,31
1440|16.992600722550822|31|0.5481484104048653|1.0714285714285714|TotalCurrentAssets10,31
1445|16.992600722550822|31|0.5481484104048653|1.0714285714285714|TotalCurrentAssets10,31
1450|16.992600722550822|31|0.5481484104048653|1.0714285714285714|TotalCurrentAssets10,31
1455|16.992600722550822|31|0.5481484104048653|1.0714285714285714|TotalCurrentAssets10,31
1460|16.992600722550822|31|0.5481484104048653|1.0714285714285714|TotalCurrentAssets10,31
1465|16.992600722550822|31|0.5481484104048653|1.0714285714285714|TotalCurrentAssets10,31
1470|16.992600722550822|31|0.5481484104048653|1.0714285714285714|TotalCurrentAssets10,31
1475|16.992600722550822|31|0.5481484104048653|1.0714285714285714|TotalCurrentAssets10,31
1480|16.992600722550822|31|0.5481484104048653|1.0714285714285714|TotalCurrentAssets10,31
1485|16.992600722550822|31|0.5481484104048653|1.0714285714285714|TotalCurrentAssets10,31
1490|16.992600722550822|31|0.5481484104048653|1.0714285714285714|TotalCurrentAssets10,31
1495|16.992600722550822|29|0.5859517490534766|1.0769230769230769|TotalCurrentAssets10,31
1500|16.992600722550822|29|0.5859517490534766|1.0769230769230769|TotalCurrentAssets10,31
1505|16.992600722550822|27|0.6293555823166971|1.0|GrossMargin10,1
1510|16.992600722550822|27|0.6293555823166971|1.0|GrossMargin10,1
1515|16.992600722550822|27|0.6293555823166971|1.0|GrossMargin10,1
1520|16.992600722550822|27|0.6293555823166971|1.0|GrossMargin10,1
1525|16.992600722550822|27|0.6293555823166971|1.0|GrossMargin10,1
1530|16.992600722550822|27|0.6293555823166971|1.0|GrossMargin10,1
1535|16.992600722550822|27|0.6293555823166971|1.0|GrossMargin10,1
1540|16.992600722550822|27|0.6293555823166971|1.0|GrossMargin10,1
1545|16.992600722550822|27|0.6293555823166971|1.0|GrossMargin10,1
1550|16.992600722550822|27|0.6293555823166971|1.0|GrossMargin10,1
1555|16.992600722550822|27|0.6293555823166971|1.0|GrossMargin10,1
1560|16.992600722550822|27|0.6293555823166971|1.0|GrossMargin10,1
1565|16.992600722550822|27|0.6293555823166971|1.0|GrossMargin10,1
1570|16.992600722550822|27|0.6293555823166971|1.0|GrossMargin10,1
1575|16.992600722550822|27|0.6293555823166971|1.0|GrossMargin10,1
1580|16.992600722550822|27|0.6293555823166971|1.0|GrossMargin10,1
1585|16.992600722550822|27|0.6293555823166971|1.0|GrossMargin10,1
1590|16.992600722550822|27|0.6293555823166971|1.0|GrossMargin10,1
1595|16.992600722550822|27|0.6293555823166971|1.0|GrossMargin10,1
1600|16.992600722550822|27|0.6293555823166971|1.0|GrossMargin10,1
1605|16.992600722550822|27|0.6293555823166971|1.0|GrossMargin10,1
1610|16.992600722550822|27|0.6293555823166971|1.0|GrossMargin10,1
1615|16.992600722550822|27|0.6293555823166971|1.0|GrossMargin10,1
1620|16.992600722550822|27|0.6293555823166971|1.0|GrossMargin10,1
1625|16.992600722550822|27|0.6293555823166971|1.0|GrossMargin10,1
1630|16.992600722550822|27|0.6293555823166971|1.0|GrossMargin10,1
1635|16.992600722550822|27|0.6293555823166971|1.0|GrossMargin10,1
1640|16.992600722550822|27|0.6293555823166971|1.0|GrossMargin10,1
1645|16.992600722550822|27|0.6293555823166971|1.0|GrossMargin10,1
1650|16.992600722550822|27|0.6293555823166971|1.0|GrossMargin10,1
1655|16.992600722550822|27|0.6293555823166971|1.0|GrossMargin10,1
1660|16.992600722550822|27|0.6293555823166971|1.0|GrossMargin10,1
1665|16.992600722550822|27|0.6293555823166971|1.0|GrossMargin10,1
1670|16.992600722550822|27|0.6293555823166971|1.0|GrossMargin10,1
1675|16.992600722550822|27|0.6293555823166971|1.0|GrossMargin10,1
1680|16.992600722550822|27|0.6293555823166971|1.0|GrossMargin10,1
1685|16.992600722550822|27|0.6293555823166971|1.0|GrossMargin10,1
1690|16.992600722550822|27|0.6293555823166971|1.0|GrossMargin10,1
1695|16.992600722550822|27|0.6293555823166971|1.0|GrossMargin10,1
1700|16.992600722550822|27|0.6293555823166971|1.0|GrossMargin10,1
1705|16.992600722550822|27|0.6293555823166971|1.0|GrossMargin10,1
1710|16.992600722550822|27|0.6293555823166971|1.0|GrossMargin10,1
1715|16.992600722550822|27|0.6293555823166971|1.0|GrossMargin10,1
1720|16.992600722550822|27|0.6293555823166971|1.0|GrossMargin10,1
1725|16.992600722550822|27|0.6293555823166971|1.0|GrossMargin10,1
1730|16.992600722550822|27|0.6293555823166971|1.0|GrossMargin10,1
1735|16.992600722550822|27|0.6293555823166971|1.0|GrossMargin10,1
1740|16.992600722550822|27|0.6293555823166971|1.0|GrossMargin10,1
1745|16.992600722550822|27|0.6293555823166971|1.0|GrossMargin10,1
1750|16.992600722550822|27|0.6293555823166971|1.0|GrossMargin10,1
1755|16.992600722550822|27|0.6293555823166971|1.0|GrossMargin10,1
1760|16.992600722550822|27|0.6293555823166971|1.0|GrossMargin10,1
1765|16.992600722550822|27|0.6293555823166971|1.0|GrossMargin10,1
1770|16.992600722550822|27|0.6293555823166971|1.0|GrossMargin10,1
1775|16.992600722550822|27|0.6293555823166971|1.0|GrossMargin10,1
1780|16.992600722550822|27|0.6293555823166971|1.0|GrossMargin10,1
1785|16.992600722550822|27|0.6293555823166971|1.0|GrossMargin10,1
1790|16.992600722550822|27|0.6293555823166971|1.0|GrossMargin10,1
1795|16.992600722550822|27|0.6293555823166971|1.0|GrossMargin10,1
1800|16.992600722550822|27|0.6293555823166971|1.0|GrossMargin10,1
1805|16.992600722550822|27|0.6293555823166971|1.0|GrossMargin10,1
1810|16.992600722550822|27|0.6293555823166971|1.0|GrossMargin10,1
1815|16.992600722550822|27|0.6293555823166971|1.0|GrossMargin10,1
1820|16.992600722550822|27|0.6293555823166971|1.0|GrossMargin10,1
1825|16.992600722550822|27|0.6293555823166971|1.0|GrossMargin10,1
1830|16.992600722550822|27|0.6293555823166971|1.0|GrossMargin10,1
1835|16.992600722550822|27|0.6293555823166971|1.0|GrossMargin10,1
1840|16.992600722550822|27|0.6293555823166971|1.0|GrossMargin10,1
1845|16.992600722550822|27|0.6293555823166971|1.0|GrossMargin10,1
1850|16.992600722550822|27|0.6293555823166971|1.0|GrossMargin10,1
1855|16.992600722550822|27|0.6293555823166971|1.0|GrossMargin10,1
1860|16.992600722550822|27|0.6293555823166971|1.0|GrossMargin10,1
1865|16.992600722550822|27|0.6293555823166971|1.0|GrossMargin10,1
1870|16.992600722550822|27|0.6293555823166971|1.0|GrossMargin10,1
1875|16.992600722550822|27|0.6293555823166971|1.0|GrossMargin10,1
1880|16.992600722550822|27|0.6293555823166971|1.0|GrossMargin10,1
1885|16.992600722550822|27|0.6293555823166971|1.0|GrossMargin10,1
1890|16.992600722550822|27|0.6293555823166971|1.0|GrossMargin10,1
1895|16.992600722550822|27|0.6293555823166971|1.0|GrossMargin10,1
1900|16.992600722550822|27|0.6293555823166971|1.0|GrossMargin10,1
1905|16.992600722550822|27|0.6293555823166971|1.0|GrossMargin10,1
1910|16.992600722550822|27|0.6293555823166971|1.0|GrossMargin10,1
1915|16.992600722550822|27|0.6293555823166971|1.0|GrossMargin10,1
1920|16.992600722550822|27|0.6293555823166971|1.0|GrossMargin10,1
1925|16.992600722550822|27|0.6293555823166971|1.0|GrossMargin10,1
1930|16.992600722550822|27|0.6293555823166971|1.0|GrossMargin10,1
1935|16.992600722550822|27|0.6293555823166971|1.0|GrossMargin10,1
1940|16.992600722550822|27|0.6293555823166971|1.0|GrossMargin10,1
1945|16.992600722550822|27|0.6293555823166971|1.0|GrossMargin10,1
1950|16.992600722550822|27|0.6293555823166971|1.0|GrossMargin10,1
1955|16.992600722550822|27|0.6293555823166971|1.0|GrossMargin10,1
1960|16.992600722550822|27|0.6293555823166971|1.0|GrossMargin10,1
1965|16.992600722550822|27|0.6293555823166971|1.0|GrossMargin10,1
1970|16.992600722550822|27|0.6293555823166971|1.0|GrossMargin10,1
1975|16.992600722550822|27|0.6293555823166971|1.0|GrossMargin10,1
1980|16.992600722550822|27|0.6293555823166971|1.0|GrossMargin10,1
1985|16.992600722550822|27|0.6293555823166971|1.0|GrossMargin10,1
1990|16.992600722550822|27|0.6293555823166971|1.0|GrossMargin10,1
1995|16.992600722550822|27|0.6293555823166971|1.0|GrossMargin10,1
2000|16.992600722550822|27|0.6293555823166971|1.0|GrossMargin10,1
