#########################################################
# Algorithm Parameters #
# Generations = 2000
# Population size = 100
# Resolution = 5
#########################################################
# Financial Parameters #
# Quarter = 4
# Crossover probabilities = 0.75 -> 0.25
# Mutation start probabilities = 0.9,0.0,0.6,0.5,0.6,0.9
# Mutation end probabilities = 0.4,0.4,0.1,0.1,0.1,0.4
######################################################### 
0|9.256842063091806|7|1.3224060090131151|1.0|SGAExpensesChange,14
5|10.06379755120328|9|1.1181997279114755|1.0|SGAExpensesChange,14
10|10.06379755120328|9|1.1181997279114755|1.0|SGAExpensesChange,14
15|10.925822315724592|17|0.6426954303367407|1.0|SGAExpensesChange,14
20|11.827866569314752|19|0.6225192931218291|1.0|GrossMarginChange,2
25|11.827866569314752|19|0.6225192931218291|1.0|GrossMarginChange,2
30|13.193304393134424|25|0.527732175725377|1.0909090909090908|ReturnOnAssetsChange,20
35|13.193304393134424|23|0.5736219301362793|1.0|GrossMarginChange,2
40|13.258121958695078|21|0.6313391408902418|1.0|OperatingMargin10,4
45|13.475146337318028|27|0.4990794939747418|1.0|GrossMarginChange,2
50|13.539963902878684|23|0.5886940827338558|1.1|BookValuePerShare09,9
55|13.714735931236063|25|0.5485894372494425|1.0909090909090908|CapExSales10,28
60|14.16998364964262|35|0.40485667570407485|1.1333333333333333|CapExSales09,27
65|14.309772570822947|37|0.3867506100222418|1.125|ReturnOnAssets09,18
70|14.4831783450459|35|0.41380509557274|1.2142857142857142|ReturnOnEquityChange,23
75|15.286985854301637|39|0.39197399626414453|1.2666666666666666|ReturnOnAssets09,18
80|15.286985854301637|39|0.39197399626414453|1.2666666666666666|ReturnOnAssets09,18
85|15.303853827583604|45|0.340085640612969|1.375|TotalCurrentAssetsChange,32
90|15.303853827583604|45|0.340085640612969|1.375|TotalCurrentAssetsChange,32
95|15.753405430793439|49|0.3214980700161926|1.411764705882353|TotalCurrentAssetsChange,32
100|15.753405430793439|47|0.3351788389530519|1.4375|TotalCurrentAssetsChange,32
105|15.753405430793439|47|0.3351788389530519|1.4375|TotalCurrentAssetsChange,32
110|15.818222996354095|53|0.2984570376670584|1.5294117647058822|TotalCurrentAssetsChange,32
115|15.93289993231803|49|0.32516122310853124|1.3333333333333333|TotalCurrentAssetsChange,32
120|15.93289993231803|49|0.32516122310853124|1.3333333333333333|TotalCurrentAssetsChange,32
125|15.997717497878686|55|0.29086759087052155|1.4210526315789473|TotalCurrentAssetsChange,32
130|16.226829757403276|57|0.28468122381409255|1.4|TotalCurrentAssetsChange,32
135|16.226829757403276|57|0.28468122381409255|1.4|TotalCurrentAssetsChange,32
140|16.226829757403276|57|0.28468122381409255|1.4|TotalCurrentAssetsChange,32
145|16.226829757403276|57|0.28468122381409255|1.4|TotalCurrentAssetsChange,32
150|16.226829757403276|57|0.28468122381409255|1.4|TotalCurrentAssetsChange,32
155|16.226829757403276|57|0.28468122381409255|1.4|TotalCurrentAssetsChange,32
160|16.226829757403276|57|0.28468122381409255|1.4|TotalCurrentAssetsChange,32
165|16.226829757403276|57|0.28468122381409255|1.4|TotalCurrentAssetsChange,32
170|16.226829757403276|55|0.29503326831642324|1.4210526315789473|TotalCurrentAssetsChange,32
175|16.348190168462292|59|0.277087968956988|1.380952380952381|TotalCurrentAssetsChange,32
180|16.348190168462292|59|0.277087968956988|1.380952380952381|TotalCurrentAssetsChange,32
185|16.348190168462292|59|0.277087968956988|1.380952380952381|TotalCurrentAssetsChange,32
190|16.348190168462292|59|0.277087968956988|1.380952380952381|TotalCurrentAssetsChange,32
195|16.348190168462292|57|0.2868103538326718|1.3333333333333333|TotalCurrentAssetsChange,32
200|16.348190168462292|57|0.2868103538326718|1.3333333333333333|TotalCurrentAssetsChange,32
205|16.348190168462292|57|0.2868103538326718|1.3333333333333333|TotalCurrentAssetsChange,32
210|16.348190168462292|57|0.2868103538326718|1.3333333333333333|TotalCurrentAssetsChange,32
215|16.348190168462292|55|0.29723982124476894|1.2857142857142858|TotalCurrentAssetsChange,32
220|16.348190168462292|55|0.29723982124476894|1.2857142857142858|TotalCurrentAssetsChange,32
225|16.348190168462292|53|0.30845641827287346|1.368421052631579|TotalCurrentAssetsChange,32
230|16.348190168462292|53|0.30845641827287346|1.368421052631579|TotalCurrentAssetsChange,32
235|16.348190168462292|51|0.3205527484012214|1.3888888888888888|SGAExpenses09,12
240|16.348190168462292|51|0.3205527484012214|1.3888888888888888|SGAExpenses09,12
245|16.348190168462292|51|0.3205527484012214|1.3888888888888888|SGAExpenses09,12
250|16.348190168462292|51|0.3205527484012214|1.3888888888888888|SGAExpenses09,12
255|16.348190168462292|51|0.3205527484012214|1.3888888888888888|SGAExpenses09,12
260|16.348190168462292|51|0.3205527484012214|1.3888888888888888|SGAExpenses09,12
265|16.348190168462292|51|0.3205527484012214|1.3888888888888888|SGAExpenses09,12
270|16.348190168462292|51|0.3205527484012214|1.3888888888888888|SGAExpenses09,12
275|16.348190168462292|51|0.3205527484012214|1.3888888888888888|SGAExpenses09,12
280|16.348190168462292|51|0.3205527484012214|1.3888888888888888|SGAExpenses09,12
285|16.348190168462292|51|0.3205527484012214|1.3888888888888888|SGAExpenses09,12
290|16.348190168462292|51|0.3205527484012214|1.3888888888888888|SGAExpenses09,12
295|16.4259956908459|53|0.3099244469970925|1.3|SGAExpenses09,12
300|16.4259956908459|53|0.3099244469970925|1.3|SGAExpenses09,12
305|16.4259956908459|53|0.3099244469970925|1.3|SGAExpenses09,12
310|16.4259956908459|53|0.3099244469970925|1.3|SGAExpenses09,12
315|16.509974905990163|55|0.3001813619270939|1.2272727272727273|SGAExpenses09,12
320|16.509974905990163|55|0.3001813619270939|1.2272727272727273|SGAExpenses09,12
325|16.509974905990163|53|0.3115089604903804|1.2380952380952381|SGAExpenses09,12
330|17.227886674836068|57|0.30224362587431697|1.1666666666666667|SGAExpenses09,12
335|17.305692197219674|59|0.2933168169020284|1.2083333333333333|SGAExpenses09,12
340|17.305692197219674|59|0.2933168169020284|1.2083333333333333|SGAExpenses09,12
345|17.305692197219674|55|0.31464894904035773|1.2272727272727273|SGAExpenses09,12
350|17.305692197219674|55|0.31464894904035773|1.2272727272727273|SGAExpenses09,12
355|17.305692197219674|53|0.3265224942871637|1.1304347826086956|SGAExpenses09,12
360|17.305692197219674|53|0.3265224942871637|1.1304347826086956|SGAExpenses09,12
365|17.305692197219674|53|0.3265224942871637|1.1304347826086956|SGAExpenses09,12
370|17.305692197219674|53|0.3265224942871637|1.1304347826086956|SGAExpenses09,12
375|17.305692197219674|53|0.3265224942871637|1.1304347826086956|SGAExpenses09,12
380|17.305692197219674|53|0.3265224942871637|1.1304347826086956|SGAExpenses09,12
385|17.305692197219674|53|0.3265224942871637|1.1304347826086956|SGAExpenses09,12
390|17.305692197219674|53|0.3265224942871637|1.1304347826086956|SGAExpenses09,12
395|17.305692197219674|53|0.3265224942871637|1.1304347826086956|SGAExpenses09,12
400|17.305692197219674|53|0.3265224942871637|1.1304347826086956|SGAExpenses09,12
405|17.305692197219674|53|0.3265224942871637|1.1304347826086956|SGAExpenses09,12
410|17.305692197219674|53|0.3265224942871637|1.1304347826086956|SGAExpenses09,12
415|17.305692197219674|53|0.3265224942871637|1.1304347826086956|SGAExpenses09,12
420|17.305692197219674|51|0.3393272979846995|1.1904761904761905|SGAExpenses09,12
425|17.305692197219674|51|0.3393272979846995|1.1904761904761905|SGAExpenses09,12
430|17.305692197219674|51|0.3393272979846995|1.1904761904761905|SGAExpenses09,12
435|17.305692197219674|51|0.3393272979846995|1.1904761904761905|SGAExpenses09,12
440|17.305692197219674|49|0.35317739177999335|1.2|SGAExpenses09,12
445|17.305692197219674|49|0.35317739177999335|1.2|SGAExpenses09,12
450|17.305692197219674|49|0.35317739177999335|1.2|SGAExpenses09,12
455|17.305692197219674|47|0.36820621696212075|1.15|SGAExpenses09,12
460|17.305692197219674|47|0.36820621696212075|1.15|SGAExpenses09,12
465|17.305692197219674|47|0.36820621696212075|1.15|SGAExpenses09,12
470|17.305692197219674|47|0.36820621696212075|1.15|SGAExpenses09,12
475|17.305692197219674|47|0.36820621696212075|1.15|SGAExpenses09,12
480|17.305692197219674|45|0.38457093771599277|1.2222222222222223|SGAExpenses09,12
485|17.305692197219674|45|0.38457093771599277|1.2222222222222223|SGAExpenses09,12
490|17.305692197219674|45|0.38457093771599277|1.2222222222222223|SGAExpenses09,12
495|17.305692197219674|45|0.38457093771599277|1.2222222222222223|SGAExpenses09,12
500|17.305692197219674|43|0.40245795807487617|1.2352941176470589|SGAExpenses09,12
505|17.305692197219674|43|0.40245795807487617|1.2352941176470589|SGAExpenses09,12
510|17.305692197219674|43|0.40245795807487617|1.2352941176470589|SGAExpenses09,12
515|17.305692197219674|43|0.40245795807487617|1.2352941176470589|SGAExpenses09,12
520|17.305692197219674|43|0.40245795807487617|1.2352941176470589|SGAExpenses09,12
525|17.305692197219674|43|0.40245795807487617|1.2352941176470589|SGAExpenses09,12
530|17.305692197219674|43|0.40245795807487617|1.2352941176470589|SGAExpenses09,12
535|17.305692197219674|43|0.40245795807487617|1.2352941176470589|SGAExpenses09,12
540|17.305692197219674|43|0.40245795807487617|1.2352941176470589|SGAExpenses09,12
545|17.305692197219674|43|0.40245795807487617|1.2352941176470589|SGAExpenses09,12
550|17.305692197219674|43|0.40245795807487617|1.2352941176470589|SGAExpenses09,12
555|17.305692197219674|43|0.40245795807487617|1.2352941176470589|SGAExpenses09,12
560|17.305692197219674|43|0.40245795807487617|1.2352941176470589|SGAExpenses09,12
565|17.305692197219674|43|0.40245795807487617|1.2352941176470589|SGAExpenses09,12
570|17.305692197219674|43|0.40245795807487617|1.2352941176470589|SGAExpenses09,12
575|17.305692197219674|43|0.40245795807487617|1.2352941176470589|SGAExpenses09,12
580|17.305692197219674|43|0.40245795807487617|1.2352941176470589|SGAExpenses09,12
585|17.305692197219674|43|0.40245795807487617|1.2352941176470589|SGAExpenses09,12
590|17.305692197219674|43|0.40245795807487617|1.2352941176470589|SGAExpenses09,12
595|17.305692197219674|43|0.40245795807487617|1.2352941176470589|SGAExpenses09,12
600|17.305692197219674|43|0.40245795807487617|1.2352941176470589|SGAExpenses09,12
605|17.305692197219674|43|0.40245795807487617|1.2352941176470589|SGAExpenses09,12
610|17.305692197219674|43|0.40245795807487617|1.2352941176470589|SGAExpenses09,12
615|17.305692197219674|43|0.40245795807487617|1.2352941176470589|SGAExpenses09,12
620|17.305692197219674|43|0.40245795807487617|1.2352941176470589|SGAExpenses09,12
625|17.305692197219674|43|0.40245795807487617|1.2352941176470589|SGAExpenses09,12
630|17.305692197219674|43|0.40245795807487617|1.2352941176470589|SGAExpenses09,12
635|17.305692197219674|43|0.40245795807487617|1.2352941176470589|SGAExpenses09,12
640|17.305692197219674|43|0.40245795807487617|1.2352941176470589|SGAExpenses09,12
645|17.305692197219674|43|0.40245795807487617|1.2352941176470589|SGAExpenses09,12
650|17.305692197219674|43|0.40245795807487617|1.2352941176470589|SGAExpenses09,12
655|17.305692197219674|43|0.40245795807487617|1.2352941176470589|SGAExpenses09,12
660|17.305692197219674|43|0.40245795807487617|1.2352941176470589|SGAExpenses09,12
665|17.305692197219674|43|0.40245795807487617|1.2352941176470589|SGAExpenses09,12
670|17.305692197219674|43|0.40245795807487617|1.2352941176470589|SGAExpenses09,12
675|17.305692197219674|43|0.40245795807487617|1.2352941176470589|SGAExpenses09,12
680|17.305692197219674|43|0.40245795807487617|1.2352941176470589|SGAExpenses09,12
685|17.305692197219674|43|0.40245795807487617|1.2352941176470589|SGAExpenses09,12
690|17.305692197219674|43|0.40245795807487617|1.2352941176470589|SGAExpenses09,12
695|17.305692197219674|43|0.40245795807487617|1.2352941176470589|SGAExpenses09,12
700|17.305692197219674|43|0.40245795807487617|1.2352941176470589|SGAExpenses09,12
705|17.305692197219674|43|0.40245795807487617|1.2352941176470589|SGAExpenses09,12
710|17.305692197219674|43|0.40245795807487617|1.2352941176470589|SGAExpenses09,12
715|17.305692197219674|43|0.40245795807487617|1.2352941176470589|SGAExpenses09,12
720|17.305692197219674|43|0.40245795807487617|1.2352941176470589|SGAExpenses09,12
725|17.305692197219674|43|0.40245795807487617|1.2352941176470589|SGAExpenses09,12
730|17.305692197219674|43|0.40245795807487617|1.2352941176470589|SGAExpenses09,12
735|17.305692197219674|43|0.40245795807487617|1.2352941176470589|SGAExpenses09,12
740|17.305692197219674|43|0.40245795807487617|1.2352941176470589|SGAExpenses09,12
745|17.305692197219674|43|0.40245795807487617|1.2352941176470589|SGAExpenses09,12
750|17.305692197219674|43|0.40245795807487617|1.2352941176470589|SGAExpenses09,12
755|17.305692197219674|43|0.40245795807487617|1.2352941176470589|SGAExpenses09,12
760|17.305692197219674|43|0.40245795807487617|1.2352941176470589|SGAExpenses09,12
765|17.305692197219674|43|0.40245795807487617|1.2352941176470589|SGAExpenses09,12
770|17.305692197219674|43|0.40245795807487617|1.2352941176470589|SGAExpenses09,12
775|17.305692197219674|43|0.40245795807487617|1.2352941176470589|SGAExpenses09,12
780|17.305692197219674|43|0.40245795807487617|1.2352941176470589|SGAExpenses09,12
785|17.305692197219674|43|0.40245795807487617|1.2352941176470589|SGAExpenses09,12
790|17.305692197219674|43|0.40245795807487617|1.2352941176470589|SGAExpenses09,12
795|17.305692197219674|43|0.40245795807487617|1.2352941176470589|SGAExpenses09,12
800|17.305692197219674|43|0.40245795807487617|1.2352941176470589|SGAExpenses09,12
805|17.305692197219674|43|0.40245795807487617|1.2352941176470589|SGAExpenses09,12
810|17.305692197219674|43|0.40245795807487617|1.2352941176470589|SGAExpenses09,12
815|17.305692197219674|43|0.40245795807487617|1.2352941176470589|SGAExpenses09,12
820|17.305692197219674|43|0.40245795807487617|1.2352941176470589|SGAExpenses09,12
825|17.305692197219674|43|0.40245795807487617|1.2352941176470589|SGAExpenses09,12
830|17.305692197219674|43|0.40245795807487617|1.2352941176470589|SGAExpenses09,12
835|17.305692197219674|43|0.40245795807487617|1.2352941176470589|SGAExpenses09,12
840|17.305692197219674|43|0.40245795807487617|1.2352941176470589|SGAExpenses09,12
845|17.305692197219674|43|0.40245795807487617|1.2352941176470589|SGAExpenses09,12
850|17.305692197219674|43|0.40245795807487617|1.2352941176470589|SGAExpenses09,12
855|17.305692197219674|43|0.40245795807487617|1.2352941176470589|SGAExpenses09,12
860|17.305692197219674|43|0.40245795807487617|1.2352941176470589|SGAExpenses09,12
865|17.305692197219674|43|0.40245795807487617|1.2352941176470589|SGAExpenses09,12
870|17.305692197219674|43|0.40245795807487617|1.2352941176470589|SGAExpenses09,12
875|17.305692197219674|43|0.40245795807487617|1.2352941176470589|SGAExpenses09,12
880|17.305692197219674|43|0.40245795807487617|1.2352941176470589|SGAExpenses09,12
885|17.305692197219674|43|0.40245795807487617|1.2352941176470589|SGAExpenses09,12
890|17.305692197219674|43|0.40245795807487617|1.2352941176470589|SGAExpenses09,12
895|17.49431967509836|43|0.4068446436069386|1.1666666666666667|SGAExpenses09,12
900|17.49431967509836|43|0.4068446436069386|1.1666666666666667|SGAExpenses09,12
905|17.49431967509836|43|0.4068446436069386|1.1666666666666667|SGAExpenses09,12
910|17.49431967509836|41|0.42669072378288686|1.1764705882352942|SGAExpenses09,12
915|17.49431967509836|41|0.42669072378288686|1.1764705882352942|SGAExpenses09,12
920|17.49431967509836|41|0.42669072378288686|1.1764705882352942|SGAExpenses09,12
925|17.49431967509836|39|0.4485722993614964|1.1176470588235294|SGAExpenses09,12
930|17.49431967509836|39|0.4485722993614964|1.1176470588235294|SGAExpenses09,12
935|17.49431967509836|39|0.4485722993614964|1.1176470588235294|SGAExpenses09,12
940|17.49431967509836|39|0.4485722993614964|1.1176470588235294|SGAExpenses09,12
945|17.49431967509836|39|0.4485722993614964|1.1176470588235294|SGAExpenses09,12
950|17.49431967509836|39|0.4485722993614964|1.1176470588235294|SGAExpenses09,12
955|17.49431967509836|39|0.4485722993614964|1.1176470588235294|SGAExpenses09,12
960|17.49431967509836|39|0.4485722993614964|1.1176470588235294|SGAExpenses09,12
965|17.49431967509836|37|0.4728194506783341|1.125|SGAExpenses09,12
970|17.49431967509836|37|0.4728194506783341|1.125|SGAExpenses09,12
975|17.49431967509836|37|0.4728194506783341|1.125|SGAExpenses09,12
980|17.49431967509836|37|0.4728194506783341|1.125|SGAExpenses09,12
985|17.49431967509836|37|0.4728194506783341|1.125|SGAExpenses09,12
990|17.49431967509836|37|0.4728194506783341|1.125|SGAExpenses09,12
995|17.49431967509836|37|0.4728194506783341|1.125|SGAExpenses09,12
1000|17.49431967509836|37|0.4728194506783341|1.125|SGAExpenses09,12
1005|17.49431967509836|37|0.4728194506783341|1.125|SGAExpenses09,12
1010|17.49431967509836|37|0.4728194506783341|1.125|SGAExpenses09,12
1015|17.49431967509836|37|0.4728194506783341|1.125|SGAExpenses09,12
1020|17.49431967509836|37|0.4728194506783341|1.125|SGAExpenses09,12
1025|17.49431967509836|37|0.4728194506783341|1.125|SGAExpenses09,12
1030|17.49431967509836|37|0.4728194506783341|1.125|SGAExpenses09,12
1035|17.49431967509836|37|0.4728194506783341|1.125|SGAExpenses09,12
1040|17.49431967509836|37|0.4728194506783341|1.125|SGAExpenses09,12
1045|17.49431967509836|37|0.4728194506783341|1.125|SGAExpenses09,12
1050|17.49431967509836|37|0.4728194506783341|1.125|SGAExpenses09,12
1055|17.49431967509836|37|0.4728194506783341|1.125|SGAExpenses09,12
1060|17.49431967509836|37|0.4728194506783341|1.125|SGAExpenses09,12
1065|17.49431967509836|37|0.4728194506783341|1.125|SGAExpenses09,12
1070|17.49431967509836|37|0.4728194506783341|1.125|SGAExpenses09,12
1075|17.49431967509836|37|0.4728194506783341|1.125|SGAExpenses09,12
1080|17.49431967509836|37|0.4728194506783341|1.125|SGAExpenses09,12
1085|17.49431967509836|37|0.4728194506783341|1.125|SGAExpenses09,12
1090|17.49431967509836|37|0.4728194506783341|1.125|SGAExpenses09,12
1095|17.49431967509836|37|0.4728194506783341|1.125|SGAExpenses09,12
1100|17.49431967509836|37|0.4728194506783341|1.125|SGAExpenses09,12
1105|17.49431967509836|37|0.4728194506783341|1.125|SGAExpenses09,12
1110|17.49431967509836|37|0.4728194506783341|1.125|SGAExpenses09,12
1115|17.49431967509836|37|0.4728194506783341|1.125|SGAExpenses09,12
1120|17.49431967509836|37|0.4728194506783341|1.125|SGAExpenses09,12
1125|17.49431967509836|37|0.4728194506783341|1.125|SGAExpenses09,12
1130|17.49431967509836|37|0.4728194506783341|1.125|SGAExpenses09,12
1135|17.49431967509836|37|0.4728194506783341|1.125|SGAExpenses09,12
1140|17.49431967509836|37|0.4728194506783341|1.125|SGAExpenses09,12
1145|17.49431967509836|37|0.4728194506783341|1.125|SGAExpenses09,12
1150|17.49431967509836|37|0.4728194506783341|1.125|SGAExpenses09,12
1155|17.49431967509836|37|0.4728194506783341|1.125|SGAExpenses09,12
1160|17.49431967509836|37|0.4728194506783341|1.125|SGAExpenses09,12
1165|17.49431967509836|37|0.4728194506783341|1.125|SGAExpenses09,12
1170|17.49431967509836|37|0.4728194506783341|1.125|SGAExpenses09,12
1175|17.49431967509836|37|0.4728194506783341|1.125|SGAExpenses09,12
1180|17.49431967509836|37|0.4728194506783341|1.125|SGAExpenses09,12
1185|17.49431967509836|37|0.4728194506783341|1.125|SGAExpenses09,12
1190|17.49431967509836|37|0.4728194506783341|1.125|SGAExpenses09,12
1195|17.49431967509836|37|0.4728194506783341|1.125|SGAExpenses09,12
1200|17.49431967509836|37|0.4728194506783341|1.125|SGAExpenses09,12
1205|17.49431967509836|37|0.4728194506783341|1.125|SGAExpenses09,12
1210|17.49431967509836|37|0.4728194506783341|1.125|SGAExpenses09,12
1215|17.49431967509836|37|0.4728194506783341|1.125|SGAExpenses09,12
1220|17.49431967509836|37|0.4728194506783341|1.125|SGAExpenses09,12
1225|17.49431967509836|37|0.4728194506783341|1.125|SGAExpenses09,12
1230|17.49431967509836|37|0.4728194506783341|1.125|SGAExpenses09,12
1235|17.49431967509836|37|0.4728194506783341|1.125|SGAExpenses09,12
1240|17.49431967509836|37|0.4728194506783341|1.125|SGAExpenses09,12
1245|17.49431967509836|37|0.4728194506783341|1.125|SGAExpenses09,12
1250|17.49431967509836|37|0.4728194506783341|1.125|SGAExpenses09,12
1255|17.49431967509836|37|0.4728194506783341|1.125|SGAExpenses09,12
1260|17.49431967509836|37|0.4728194506783341|1.125|SGAExpenses09,12
1265|17.49431967509836|37|0.4728194506783341|1.125|SGAExpenses09,12
1270|17.49431967509836|35|0.4998377050028103|1.1333333333333333|SGAExpenses09,12
1275|17.49431967509836|35|0.4998377050028103|1.1333333333333333|SGAExpenses09,12
1280|17.49431967509836|35|0.4998377050028103|1.1333333333333333|SGAExpenses09,12
1285|17.49431967509836|35|0.4998377050028103|1.1333333333333333|SGAExpenses09,12
1290|17.49431967509836|35|0.4998377050028103|1.1333333333333333|SGAExpenses09,12
1295|17.49431967509836|35|0.4998377050028103|1.1333333333333333|SGAExpenses09,12
1300|17.49431967509836|35|0.4998377050028103|1.1333333333333333|SGAExpenses09,12
1305|17.49431967509836|35|0.4998377050028103|1.1333333333333333|SGAExpenses09,12
1310|17.49431967509836|35|0.4998377050028103|1.1333333333333333|SGAExpenses09,12
1315|17.49431967509836|35|0.4998377050028103|1.1333333333333333|SGAExpenses09,12
1320|17.49431967509836|35|0.4998377050028103|1.1333333333333333|SGAExpenses09,12
1325|17.49431967509836|35|0.4998377050028103|1.1333333333333333|SGAExpenses09,12
1330|17.49431967509836|35|0.4998377050028103|1.1333333333333333|SGAExpenses09,12
1335|17.49431967509836|35|0.4998377050028103|1.1333333333333333|SGAExpenses09,12
1340|17.49431967509836|35|0.4998377050028103|1.1333333333333333|SGAExpenses09,12
1345|17.49431967509836|35|0.4998377050028103|1.1333333333333333|SGAExpenses09,12
1350|17.49431967509836|35|0.4998377050028103|1.1333333333333333|SGAExpenses09,12
1355|17.49431967509836|35|0.4998377050028103|1.1333333333333333|SGAExpenses09,12
1360|17.49431967509836|35|0.4998377050028103|1.1333333333333333|SGAExpenses09,12
1365|17.49431967509836|35|0.4998377050028103|1.1333333333333333|SGAExpenses09,12
1370|17.49431967509836|35|0.4998377050028103|1.1333333333333333|SGAExpenses09,12
1375|17.67592072522623|37|0.4777275871682765|1.2|SGAExpenses09,12
1380|17.67592072522623|37|0.4777275871682765|1.2|SGAExpenses09,12
1385|17.67592072522623|37|0.4777275871682765|1.2|SGAExpenses09,12
1390|17.67592072522623|37|0.4777275871682765|1.2|SGAExpenses09,12
1395|17.67592072522623|37|0.4777275871682765|1.2|SGAExpenses09,12
1400|17.67592072522623|37|0.4777275871682765|1.2|SGAExpenses09,12
1405|17.67592072522623|37|0.4777275871682765|1.2|SGAExpenses09,12
1410|17.67592072522623|37|0.4777275871682765|1.2|SGAExpenses09,12
1415|17.67592072522623|37|0.4777275871682765|1.2|SGAExpenses09,12
1420|17.67592072522623|37|0.4777275871682765|1.2|SGAExpenses09,12
1425|17.67592072522623|37|0.4777275871682765|1.2|SGAExpenses09,12
1430|17.67592072522623|37|0.4777275871682765|1.2|SGAExpenses09,12
1435|17.67592072522623|37|0.4777275871682765|1.2|SGAExpenses09,12
1440|17.67592072522623|37|0.4777275871682765|1.2|SGAExpenses09,12
1445|17.67592072522623|37|0.4777275871682765|1.2|SGAExpenses09,12
1450|17.67592072522623|37|0.4777275871682765|1.2|SGAExpenses09,12
1455|17.67592072522623|37|0.4777275871682765|1.2|SGAExpenses09,12
1460|17.67592072522623|37|0.4777275871682765|1.2|SGAExpenses09,12
1465|17.67592072522623|37|0.4777275871682765|1.2|SGAExpenses09,12
1470|17.67592072522623|37|0.4777275871682765|1.2|SGAExpenses09,12
1475|17.67592072522623|37|0.4777275871682765|1.2|SGAExpenses09,12
1480|17.67592072522623|37|0.4777275871682765|1.2|SGAExpenses09,12
1485|17.67592072522623|37|0.4777275871682765|1.2|SGAExpenses09,12
1490|17.67592072522623|37|0.4777275871682765|1.2|SGAExpenses09,12
1495|17.67592072522623|37|0.4777275871682765|1.2|SGAExpenses09,12
1500|17.67592072522623|37|0.4777275871682765|1.2|SGAExpenses09,12
1505|17.67592072522623|37|0.4777275871682765|1.2|SGAExpenses09,12
1510|17.67592072522623|37|0.4777275871682765|1.2|SGAExpenses09,12
1515|17.67592072522623|37|0.4777275871682765|1.2|SGAExpenses09,12
1520|17.67592072522623|37|0.4777275871682765|1.2|SGAExpenses09,12
1525|17.67592072522623|37|0.4777275871682765|1.2|SGAExpenses09,12
1530|17.67592072522623|37|0.4777275871682765|1.2|SGAExpenses09,12
1535|17.67592072522623|37|0.4777275871682765|1.2|SGAExpenses09,12
1540|17.67592072522623|37|0.4777275871682765|1.2|SGAExpenses09,12
1545|17.67592072522623|37|0.4777275871682765|1.2|SGAExpenses09,12
1550|17.67592072522623|37|0.4777275871682765|1.2|SGAExpenses09,12
1555|17.67592072522623|37|0.4777275871682765|1.2|SGAExpenses09,12
1560|17.67592072522623|37|0.4777275871682765|1.2|SGAExpenses09,12
1565|17.67592072522623|37|0.4777275871682765|1.2|SGAExpenses09,12
1570|17.67592072522623|37|0.4777275871682765|1.2|SGAExpenses09,12
1575|17.67592072522623|37|0.4777275871682765|1.2|SGAExpenses09,12
1580|17.67592072522623|37|0.4777275871682765|1.2|SGAExpenses09,12
1585|17.67592072522623|37|0.4777275871682765|1.2|SGAExpenses09,12
1590|17.67592072522623|37|0.4777275871682765|1.2|SGAExpenses09,12
1595|17.67592072522623|37|0.4777275871682765|1.2|SGAExpenses09,12
1600|17.67592072522623|37|0.4777275871682765|1.2|SGAExpenses09,12
1605|17.67592072522623|37|0.4777275871682765|1.2|SGAExpenses09,12
1610|17.67592072522623|37|0.4777275871682765|1.2|SGAExpenses09,12
1615|17.67592072522623|37|0.4777275871682765|1.2|SGAExpenses09,12
1620|17.67592072522623|37|0.4777275871682765|1.2|SGAExpenses09,12
1625|17.67592072522623|37|0.4777275871682765|1.2|SGAExpenses09,12
1630|17.67592072522623|37|0.4777275871682765|1.2|SGAExpenses09,12
1635|17.67592072522623|37|0.4777275871682765|1.2|SGAExpenses09,12
1640|17.67592072522623|37|0.4777275871682765|1.2|SGAExpenses09,12
1645|17.67592072522623|37|0.4777275871682765|1.2|SGAExpenses09,12
1650|17.67592072522623|37|0.4777275871682765|1.2|SGAExpenses09,12
1655|17.67592072522623|37|0.4777275871682765|1.2|SGAExpenses09,12
1660|17.67592072522623|37|0.4777275871682765|1.2|SGAExpenses09,12
1665|17.67592072522623|37|0.4777275871682765|1.2|SGAExpenses09,12
1670|17.67592072522623|37|0.4777275871682765|1.2|SGAExpenses09,12
1675|17.67592072522623|37|0.4777275871682765|1.2|SGAExpenses09,12
1680|17.67592072522623|37|0.4777275871682765|1.2|SGAExpenses09,12
1685|17.67592072522623|37|0.4777275871682765|1.2|SGAExpenses09,12
1690|17.67592072522623|37|0.4777275871682765|1.2|SGAExpenses09,12
1695|17.67592072522623|37|0.4777275871682765|1.2|SGAExpenses09,12
1700|17.67592072522623|37|0.4777275871682765|1.2|SGAExpenses09,12
1705|17.67592072522623|37|0.4777275871682765|1.2|SGAExpenses09,12
1710|17.67592072522623|37|0.4777275871682765|1.2|SGAExpenses09,12
1715|17.67592072522623|37|0.4777275871682765|1.2|SGAExpenses09,12
1720|17.67592072522623|37|0.4777275871682765|1.2|SGAExpenses09,12
1725|17.67592072522623|37|0.4777275871682765|1.2|SGAExpenses09,12
1730|17.67592072522623|37|0.4777275871682765|1.2|SGAExpenses09,12
1735|17.67592072522623|37|0.4777275871682765|1.2|SGAExpenses09,12
1740|17.67592072522623|37|0.4777275871682765|1.2|SGAExpenses09,12
1745|17.67592072522623|37|0.4777275871682765|1.2|SGAExpenses09,12
1750|17.67592072522623|37|0.4777275871682765|1.2|SGAExpenses09,12
1755|17.67592072522623|37|0.4777275871682765|1.2|SGAExpenses09,12
1760|17.67592072522623|37|0.4777275871682765|1.2|SGAExpenses09,12
1765|17.67592072522623|37|0.4777275871682765|1.2|SGAExpenses09,12
1770|17.67592072522623|37|0.4777275871682765|1.2|SGAExpenses09,12
1775|17.67592072522623|37|0.4777275871682765|1.2|SGAExpenses09,12
1780|17.67592072522623|37|0.4777275871682765|1.2|SGAExpenses09,12
1785|17.67592072522623|37|0.4777275871682765|1.2|SGAExpenses09,12
1790|17.67592072522623|37|0.4777275871682765|1.2|SGAExpenses09,12
1795|17.67592072522623|37|0.4777275871682765|1.2|SGAExpenses09,12
1800|17.67592072522623|37|0.4777275871682765|1.2|SGAExpenses09,12
1805|17.67592072522623|37|0.4777275871682765|1.2|SGAExpenses09,12
1810|17.67592072522623|37|0.4777275871682765|1.2|SGAExpenses09,12
1815|17.67592072522623|37|0.4777275871682765|1.2|SGAExpenses09,12
1820|17.67592072522623|37|0.4777275871682765|1.2|SGAExpenses09,12
1825|17.67592072522623|37|0.4777275871682765|1.2|SGAExpenses09,12
1830|17.67592072522623|37|0.4777275871682765|1.2|SGAExpenses09,12
1835|17.67592072522623|37|0.4777275871682765|1.2|SGAExpenses09,12
1840|17.67592072522623|37|0.4777275871682765|1.2|SGAExpenses09,12
1845|17.67592072522623|37|0.4777275871682765|1.2|SGAExpenses09,12
1850|17.67592072522623|37|0.4777275871682765|1.2|SGAExpenses09,12
1855|17.67592072522623|37|0.4777275871682765|1.2|SGAExpenses09,12
1860|17.67592072522623|37|0.4777275871682765|1.2|SGAExpenses09,12
1865|17.67592072522623|37|0.4777275871682765|1.2|SGAExpenses09,12
1870|17.67592072522623|37|0.4777275871682765|1.2|SGAExpenses09,12
1875|17.67592072522623|37|0.4777275871682765|1.2|SGAExpenses09,12
1880|17.67592072522623|37|0.4777275871682765|1.2|SGAExpenses09,12
1885|17.67592072522623|37|0.4777275871682765|1.2|SGAExpenses09,12
1890|17.67592072522623|37|0.4777275871682765|1.2|SGAExpenses09,12
1895|17.67592072522623|37|0.4777275871682765|1.2|SGAExpenses09,12
1900|17.67592072522623|37|0.4777275871682765|1.2|SGAExpenses09,12
1905|17.67592072522623|37|0.4777275871682765|1.2|SGAExpenses09,12
1910|17.67592072522623|37|0.4777275871682765|1.2|SGAExpenses09,12
1915|17.67592072522623|37|0.4777275871682765|1.2|SGAExpenses09,12
1920|17.67592072522623|37|0.4777275871682765|1.2|SGAExpenses09,12
1925|17.67592072522623|37|0.4777275871682765|1.2|SGAExpenses09,12
1930|17.67592072522623|37|0.4777275871682765|1.2|SGAExpenses09,12
1935|17.67592072522623|37|0.4777275871682765|1.2|SGAExpenses09,12
1940|17.67592072522623|37|0.4777275871682765|1.2|SGAExpenses09,12
1945|17.67592072522623|37|0.4777275871682765|1.2|SGAExpenses09,12
1950|17.67592072522623|37|0.4777275871682765|1.2|SGAExpenses09,12
1955|17.67592072522623|37|0.4777275871682765|1.2|SGAExpenses09,12
1960|17.67592072522623|37|0.4777275871682765|1.2|SGAExpenses09,12
1965|17.67592072522623|37|0.4777275871682765|1.2|SGAExpenses09,12
1970|17.67592072522623|37|0.4777275871682765|1.2|SGAExpenses09,12
1975|17.67592072522623|37|0.4777275871682765|1.2|SGAExpenses09,12
1980|17.67592072522623|37|0.4777275871682765|1.2|SGAExpenses09,12
1985|17.67592072522623|37|0.4777275871682765|1.2|SGAExpenses09,12
1990|17.67592072522623|37|0.4777275871682765|1.2|SGAExpenses09,12
1995|17.67592072522623|37|0.4777275871682765|1.2|SGAExpenses09,12
2000|17.67592072522623|37|0.4777275871682765|1.2|SGAExpenses09,12
