#########################################################
# Algorithm Parameters #
# Generations = 2000
# Population size = 100
# Resolution = 5
#########################################################
# Financial Parameters #
# Quarter = 4
# Crossover probabilities = 0.75 -> 0.25
# Mutation start probabilities = 0.9,0.0,0.6,0.5,0.6,0.9
# Mutation end probabilities = 0.4,0.4,0.1,0.1,0.1,0.4
######################################################### 
0|8.883476589508192|7|1.269068084215456|1.0|GrossMarginChange,2
5|9.63890034253115|9|1.0709889269479056|1.0|OperatingMargin10,4
10|9.862009174904918|11|0.8965462886277198|1.0|GrossMarginChange,2
15|10.236459697009838|21|0.4874504617623733|1.0|GrossMargin09,0
20|10.236459697009838|13|0.7874199766930645|1.0|GrossMarginChange,2
25|11.104761249511473|21|0.5287981547386416|1.1111111111111112|OperatingMargin09,3
30|11.905701724052456|25|0.47622806896209824|1.2|CurrentRatioChange,38
35|12.131116646193439|19|0.6384798234838652|1.0|GrossMarginChange,2
40|12.446785669016393|23|0.5411645943050606|1.0|GrossMarginChange,2
45|12.750147971045898|29|0.43966027486365167|1.0|GrossMarginChange,2
50|12.750147971045898|19|0.6710604195287315|1.125|CurrentRatioChange,38
55|12.899774813278686|31|0.4161217681702802|1.1538461538461537|GrossMarginChange,2
60|12.899774813278686|29|0.4448198211475409|1.2727272727272727|GrossMarginChange,2
65|13.248640990288521|23|0.5760278691429792|1.2222222222222223|CapExSales09,27
70|13.952388688540982|31|0.45007705446906393|1.25|GrossMarginChange,2
75|13.952388688540982|31|0.45007705446906393|1.25|GrossMarginChange,2
80|14.522149251859016|41|0.3541987622404638|1.1111111111111112|OperatingMargin09,3
85|14.753348302259015|45|0.32785218449464476|1.2941176470588236|OperatingMargin09,3
90|14.9787632244|43|0.3483433308|1.2352941176470589|OperatingMargin09,3
95|14.9787632244|41|0.36533568839999997|1.1764705882352942|OperatingMargin09,3
100|15.056568746783608|45|0.3345904165951913|1.2222222222222223|OperatingMargin09,3
105|15.056568746783608|45|0.3345904165951913|1.2222222222222223|OperatingMargin09,3
110|15.056568746783608|43|0.35015276155310715|1.1666666666666667|OperatingMargin09,3
115|15.056568746783608|43|0.35015276155310715|1.1666666666666667|OperatingMargin09,3
120|15.321188640895084|45|0.3404708586865574|1.2222222222222223|OperatingMargin09,3
125|15.538713372219672|43|0.3613654272609226|1.2352941176470589|OperatingMargin09,3
130|15.538713372219672|43|0.3613654272609226|1.2352941176470589|OperatingMargin09,3
135|15.538713372219672|43|0.3613654272609226|1.2352941176470589|OperatingMargin09,3
140|16.32670735337049|45|0.36281571896378867|1.2222222222222223|ResearchDevelopment09,15
145|16.32670735337049|45|0.36281571896378867|1.2222222222222223|ResearchDevelopment09,15
150|16.32670735337049|45|0.36281571896378867|1.2222222222222223|ResearchDevelopment09,15
155|16.32670735337049|43|0.3796908686830347|1.2352941176470589|ResearchDevelopment09,15
160|16.32670735337049|43|0.3796908686830347|1.2352941176470589|ResearchDevelopment09,15
165|16.32670735337049|43|0.3796908686830347|1.2352941176470589|ResearchDevelopment09,15
170|16.32670735337049|41|0.398212374472451|1.1764705882352942|ReturnOnInvestedCapital09,24
175|16.32670735337049|41|0.398212374472451|1.1764705882352942|ReturnOnInvestedCapital09,24
180|16.32670735337049|41|0.398212374472451|1.1764705882352942|ReturnOnInvestedCapital09,24
185|16.32670735337049|41|0.398212374472451|1.1764705882352942|ReturnOnInvestedCapital09,24
190|16.32670735337049|39|0.41863352188129466|1.1875|OperatingMargin09,3
195|16.32670735337049|37|0.4412623609019052|1.125|OperatingMargin09,3
200|16.32670735337049|37|0.4412623609019052|1.125|OperatingMargin09,3
205|16.32670735337049|37|0.4412623609019052|1.125|OperatingMargin09,3
210|16.32670735337049|37|0.4412623609019052|1.125|OperatingMargin09,3
215|16.32670735337049|35|0.4664773529534426|1.1333333333333333|OperatingMargin09,3
220|16.32670735337049|35|0.4664773529534426|1.1333333333333333|OperatingMargin09,3
225|16.404512875754097|39|0.42062853527574606|1.1176470588235294|OperatingMargin09,3
230|16.404512875754097|39|0.42062853527574606|1.1176470588235294|OperatingMargin09,3
235|16.404512875754097|39|0.42062853527574606|1.1176470588235294|OperatingMargin09,3
240|16.404512875754097|39|0.42062853527574606|1.1176470588235294|OperatingMargin09,3
245|16.404512875754097|39|0.42062853527574606|1.1176470588235294|OperatingMargin09,3
250|16.404512875754097|39|0.42062853527574606|1.1176470588235294|OperatingMargin09,3
255|16.404512875754097|39|0.42062853527574606|1.1176470588235294|OperatingMargin09,3
260|16.404512875754097|39|0.42062853527574606|1.1176470588235294|OperatingMargin09,3
265|16.404512875754097|37|0.44336521285821884|1.125|OperatingMargin09,3
270|16.404512875754097|37|0.44336521285821884|1.125|OperatingMargin09,3
275|16.404512875754097|37|0.44336521285821884|1.125|OperatingMargin09,3
280|16.404512875754097|35|0.4687003678786885|1.1333333333333333|OperatingMargin09,3
285|16.404512875754097|35|0.4687003678786885|1.1333333333333333|OperatingMargin09,3
290|16.55873422525574|37|0.44753335743934436|1.2|OperatingMargin09,3
295|16.55873422525574|37|0.44753335743934436|1.2|OperatingMargin09,3
300|16.60228911393115|41|0.404933880827589|1.25|ReturnOnInvestedCapital09,24
305|16.60228911393115|41|0.404933880827589|1.25|ReturnOnInvestedCapital09,24
310|16.60228911393115|41|0.404933880827589|1.25|ReturnOnInvestedCapital09,24
315|16.60228911393115|39|0.4256997208700295|1.2666666666666666|ReturnOnInvestedCapital09,24
320|16.78178361545574|39|0.4303021439860446|1.2666666666666666|ReturnOnInvestedCapital09,24
325|16.78178361545574|39|0.4303021439860446|1.2666666666666666|ReturnOnInvestedCapital09,24
330|16.85958913783935|45|0.37465753639643|1.375|ReturnOnInvestedCapital09,24
335|16.85958913783935|45|0.37465753639643|1.375|ReturnOnInvestedCapital09,24
340|16.85958913783935|45|0.37465753639643|1.375|ReturnOnInvestedCapital09,24
345|16.85958913783935|41|0.41120949116681343|1.25|ReturnOnInvestedCapital09,24
350|17.077113869163938|41|0.4165149724186326|1.1764705882352942|OperatingMargin09,3
355|17.077113869163938|41|0.4165149724186326|1.1764705882352942|OperatingMargin09,3
360|17.077113869163938|37|0.4615436180855118|1.2|OperatingMargin09,3
365|17.077113869163938|37|0.4615436180855118|1.2|OperatingMargin09,3
370|17.077113869163938|37|0.4615436180855118|1.2|OperatingMargin09,3
375|17.077113869163938|37|0.4615436180855118|1.2|OperatingMargin09,3
380|17.077113869163938|37|0.4615436180855118|1.2|OperatingMargin09,3
385|17.077113869163938|35|0.4879175391189697|1.1333333333333333|SGAExpenses09,12
390|17.077113869163938|35|0.4879175391189697|1.1333333333333333|SGAExpenses09,12
395|17.077113869163938|35|0.4879175391189697|1.1333333333333333|SGAExpenses09,12
400|17.077113869163938|35|0.4879175391189697|1.1333333333333333|SGAExpenses09,12
405|17.077113869163938|33|0.5174882990655739|1.1428571428571428|SGAExpenses09,12
410|17.077113869163938|33|0.5174882990655739|1.1428571428571428|SGAExpenses09,12
415|17.077113869163938|33|0.5174882990655739|1.1428571428571428|SGAExpenses09,12
420|17.077113869163938|33|0.5174882990655739|1.1428571428571428|SGAExpenses09,12
425|17.077113869163938|31|0.5508746409407722|1.0714285714285714|SGAExpenses09,12
430|17.077113869163938|31|0.5508746409407722|1.0714285714285714|SGAExpenses09,12
435|17.077113869163938|31|0.5508746409407722|1.0714285714285714|SGAExpenses09,12
440|17.077113869163938|31|0.5508746409407722|1.0714285714285714|SGAExpenses09,12
445|17.077113869163938|31|0.5508746409407722|1.0714285714285714|SGAExpenses09,12
450|17.077113869163938|31|0.5508746409407722|1.0714285714285714|SGAExpenses09,12
455|17.077113869163938|31|0.5508746409407722|1.0714285714285714|SGAExpenses09,12
460|17.077113869163938|31|0.5508746409407722|1.0714285714285714|SGAExpenses09,12
465|17.077113869163938|31|0.5508746409407722|1.0714285714285714|SGAExpenses09,12
470|17.077113869163938|31|0.5508746409407722|1.0714285714285714|SGAExpenses09,12
475|17.077113869163938|31|0.5508746409407722|1.0714285714285714|SGAExpenses09,12
480|17.077113869163938|31|0.5508746409407722|1.0714285714285714|SGAExpenses09,12
485|17.077113869163938|31|0.5508746409407722|1.0714285714285714|SGAExpenses09,12
490|17.077113869163938|29|0.5888659954884117|1.0769230769230769|SGAExpenses09,12
495|17.077113869163938|29|0.5888659954884117|1.0769230769230769|SGAExpenses09,12
500|17.077113869163938|29|0.5888659954884117|1.0769230769230769|SGAExpenses09,12
505|17.077113869163938|29|0.5888659954884117|1.0769230769230769|SGAExpenses09,12
510|17.077113869163938|29|0.5888659954884117|1.0769230769230769|SGAExpenses09,12
515|17.077113869163938|29|0.5888659954884117|1.0769230769230769|SGAExpenses09,12
520|17.077113869163938|29|0.5888659954884117|1.0769230769230769|SGAExpenses09,12
525|17.077113869163938|29|0.5888659954884117|1.0769230769230769|SGAExpenses09,12
530|17.077113869163938|29|0.5888659954884117|1.0769230769230769|SGAExpenses09,12
535|17.077113869163938|29|0.5888659954884117|1.0769230769230769|SGAExpenses09,12
540|17.077113869163938|29|0.5888659954884117|1.0769230769230769|SGAExpenses09,12
545|17.077113869163938|29|0.5888659954884117|1.0769230769230769|SGAExpenses09,12
550|17.077113869163938|29|0.5888659954884117|1.0769230769230769|SGAExpenses09,12
555|17.077113869163938|29|0.5888659954884117|1.0769230769230769|SGAExpenses09,12
560|17.077113869163938|29|0.5888659954884117|1.0769230769230769|SGAExpenses09,12
565|17.077113869163938|27|0.6324856988579236|1.0833333333333333|SGAExpenses09,12
570|17.077113869163938|27|0.6324856988579236|1.0833333333333333|SGAExpenses09,12
575|17.077113869163938|27|0.6324856988579236|1.0833333333333333|SGAExpenses09,12
580|17.077113869163938|27|0.6324856988579236|1.0833333333333333|SGAExpenses09,12
585|17.077113869163938|27|0.6324856988579236|1.0833333333333333|SGAExpenses09,12
590|17.077113869163938|27|0.6324856988579236|1.0833333333333333|SGAExpenses09,12
595|17.077113869163938|27|0.6324856988579236|1.0833333333333333|SGAExpenses09,12
600|17.077113869163938|27|0.6324856988579236|1.0833333333333333|SGAExpenses09,12
605|17.077113869163938|27|0.6324856988579236|1.0833333333333333|SGAExpenses09,12
610|17.077113869163938|27|0.6324856988579236|1.0833333333333333|SGAExpenses09,12
615|17.077113869163938|27|0.6324856988579236|1.0833333333333333|SGAExpenses09,12
620|17.077113869163938|27|0.6324856988579236|1.0833333333333333|SGAExpenses09,12
625|17.077113869163938|27|0.6324856988579236|1.0833333333333333|SGAExpenses09,12
630|17.077113869163938|27|0.6324856988579236|1.0833333333333333|SGAExpenses09,12
635|17.077113869163938|27|0.6324856988579236|1.0833333333333333|SGAExpenses09,12
640|17.077113869163938|27|0.6324856988579236|1.0833333333333333|SGAExpenses09,12
645|17.077113869163938|27|0.6324856988579236|1.0833333333333333|SGAExpenses09,12
650|17.077113869163938|27|0.6324856988579236|1.0833333333333333|SGAExpenses09,12
655|17.077113869163938|27|0.6324856988579236|1.0833333333333333|SGAExpenses09,12
660|17.077113869163938|27|0.6324856988579236|1.0833333333333333|SGAExpenses09,12
665|17.077113869163938|27|0.6324856988579236|1.0833333333333333|SGAExpenses09,12
670|17.077113869163938|27|0.6324856988579236|1.0833333333333333|SGAExpenses09,12
675|17.077113869163938|27|0.6324856988579236|1.0833333333333333|SGAExpenses09,12
680|17.077113869163938|27|0.6324856988579236|1.0833333333333333|SGAExpenses09,12
685|17.077113869163938|27|0.6324856988579236|1.0833333333333333|SGAExpenses09,12
690|17.077113869163938|27|0.6324856988579236|1.0833333333333333|SGAExpenses09,12
695|17.077113869163938|27|0.6324856988579236|1.0833333333333333|SGAExpenses09,12
700|17.077113869163938|27|0.6324856988579236|1.0833333333333333|SGAExpenses09,12
705|17.077113869163938|27|0.6324856988579236|1.0833333333333333|SGAExpenses09,12
710|17.077113869163938|27|0.6324856988579236|1.0833333333333333|SGAExpenses09,12
715|17.077113869163938|27|0.6324856988579236|1.0833333333333333|SGAExpenses09,12
720|17.077113869163938|27|0.6324856988579236|1.0833333333333333|SGAExpenses09,12
725|17.077113869163938|27|0.6324856988579236|1.0833333333333333|SGAExpenses09,12
730|17.077113869163938|27|0.6324856988579236|1.0833333333333333|SGAExpenses09,12
735|17.077113869163938|27|0.6324856988579236|1.0833333333333333|SGAExpenses09,12
740|17.077113869163938|27|0.6324856988579236|1.0833333333333333|SGAExpenses09,12
745|17.077113869163938|27|0.6324856988579236|1.0833333333333333|SGAExpenses09,12
750|17.077113869163938|27|0.6324856988579236|1.0833333333333333|SGAExpenses09,12
755|17.077113869163938|27|0.6324856988579236|1.0833333333333333|SGAExpenses09,12
760|17.077113869163938|27|0.6324856988579236|1.0833333333333333|SGAExpenses09,12
765|17.077113869163938|27|0.6324856988579236|1.0833333333333333|SGAExpenses09,12
770|17.077113869163938|27|0.6324856988579236|1.0833333333333333|SGAExpenses09,12
775|17.077113869163938|27|0.6324856988579236|1.0833333333333333|SGAExpenses09,12
780|17.077113869163938|27|0.6324856988579236|1.0833333333333333|SGAExpenses09,12
785|17.077113869163938|27|0.6324856988579236|1.0833333333333333|SGAExpenses09,12
790|17.077113869163938|27|0.6324856988579236|1.0833333333333333|SGAExpenses09,12
795|17.077113869163938|27|0.6324856988579236|1.0833333333333333|SGAExpenses09,12
800|17.077113869163938|27|0.6324856988579236|1.0833333333333333|SGAExpenses09,12
805|17.077113869163938|27|0.6324856988579236|1.0833333333333333|SGAExpenses09,12
810|17.077113869163938|27|0.6324856988579236|1.0833333333333333|SGAExpenses09,12
815|17.077113869163938|27|0.6324856988579236|1.0833333333333333|SGAExpenses09,12
820|17.077113869163938|27|0.6324856988579236|1.0833333333333333|SGAExpenses09,12
825|17.077113869163938|27|0.6324856988579236|1.0833333333333333|SGAExpenses09,12
830|17.077113869163938|27|0.6324856988579236|1.0833333333333333|SGAExpenses09,12
835|17.077113869163938|27|0.6324856988579236|1.0833333333333333|SGAExpenses09,12
840|17.077113869163938|27|0.6324856988579236|1.0833333333333333|SGAExpenses09,12
845|17.077113869163938|27|0.6324856988579236|1.0833333333333333|SGAExpenses09,12
850|17.077113869163938|27|0.6324856988579236|1.0833333333333333|SGAExpenses09,12
855|17.077113869163938|27|0.6324856988579236|1.0833333333333333|SGAExpenses09,12
860|17.077113869163938|27|0.6324856988579236|1.0833333333333333|SGAExpenses09,12
865|17.077113869163938|27|0.6324856988579236|1.0833333333333333|SGAExpenses09,12
870|17.077113869163938|27|0.6324856988579236|1.0833333333333333|SGAExpenses09,12
875|17.077113869163938|27|0.6324856988579236|1.0833333333333333|SGAExpenses09,12
880|17.077113869163938|27|0.6324856988579236|1.0833333333333333|SGAExpenses09,12
885|17.077113869163938|27|0.6324856988579236|1.0833333333333333|SGAExpenses09,12
890|17.077113869163938|27|0.6324856988579236|1.0833333333333333|SGAExpenses09,12
895|17.077113869163938|27|0.6324856988579236|1.0833333333333333|SGAExpenses09,12
900|17.077113869163938|27|0.6324856988579236|1.0833333333333333|SGAExpenses09,12
905|17.077113869163938|27|0.6324856988579236|1.0833333333333333|SGAExpenses09,12
910|17.077113869163938|27|0.6324856988579236|1.0833333333333333|SGAExpenses09,12
915|17.077113869163938|27|0.6324856988579236|1.0833333333333333|SGAExpenses09,12
920|17.077113869163938|27|0.6324856988579236|1.0833333333333333|SGAExpenses09,12
925|17.077113869163938|27|0.6324856988579236|1.0833333333333333|SGAExpenses09,12
930|17.077113869163938|27|0.6324856988579236|1.0833333333333333|SGAExpenses09,12
935|17.077113869163938|27|0.6324856988579236|1.0833333333333333|SGAExpenses09,12
940|17.077113869163938|27|0.6324856988579236|1.0833333333333333|SGAExpenses09,12
945|17.077113869163938|27|0.6324856988579236|1.0833333333333333|SGAExpenses09,12
950|17.077113869163938|27|0.6324856988579236|1.0833333333333333|SGAExpenses09,12
955|17.077113869163938|27|0.6324856988579236|1.0833333333333333|SGAExpenses09,12
960|17.077113869163938|27|0.6324856988579236|1.0833333333333333|SGAExpenses09,12
965|17.077113869163938|27|0.6324856988579236|1.0833333333333333|SGAExpenses09,12
970|17.077113869163938|27|0.6324856988579236|1.0833333333333333|SGAExpenses09,12
975|17.077113869163938|27|0.6324856988579236|1.0833333333333333|SGAExpenses09,12
980|17.077113869163938|27|0.6324856988579236|1.0833333333333333|SGAExpenses09,12
985|17.077113869163938|27|0.6324856988579236|1.0833333333333333|SGAExpenses09,12
990|17.077113869163938|27|0.6324856988579236|1.0833333333333333|SGAExpenses09,12
995|17.077113869163938|27|0.6324856988579236|1.0833333333333333|SGAExpenses09,12
1000|17.077113869163938|27|0.6324856988579236|1.0833333333333333|SGAExpenses09,12
1005|17.077113869163938|27|0.6324856988579236|1.0833333333333333|SGAExpenses09,12
1010|17.077113869163938|27|0.6324856988579236|1.0833333333333333|SGAExpenses09,12
1015|17.077113869163938|27|0.6324856988579236|1.0833333333333333|SGAExpenses09,12
1020|17.077113869163938|27|0.6324856988579236|1.0833333333333333|SGAExpenses09,12
1025|17.077113869163938|27|0.6324856988579236|1.0833333333333333|SGAExpenses09,12
1030|17.077113869163938|27|0.6324856988579236|1.0833333333333333|SGAExpenses09,12
1035|17.077113869163938|27|0.6324856988579236|1.0833333333333333|SGAExpenses09,12
1040|17.077113869163938|27|0.6324856988579236|1.0833333333333333|SGAExpenses09,12
1045|17.077113869163938|27|0.6324856988579236|1.0833333333333333|SGAExpenses09,12
1050|17.077113869163938|27|0.6324856988579236|1.0833333333333333|SGAExpenses09,12
1055|17.077113869163938|27|0.6324856988579236|1.0833333333333333|SGAExpenses09,12
1060|17.077113869163938|27|0.6324856988579236|1.0833333333333333|SGAExpenses09,12
1065|17.077113869163938|27|0.6324856988579236|1.0833333333333333|SGAExpenses09,12
1070|17.077113869163938|27|0.6324856988579236|1.0833333333333333|SGAExpenses09,12
1075|17.077113869163938|27|0.6324856988579236|1.0833333333333333|SGAExpenses09,12
1080|17.077113869163938|27|0.6324856988579236|1.0833333333333333|SGAExpenses09,12
1085|17.077113869163938|27|0.6324856988579236|1.0833333333333333|SGAExpenses09,12
1090|17.077113869163938|27|0.6324856988579236|1.0833333333333333|SGAExpenses09,12
1095|17.077113869163938|27|0.6324856988579236|1.0833333333333333|SGAExpenses09,12
1100|17.077113869163938|27|0.6324856988579236|1.0833333333333333|SGAExpenses09,12
1105|17.077113869163938|27|0.6324856988579236|1.0833333333333333|SGAExpenses09,12
1110|17.077113869163938|27|0.6324856988579236|1.0833333333333333|SGAExpenses09,12
1115|17.077113869163938|27|0.6324856988579236|1.0833333333333333|SGAExpenses09,12
1120|17.077113869163938|27|0.6324856988579236|1.0833333333333333|SGAExpenses09,12
1125|17.154919391547544|29|0.5915489445361222|1.0769230769230769|SGAExpenses09,12
1130|17.154919391547544|29|0.5915489445361222|1.0769230769230769|SGAExpenses09,12
1135|17.154919391547544|29|0.5915489445361222|1.0769230769230769|SGAExpenses09,12
1140|17.154919391547544|29|0.5915489445361222|1.0769230769230769|SGAExpenses09,12
1145|17.154919391547544|29|0.5915489445361222|1.0769230769230769|SGAExpenses09,12
1150|17.154919391547544|29|0.5915489445361222|1.0769230769230769|SGAExpenses09,12
1155|17.154919391547544|29|0.5915489445361222|1.0769230769230769|SGAExpenses09,12
1160|17.154919391547544|29|0.5915489445361222|1.0769230769230769|SGAExpenses09,12
1165|17.154919391547544|29|0.5915489445361222|1.0769230769230769|SGAExpenses09,12
1170|17.154919391547544|29|0.5915489445361222|1.0769230769230769|SGAExpenses09,12
1175|17.154919391547544|29|0.5915489445361222|1.0769230769230769|SGAExpenses09,12
1180|17.154919391547544|29|0.5915489445361222|1.0769230769230769|SGAExpenses09,12
1185|17.154919391547544|29|0.5915489445361222|1.0769230769230769|SGAExpenses09,12
1190|17.154919391547544|29|0.5915489445361222|1.0769230769230769|SGAExpenses09,12
1195|17.154919391547544|29|0.5915489445361222|1.0769230769230769|SGAExpenses09,12
1200|17.154919391547544|29|0.5915489445361222|1.0769230769230769|SGAExpenses09,12
1205|17.154919391547544|29|0.5915489445361222|1.0769230769230769|SGAExpenses09,12
1210|17.154919391547544|29|0.5915489445361222|1.0769230769230769|SGAExpenses09,12
1215|17.154919391547544|29|0.5915489445361222|1.0769230769230769|SGAExpenses09,12
1220|17.154919391547544|29|0.5915489445361222|1.0769230769230769|SGAExpenses09,12
1225|17.154919391547544|29|0.5915489445361222|1.0769230769230769|SGAExpenses09,12
1230|17.154919391547544|29|0.5915489445361222|1.0769230769230769|SGAExpenses09,12
1235|17.154919391547544|29|0.5915489445361222|1.0769230769230769|SGAExpenses09,12
1240|17.154919391547544|29|0.5915489445361222|1.0769230769230769|SGAExpenses09,12
1245|17.154919391547544|29|0.5915489445361222|1.0769230769230769|SGAExpenses09,12
1250|17.154919391547544|29|0.5915489445361222|1.0769230769230769|SGAExpenses09,12
1255|17.154919391547544|29|0.5915489445361222|1.0769230769230769|SGAExpenses09,12
1260|17.154919391547544|29|0.5915489445361222|1.0769230769230769|SGAExpenses09,12
1265|17.154919391547544|29|0.5915489445361222|1.0769230769230769|SGAExpenses09,12
1270|17.154919391547544|29|0.5915489445361222|1.0769230769230769|SGAExpenses09,12
1275|17.154919391547544|29|0.5915489445361222|1.0769230769230769|SGAExpenses09,12
1280|17.154919391547544|29|0.5915489445361222|1.0769230769230769|SGAExpenses09,12
1285|17.154919391547544|29|0.5915489445361222|1.0769230769230769|SGAExpenses09,12
1290|17.154919391547544|29|0.5915489445361222|1.0769230769230769|SGAExpenses09,12
1295|17.154919391547544|29|0.5915489445361222|1.0769230769230769|SGAExpenses09,12
1300|17.154919391547544|29|0.5915489445361222|1.0769230769230769|SGAExpenses09,12
1305|17.154919391547544|29|0.5915489445361222|1.0769230769230769|SGAExpenses09,12
1310|17.154919391547544|29|0.5915489445361222|1.0769230769230769|SGAExpenses09,12
1315|17.154919391547544|29|0.5915489445361222|1.0769230769230769|SGAExpenses09,12
1320|17.154919391547544|29|0.5915489445361222|1.0769230769230769|SGAExpenses09,12
1325|17.154919391547544|29|0.5915489445361222|1.0769230769230769|SGAExpenses09,12
1330|17.154919391547544|29|0.5915489445361222|1.0769230769230769|SGAExpenses09,12
1335|17.154919391547544|29|0.5915489445361222|1.0769230769230769|SGAExpenses09,12
1340|17.154919391547544|29|0.5915489445361222|1.0769230769230769|SGAExpenses09,12
1345|17.154919391547544|29|0.5915489445361222|1.0769230769230769|SGAExpenses09,12
1350|17.154919391547544|29|0.5915489445361222|1.0769230769230769|SGAExpenses09,12
1355|17.154919391547544|29|0.5915489445361222|1.0769230769230769|SGAExpenses09,12
1360|17.154919391547544|29|0.5915489445361222|1.0769230769230769|SGAExpenses09,12
1365|17.154919391547544|29|0.5915489445361222|1.0769230769230769|SGAExpenses09,12
1370|17.154919391547544|29|0.5915489445361222|1.0769230769230769|SGAExpenses09,12
1375|17.154919391547544|29|0.5915489445361222|1.0769230769230769|SGAExpenses09,12
1380|17.154919391547544|29|0.5915489445361222|1.0769230769230769|SGAExpenses09,12
1385|17.154919391547544|29|0.5915489445361222|1.0769230769230769|SGAExpenses09,12
1390|17.154919391547544|29|0.5915489445361222|1.0769230769230769|SGAExpenses09,12
1395|17.154919391547544|29|0.5915489445361222|1.0769230769230769|SGAExpenses09,12
1400|17.154919391547544|29|0.5915489445361222|1.0769230769230769|SGAExpenses09,12
1405|17.154919391547544|29|0.5915489445361222|1.0769230769230769|SGAExpenses09,12
1410|17.154919391547544|29|0.5915489445361222|1.0769230769230769|SGAExpenses09,12
1415|17.154919391547544|29|0.5915489445361222|1.0769230769230769|SGAExpenses09,12
1420|17.154919391547544|29|0.5915489445361222|1.0769230769230769|SGAExpenses09,12
1425|17.154919391547544|29|0.5915489445361222|1.0769230769230769|SGAExpenses09,12
1430|17.154919391547544|29|0.5915489445361222|1.0769230769230769|SGAExpenses09,12
1435|17.154919391547544|29|0.5915489445361222|1.0769230769230769|SGAExpenses09,12
1440|17.154919391547544|29|0.5915489445361222|1.0769230769230769|SGAExpenses09,12
1445|17.154919391547544|29|0.5915489445361222|1.0769230769230769|SGAExpenses09,12
1450|17.154919391547544|29|0.5915489445361222|1.0769230769230769|SGAExpenses09,12
1455|17.154919391547544|29|0.5915489445361222|1.0769230769230769|SGAExpenses09,12
1460|17.154919391547544|29|0.5915489445361222|1.0769230769230769|SGAExpenses09,12
1465|17.154919391547544|29|0.5915489445361222|1.0769230769230769|SGAExpenses09,12
1470|17.154919391547544|29|0.5915489445361222|1.0769230769230769|SGAExpenses09,12
1475|17.154919391547544|29|0.5915489445361222|1.0769230769230769|SGAExpenses09,12
1480|17.154919391547544|29|0.5915489445361222|1.0769230769230769|SGAExpenses09,12
1485|17.154919391547544|29|0.5915489445361222|1.0769230769230769|SGAExpenses09,12
1490|17.154919391547544|29|0.5915489445361222|1.0769230769230769|SGAExpenses09,12
1495|17.154919391547544|29|0.5915489445361222|1.0769230769230769|SGAExpenses09,12
1500|17.154919391547544|29|0.5915489445361222|1.0769230769230769|SGAExpenses09,12
1505|17.154919391547544|29|0.5915489445361222|1.0769230769230769|SGAExpenses09,12
1510|17.154919391547544|29|0.5915489445361222|1.0769230769230769|SGAExpenses09,12
1515|17.154919391547544|29|0.5915489445361222|1.0769230769230769|SGAExpenses09,12
1520|17.154919391547544|29|0.5915489445361222|1.0769230769230769|SGAExpenses09,12
1525|17.154919391547544|29|0.5915489445361222|1.0769230769230769|SGAExpenses09,12
1530|17.154919391547544|29|0.5915489445361222|1.0769230769230769|SGAExpenses09,12
1535|17.154919391547544|29|0.5915489445361222|1.0769230769230769|SGAExpenses09,12
1540|17.154919391547544|29|0.5915489445361222|1.0769230769230769|SGAExpenses09,12
1545|17.154919391547544|29|0.5915489445361222|1.0769230769230769|SGAExpenses09,12
1550|17.154919391547544|29|0.5915489445361222|1.0769230769230769|SGAExpenses09,12
1555|17.154919391547544|29|0.5915489445361222|1.0769230769230769|SGAExpenses09,12
1560|17.154919391547544|29|0.5915489445361222|1.0769230769230769|SGAExpenses09,12
1565|17.154919391547544|29|0.5915489445361222|1.0769230769230769|SGAExpenses09,12
1570|17.154919391547544|29|0.5915489445361222|1.0769230769230769|SGAExpenses09,12
1575|17.154919391547544|29|0.5915489445361222|1.0769230769230769|SGAExpenses09,12
1580|17.154919391547544|29|0.5915489445361222|1.0769230769230769|SGAExpenses09,12
1585|17.154919391547544|29|0.5915489445361222|1.0769230769230769|SGAExpenses09,12
1590|17.154919391547544|29|0.5915489445361222|1.0769230769230769|SGAExpenses09,12
1595|17.154919391547544|29|0.5915489445361222|1.0769230769230769|SGAExpenses09,12
1600|17.154919391547544|29|0.5915489445361222|1.0769230769230769|SGAExpenses09,12
1605|17.154919391547544|29|0.5915489445361222|1.0769230769230769|SGAExpenses09,12
1610|17.154919391547544|29|0.5915489445361222|1.0769230769230769|SGAExpenses09,12
1615|17.154919391547544|29|0.5915489445361222|1.0769230769230769|SGAExpenses09,12
1620|17.154919391547544|29|0.5915489445361222|1.0769230769230769|SGAExpenses09,12
1625|17.154919391547544|29|0.5915489445361222|1.0769230769230769|SGAExpenses09,12
1630|17.154919391547544|29|0.5915489445361222|1.0769230769230769|SGAExpenses09,12
1635|17.154919391547544|29|0.5915489445361222|1.0769230769230769|SGAExpenses09,12
1640|17.154919391547544|29|0.5915489445361222|1.0769230769230769|SGAExpenses09,12
1645|17.154919391547544|29|0.5915489445361222|1.0769230769230769|SGAExpenses09,12
1650|17.154919391547544|29|0.5915489445361222|1.0769230769230769|SGAExpenses09,12
1655|17.154919391547544|29|0.5915489445361222|1.0769230769230769|SGAExpenses09,12
1660|17.154919391547544|29|0.5915489445361222|1.0769230769230769|SGAExpenses09,12
1665|17.154919391547544|29|0.5915489445361222|1.0769230769230769|SGAExpenses09,12
1670|17.154919391547544|29|0.5915489445361222|1.0769230769230769|SGAExpenses09,12
1675|17.154919391547544|29|0.5915489445361222|1.0769230769230769|SGAExpenses09,12
1680|17.154919391547544|29|0.5915489445361222|1.0769230769230769|SGAExpenses09,12
1685|17.154919391547544|29|0.5915489445361222|1.0769230769230769|SGAExpenses09,12
1690|17.154919391547544|29|0.5915489445361222|1.0769230769230769|SGAExpenses09,12
1695|17.154919391547544|29|0.5915489445361222|1.0769230769230769|SGAExpenses09,12
1700|17.154919391547544|29|0.5915489445361222|1.0769230769230769|SGAExpenses09,12
1705|17.154919391547544|29|0.5915489445361222|1.0769230769230769|SGAExpenses09,12
1710|17.154919391547544|29|0.5915489445361222|1.0769230769230769|SGAExpenses09,12
1715|17.154919391547544|29|0.5915489445361222|1.0769230769230769|SGAExpenses09,12
1720|17.154919391547544|29|0.5915489445361222|1.0769230769230769|SGAExpenses09,12
1725|17.154919391547544|29|0.5915489445361222|1.0769230769230769|SGAExpenses09,12
1730|17.154919391547544|29|0.5915489445361222|1.0769230769230769|SGAExpenses09,12
1735|17.154919391547544|29|0.5915489445361222|1.0769230769230769|SGAExpenses09,12
1740|17.154919391547544|29|0.5915489445361222|1.0769230769230769|SGAExpenses09,12
1745|17.154919391547544|29|0.5915489445361222|1.0769230769230769|SGAExpenses09,12
1750|17.154919391547544|29|0.5915489445361222|1.0769230769230769|SGAExpenses09,12
1755|17.154919391547544|29|0.5915489445361222|1.0769230769230769|SGAExpenses09,12
1760|17.154919391547544|29|0.5915489445361222|1.0769230769230769|SGAExpenses09,12
1765|17.154919391547544|29|0.5915489445361222|1.0769230769230769|SGAExpenses09,12
1770|17.154919391547544|29|0.5915489445361222|1.0769230769230769|SGAExpenses09,12
1775|17.154919391547544|29|0.5915489445361222|1.0769230769230769|SGAExpenses09,12
1780|17.154919391547544|29|0.5915489445361222|1.0769230769230769|SGAExpenses09,12
1785|17.154919391547544|29|0.5915489445361222|1.0769230769230769|SGAExpenses09,12
1790|17.154919391547544|29|0.5915489445361222|1.0769230769230769|SGAExpenses09,12
1795|17.154919391547544|29|0.5915489445361222|1.0769230769230769|SGAExpenses09,12
1800|17.154919391547544|29|0.5915489445361222|1.0769230769230769|SGAExpenses09,12
1805|17.154919391547544|29|0.5915489445361222|1.0769230769230769|SGAExpenses09,12
1810|17.154919391547544|29|0.5915489445361222|1.0769230769230769|SGAExpenses09,12
1815|17.154919391547544|29|0.5915489445361222|1.0769230769230769|SGAExpenses09,12
1820|17.154919391547544|29|0.5915489445361222|1.0769230769230769|SGAExpenses09,12
1825|17.154919391547544|29|0.5915489445361222|1.0769230769230769|SGAExpenses09,12
1830|17.154919391547544|29|0.5915489445361222|1.0769230769230769|SGAExpenses09,12
1835|17.154919391547544|29|0.5915489445361222|1.0769230769230769|SGAExpenses09,12
1840|17.154919391547544|29|0.5915489445361222|1.0769230769230769|SGAExpenses09,12
1845|17.154919391547544|29|0.5915489445361222|1.0769230769230769|SGAExpenses09,12
1850|17.154919391547544|29|0.5915489445361222|1.0769230769230769|SGAExpenses09,12
1855|17.154919391547544|29|0.5915489445361222|1.0769230769230769|SGAExpenses09,12
1860|17.154919391547544|29|0.5915489445361222|1.0769230769230769|SGAExpenses09,12
1865|17.154919391547544|29|0.5915489445361222|1.0769230769230769|SGAExpenses09,12
1870|17.154919391547544|29|0.5915489445361222|1.0769230769230769|SGAExpenses09,12
1875|17.154919391547544|29|0.5915489445361222|1.0769230769230769|SGAExpenses09,12
1880|17.154919391547544|29|0.5915489445361222|1.0769230769230769|SGAExpenses09,12
1885|17.154919391547544|29|0.5915489445361222|1.0769230769230769|SGAExpenses09,12
1890|17.154919391547544|29|0.5915489445361222|1.0769230769230769|SGAExpenses09,12
1895|17.154919391547544|29|0.5915489445361222|1.0769230769230769|SGAExpenses09,12
1900|17.154919391547544|29|0.5915489445361222|1.0769230769230769|SGAExpenses09,12
1905|17.154919391547544|29|0.5915489445361222|1.0769230769230769|SGAExpenses09,12
1910|17.154919391547544|29|0.5915489445361222|1.0769230769230769|SGAExpenses09,12
1915|17.154919391547544|29|0.5915489445361222|1.0769230769230769|SGAExpenses09,12
1920|17.154919391547544|29|0.5915489445361222|1.0769230769230769|SGAExpenses09,12
1925|17.154919391547544|29|0.5915489445361222|1.0769230769230769|SGAExpenses09,12
1930|17.154919391547544|29|0.5915489445361222|1.0769230769230769|SGAExpenses09,12
1935|17.154919391547544|29|0.5915489445361222|1.0769230769230769|SGAExpenses09,12
1940|17.154919391547544|29|0.5915489445361222|1.0769230769230769|SGAExpenses09,12
1945|17.154919391547544|29|0.5915489445361222|1.0769230769230769|SGAExpenses09,12
1950|17.154919391547544|29|0.5915489445361222|1.0769230769230769|SGAExpenses09,12
1955|17.154919391547544|29|0.5915489445361222|1.0769230769230769|SGAExpenses09,12
1960|17.154919391547544|29|0.5915489445361222|1.0769230769230769|SGAExpenses09,12
1965|17.154919391547544|29|0.5915489445361222|1.0769230769230769|SGAExpenses09,12
1970|17.154919391547544|29|0.5915489445361222|1.0769230769230769|SGAExpenses09,12
1975|17.154919391547544|29|0.5915489445361222|1.0769230769230769|SGAExpenses09,12
1980|17.154919391547544|29|0.5915489445361222|1.0769230769230769|SGAExpenses09,12
1985|17.154919391547544|29|0.5915489445361222|1.0769230769230769|SGAExpenses09,12
1990|17.154919391547544|29|0.5915489445361222|1.0769230769230769|SGAExpenses09,12
1995|17.154919391547544|29|0.5915489445361222|1.0769230769230769|SGAExpenses09,12
2000|17.154919391547544|29|0.5915489445361222|1.0769230769230769|SGAExpenses09,12
