#########################################################
# Algorithm Parameters #
# Generations = 2000
# Population size = 100
# Resolution = 5
#########################################################
# Financial Parameters #
# Quarter = 4
# Crossover probabilities = 0.75 -> 0.25
# Mutation start probabilities = 0.9,0.0,0.6,0.5,0.6,0.9
# Mutation end probabilities = 0.4,0.4,0.1,0.1,0.1,0.4
######################################################### 
0|8.251928947170493|11|0.7501753588336811|1.0|ReturnOnInvestedCapital09,24
5|9.159114112052459|11|0.8326467374593144|1.0|EarningsPerShare09,6
10|9.302737551465576|17|0.5472198559685633|1.1428571428571428|CapExSales09,27
15|10.571104367544262|25|0.4228441747017705|1.5|SGAExpensesChange,14
20|13.07503173591475|17|0.7691195138773382|1.3333333333333333|CapExSales09,27
25|13.07503173591475|17|0.7691195138773382|1.3333333333333333|CapExSales09,27
30|13.196392146973768|21|0.6283996260463699|1.1111111111111112|TotalCurrentAssets10,31
35|14.13960658914098|25|0.5655842635656392|1.2|CapExSales09,27
40|14.467716216950814|35|0.41336332048430896|1.2142857142857142|CapExSales09,27
45|14.47983827234098|35|0.413709664924028|1.1333333333333333|TotalCurrentAssets10,31
50|14.641121991173765|33|0.443670363368902|1.3333333333333333|CapExSales09,27
55|14.641121991173765|33|0.443670363368902|1.3333333333333333|CapExSales09,27
60|14.689026917967212|37|0.3970007275126273|1.2857142857142858|SGAExpenses10,13
65|15.168972987639341|33|0.45966584811028305|1.1428571428571428|TotalCurrentAssets10,31
70|15.168972987639341|33|0.45966584811028305|1.1428571428571428|TotalCurrentAssets10,31
75|15.302669110973767|39|0.3923761310506094|1.2666666666666666|EarningsPerShare10,7
80|15.302669110973767|35|0.43721911745639336|1.2142857142857142|TotalCurrentAssets10,31
85|15.302669110973767|33|0.46371724578708384|1.1428571428571428|TotalCurrentAssets10,31
90|15.302669110973767|33|0.46371724578708384|1.1428571428571428|TotalCurrentAssets10,31
95|15.302669110973767|31|0.49363448745076666|1.1538461538461537|TotalCurrentAssets10,31
100|15.302669110973767|31|0.49363448745076666|1.1538461538461537|TotalCurrentAssets10,31
105|15.302669110973767|31|0.49363448745076666|1.1538461538461537|TotalCurrentAssets10,31
110|15.302669110973767|31|0.49363448745076666|1.1538461538461537|TotalCurrentAssets10,31
115|15.305612337442618|35|0.43730320964121766|1.2142857142857142|SGAExpenses10,13
120|15.305612337442618|35|0.43730320964121766|1.2142857142857142|SGAExpenses10,13
125|15.52808403311475|33|0.47054800100347727|1.1428571428571428|TotalCurrentAssets10,31
130|15.600942591150813|37|0.4216470970581301|1.2857142857142858|SGAExpenses10,13
135|15.823414286822945|35|0.45209755105208416|1.2142857142857142|ResearchDevelopment09,15
140|15.823414286822945|35|0.45209755105208416|1.2142857142857142|ResearchDevelopment09,15
145|15.823414286822945|35|0.45209755105208416|1.2142857142857142|ResearchDevelopment09,15
150|15.827299596278685|37|0.42776485395347796|1.3846153846153846|BookValuePerShare09,9
155|15.827299596278685|37|0.42776485395347796|1.3846153846153846|BookValuePerShare09,9
160|15.827299596278685|37|0.42776485395347796|1.3846153846153846|BookValuePerShare09,9
165|16.02399334943934|39|0.41087162434459845|1.2666666666666666|BookValuePerShare09,9
170|16.13365625689508|39|0.4136834937665405|1.3571428571428572|BookValuePerShare09,9
175|16.13365625689508|37|0.436044763699867|1.2857142857142858|BookValuePerShare09,9
180|16.700837521399997|43|0.3883915702651162|1.2352941176470589|ResearchDevelopment09,15
185|16.700837521399997|43|0.3883915702651162|1.2352941176470589|ResearchDevelopment09,15
190|16.822197932459016|39|0.43133840852459016|1.2666666666666666|BookValuePerShare09,9
195|16.822197932459016|37|0.454653998174568|1.2857142857142858|BookValuePerShare09,9
200|16.822197932459016|37|0.454653998174568|1.2857142857142858|BookValuePerShare09,9
205|16.88701549801967|43|0.39272129065162026|1.1666666666666667|ResearchDevelopment09,15
210|16.88701549801967|39|0.4330003973851198|1.1875|ResearchDevelopment09,15
215|16.88701549801967|39|0.4330003973851198|1.1875|ResearchDevelopment09,15
220|16.88701549801967|39|0.4330003973851198|1.1875|ResearchDevelopment09,15
225|16.88701549801967|39|0.4330003973851198|1.1875|ResearchDevelopment09,15
230|16.88701549801967|39|0.4330003973851198|1.1875|ResearchDevelopment09,15
235|16.88701549801967|39|0.4330003973851198|1.1875|ResearchDevelopment09,15
240|16.88701549801967|39|0.4330003973851198|1.1875|ResearchDevelopment09,15
245|16.88701549801967|39|0.4330003973851198|1.1875|ResearchDevelopment09,15
250|16.88701549801967|39|0.4330003973851198|1.1875|ResearchDevelopment09,15
255|16.88701549801967|39|0.4330003973851198|1.1875|ResearchDevelopment09,15
260|16.88701549801967|39|0.4330003973851198|1.1875|ResearchDevelopment09,15
265|16.88701549801967|39|0.4330003973851198|1.1875|ResearchDevelopment09,15
270|16.88701549801967|39|0.4330003973851198|1.1875|ResearchDevelopment09,15
275|17.068616548147542|41|0.41630772068652544|1.1764705882352942|ResearchDevelopment09,15
280|17.068616548147542|41|0.41630772068652544|1.1764705882352942|ResearchDevelopment09,15
285|17.068616548147542|41|0.41630772068652544|1.1764705882352942|ResearchDevelopment09,15
290|17.068616548147542|41|0.41630772068652544|1.1764705882352942|ResearchDevelopment09,15
295|17.068616548147542|41|0.41630772068652544|1.1764705882352942|ResearchDevelopment09,15
300|17.381708022816394|47|0.3698235749535403|1.15|ResearchDevelopment09,15
305|17.381708022816394|47|0.3698235749535403|1.15|ResearchDevelopment09,15
310|17.381708022816394|45|0.38626017828480874|1.1578947368421053|ResearchDevelopment09,15
315|17.381708022816394|45|0.38626017828480874|1.1578947368421053|ResearchDevelopment09,15
320|17.381708022816394|43|0.4042257679724743|1.1666666666666667|ResearchDevelopment09,15
325|17.381708022816394|43|0.4042257679724743|1.1666666666666667|ResearchDevelopment09,15
330|17.381708022816394|43|0.4042257679724743|1.1666666666666667|ResearchDevelopment09,15
335|17.381708022816394|43|0.4042257679724743|1.1666666666666667|ResearchDevelopment09,15
340|17.381708022816394|43|0.4042257679724743|1.1666666666666667|ResearchDevelopment09,15
345|17.381708022816394|43|0.4042257679724743|1.1666666666666667|ResearchDevelopment09,15
350|17.381708022816394|43|0.4042257679724743|1.1666666666666667|ResearchDevelopment09,15
355|17.381708022816394|41|0.423944098117473|1.1764705882352942|ResearchDevelopment09,15
360|17.381708022816394|41|0.423944098117473|1.1764705882352942|ResearchDevelopment09,15
365|17.381708022816394|41|0.423944098117473|1.1764705882352942|ResearchDevelopment09,15
370|17.381708022816394|41|0.423944098117473|1.1764705882352942|ResearchDevelopment09,15
375|17.381708022816394|39|0.44568482109785623|1.1875|ResearchDevelopment09,15
380|17.381708022816394|39|0.44568482109785623|1.1875|ResearchDevelopment09,15
385|17.381708022816394|39|0.44568482109785623|1.1875|ResearchDevelopment09,15
390|17.381708022816394|39|0.44568482109785623|1.1875|ResearchDevelopment09,15
395|17.381708022816394|39|0.44568482109785623|1.1875|ResearchDevelopment09,15
400|17.381708022816394|39|0.44568482109785623|1.1875|ResearchDevelopment09,15
405|17.381708022816394|39|0.44568482109785623|1.1875|ResearchDevelopment09,15
410|17.381708022816394|39|0.44568482109785623|1.1875|ResearchDevelopment09,15
415|17.381708022816394|39|0.44568482109785623|1.1875|ResearchDevelopment09,15
420|17.381708022816394|39|0.44568482109785623|1.1875|ResearchDevelopment09,15
425|17.381708022816394|39|0.44568482109785623|1.1875|ResearchDevelopment09,15
430|17.381708022816394|39|0.44568482109785623|1.1875|ResearchDevelopment09,15
435|17.381708022816394|37|0.4697758925085512|1.2|ResearchDevelopment09,15
440|17.381708022816394|37|0.4697758925085512|1.2|ResearchDevelopment09,15
445|17.381708022816394|37|0.4697758925085512|1.2|ResearchDevelopment09,15
450|17.381708022816394|37|0.4697758925085512|1.2|ResearchDevelopment09,15
455|17.381708022816394|37|0.4697758925085512|1.2|ResearchDevelopment09,15
460|17.381708022816394|37|0.4697758925085512|1.2|ResearchDevelopment09,15
465|17.381708022816394|37|0.4697758925085512|1.2|ResearchDevelopment09,15
470|17.381708022816394|37|0.4697758925085512|1.2|ResearchDevelopment09,15
475|17.381708022816394|37|0.4697758925085512|1.2|ResearchDevelopment09,15
480|17.381708022816394|37|0.4697758925085512|1.2|ResearchDevelopment09,15
485|17.381708022816394|37|0.4697758925085512|1.2|ResearchDevelopment09,15
490|17.381708022816394|35|0.49662022922332555|1.2142857142857142|ResearchDevelopment09,15
495|17.381708022816394|35|0.49662022922332555|1.2142857142857142|ResearchDevelopment09,15
500|17.381708022816394|35|0.49662022922332555|1.2142857142857142|ResearchDevelopment09,15
505|17.381708022816394|35|0.49662022922332555|1.2142857142857142|ResearchDevelopment09,15
510|17.381708022816394|35|0.49662022922332555|1.2142857142857142|ResearchDevelopment09,15
515|17.381708022816394|35|0.49662022922332555|1.2142857142857142|ResearchDevelopment09,15
520|17.381708022816394|35|0.49662022922332555|1.2142857142857142|ResearchDevelopment09,15
525|17.381708022816394|35|0.49662022922332555|1.2142857142857142|ResearchDevelopment09,15
530|17.381708022816394|35|0.49662022922332555|1.2142857142857142|ResearchDevelopment09,15
535|17.381708022816394|35|0.49662022922332555|1.2142857142857142|ResearchDevelopment09,15
540|17.381708022816394|35|0.49662022922332555|1.2142857142857142|ResearchDevelopment09,15
545|17.381708022816394|35|0.49662022922332555|1.2142857142857142|ResearchDevelopment09,15
550|17.381708022816394|35|0.49662022922332555|1.2142857142857142|ResearchDevelopment09,15
555|17.381708022816394|35|0.49662022922332555|1.2142857142857142|ResearchDevelopment09,15
560|17.381708022816394|35|0.49662022922332555|1.2142857142857142|ResearchDevelopment09,15
565|17.381708022816394|33|0.5267184249338301|1.1428571428571428|ResearchDevelopment09,15
570|17.381708022816394|33|0.5267184249338301|1.1428571428571428|ResearchDevelopment09,15
575|17.381708022816394|33|0.5267184249338301|1.1428571428571428|ResearchDevelopment09,15
580|17.381708022816394|33|0.5267184249338301|1.1428571428571428|ResearchDevelopment09,15
585|17.381708022816394|33|0.5267184249338301|1.1428571428571428|ResearchDevelopment09,15
590|17.381708022816394|33|0.5267184249338301|1.1428571428571428|ResearchDevelopment09,15
595|17.381708022816394|33|0.5267184249338301|1.1428571428571428|ResearchDevelopment09,15
600|17.381708022816394|33|0.5267184249338301|1.1428571428571428|ResearchDevelopment09,15
605|17.381708022816394|33|0.5267184249338301|1.1428571428571428|ResearchDevelopment09,15
610|17.381708022816394|31|0.5607002588005289|1.1538461538461537|ResearchDevelopment09,15
615|17.381708022816394|31|0.5607002588005289|1.1538461538461537|ResearchDevelopment09,15
620|17.381708022816394|31|0.5607002588005289|1.1538461538461537|ResearchDevelopment09,15
625|17.381708022816394|31|0.5607002588005289|1.1538461538461537|ResearchDevelopment09,15
630|17.381708022816394|31|0.5607002588005289|1.1538461538461537|ResearchDevelopment09,15
635|17.381708022816394|31|0.5607002588005289|1.1538461538461537|ResearchDevelopment09,15
640|17.381708022816394|31|0.5607002588005289|1.1538461538461537|ResearchDevelopment09,15
645|17.381708022816394|31|0.5607002588005289|1.1538461538461537|ResearchDevelopment09,15
650|17.381708022816394|31|0.5607002588005289|1.1538461538461537|ResearchDevelopment09,15
655|17.381708022816394|31|0.5607002588005289|1.1538461538461537|ResearchDevelopment09,15
660|17.381708022816394|31|0.5607002588005289|1.1538461538461537|ResearchDevelopment09,15
665|17.381708022816394|31|0.5607002588005289|1.1538461538461537|ResearchDevelopment09,15
670|17.381708022816394|31|0.5607002588005289|1.1538461538461537|ResearchDevelopment09,15
675|17.381708022816394|31|0.5607002588005289|1.1538461538461537|ResearchDevelopment09,15
680|17.381708022816394|31|0.5607002588005289|1.1538461538461537|ResearchDevelopment09,15
685|17.381708022816394|31|0.5607002588005289|1.1538461538461537|ResearchDevelopment09,15
690|17.381708022816394|31|0.5607002588005289|1.1538461538461537|ResearchDevelopment09,15
695|17.381708022816394|31|0.5607002588005289|1.1538461538461537|ResearchDevelopment09,15
700|17.381708022816394|31|0.5607002588005289|1.1538461538461537|ResearchDevelopment09,15
705|17.381708022816394|31|0.5607002588005289|1.1538461538461537|ResearchDevelopment09,15
710|17.381708022816394|31|0.5607002588005289|1.1538461538461537|ResearchDevelopment09,15
715|17.381708022816394|31|0.5607002588005289|1.1538461538461537|ResearchDevelopment09,15
720|17.381708022816394|31|0.5607002588005289|1.1538461538461537|ResearchDevelopment09,15
725|17.381708022816394|31|0.5607002588005289|1.1538461538461537|ResearchDevelopment09,15
730|17.381708022816394|31|0.5607002588005289|1.1538461538461537|ResearchDevelopment09,15
735|17.381708022816394|31|0.5607002588005289|1.1538461538461537|ResearchDevelopment09,15
740|17.381708022816394|31|0.5607002588005289|1.1538461538461537|ResearchDevelopment09,15
745|17.381708022816394|31|0.5607002588005289|1.1538461538461537|ResearchDevelopment09,15
750|17.381708022816394|31|0.5607002588005289|1.1538461538461537|ResearchDevelopment09,15
755|17.381708022816394|31|0.5607002588005289|1.1538461538461537|ResearchDevelopment09,15
760|17.381708022816394|31|0.5607002588005289|1.1538461538461537|ResearchDevelopment09,15
765|17.381708022816394|31|0.5607002588005289|1.1538461538461537|ResearchDevelopment09,15
770|17.381708022816394|31|0.5607002588005289|1.1538461538461537|ResearchDevelopment09,15
775|17.381708022816394|31|0.5607002588005289|1.1538461538461537|ResearchDevelopment09,15
780|17.381708022816394|31|0.5607002588005289|1.1538461538461537|ResearchDevelopment09,15
785|17.381708022816394|31|0.5607002588005289|1.1538461538461537|ResearchDevelopment09,15
790|17.381708022816394|31|0.5607002588005289|1.1538461538461537|ResearchDevelopment09,15
795|17.381708022816394|31|0.5607002588005289|1.1538461538461537|ResearchDevelopment09,15
800|17.381708022816394|31|0.5607002588005289|1.1538461538461537|ResearchDevelopment09,15
805|17.381708022816394|31|0.5607002588005289|1.1538461538461537|ResearchDevelopment09,15
810|17.381708022816394|31|0.5607002588005289|1.1538461538461537|ResearchDevelopment09,15
815|17.381708022816394|31|0.5607002588005289|1.1538461538461537|ResearchDevelopment09,15
820|17.381708022816394|31|0.5607002588005289|1.1538461538461537|ResearchDevelopment09,15
825|17.381708022816394|31|0.5607002588005289|1.1538461538461537|ResearchDevelopment09,15
830|17.381708022816394|31|0.5607002588005289|1.1538461538461537|ResearchDevelopment09,15
835|17.381708022816394|31|0.5607002588005289|1.1538461538461537|ResearchDevelopment09,15
840|17.381708022816394|31|0.5607002588005289|1.1538461538461537|ResearchDevelopment09,15
845|17.381708022816394|31|0.5607002588005289|1.1538461538461537|ResearchDevelopment09,15
850|17.381708022816394|31|0.5607002588005289|1.1538461538461537|ResearchDevelopment09,15
855|17.381708022816394|31|0.5607002588005289|1.1538461538461537|ResearchDevelopment09,15
860|17.381708022816394|31|0.5607002588005289|1.1538461538461537|ResearchDevelopment09,15
865|17.381708022816394|31|0.5607002588005289|1.1538461538461537|ResearchDevelopment09,15
870|17.381708022816394|31|0.5607002588005289|1.1538461538461537|ResearchDevelopment09,15
875|17.381708022816394|31|0.5607002588005289|1.1538461538461537|ResearchDevelopment09,15
880|17.381708022816394|31|0.5607002588005289|1.1538461538461537|ResearchDevelopment09,15
885|17.381708022816394|31|0.5607002588005289|1.1538461538461537|ResearchDevelopment09,15
890|17.381708022816394|31|0.5607002588005289|1.1538461538461537|ResearchDevelopment09,15
895|17.381708022816394|31|0.5607002588005289|1.1538461538461537|ResearchDevelopment09,15
900|17.381708022816394|31|0.5607002588005289|1.1538461538461537|ResearchDevelopment09,15
905|17.381708022816394|31|0.5607002588005289|1.1538461538461537|ResearchDevelopment09,15
910|17.381708022816394|31|0.5607002588005289|1.1538461538461537|ResearchDevelopment09,15
915|17.381708022816394|31|0.5607002588005289|1.1538461538461537|ResearchDevelopment09,15
920|17.381708022816394|31|0.5607002588005289|1.1538461538461537|ResearchDevelopment09,15
925|17.381708022816394|31|0.5607002588005289|1.1538461538461537|ResearchDevelopment09,15
930|17.381708022816394|31|0.5607002588005289|1.1538461538461537|ResearchDevelopment09,15
935|17.381708022816394|31|0.5607002588005289|1.1538461538461537|ResearchDevelopment09,15
940|17.381708022816394|31|0.5607002588005289|1.1538461538461537|ResearchDevelopment09,15
945|17.381708022816394|31|0.5607002588005289|1.1538461538461537|ResearchDevelopment09,15
950|17.381708022816394|31|0.5607002588005289|1.1538461538461537|ResearchDevelopment09,15
955|17.381708022816394|31|0.5607002588005289|1.1538461538461537|ResearchDevelopment09,15
960|17.381708022816394|31|0.5607002588005289|1.1538461538461537|ResearchDevelopment09,15
965|17.381708022816394|31|0.5607002588005289|1.1538461538461537|ResearchDevelopment09,15
970|17.381708022816394|31|0.5607002588005289|1.1538461538461537|ResearchDevelopment09,15
975|17.381708022816394|31|0.5607002588005289|1.1538461538461537|ResearchDevelopment09,15
980|17.381708022816394|31|0.5607002588005289|1.1538461538461537|ResearchDevelopment09,15
985|17.381708022816394|31|0.5607002588005289|1.1538461538461537|ResearchDevelopment09,15
990|17.381708022816394|31|0.5607002588005289|1.1538461538461537|ResearchDevelopment09,15
995|17.381708022816394|31|0.5607002588005289|1.1538461538461537|ResearchDevelopment09,15
1000|17.381708022816394|31|0.5607002588005289|1.1538461538461537|ResearchDevelopment09,15
1005|17.381708022816394|31|0.5607002588005289|1.1538461538461537|ResearchDevelopment09,15
1010|17.381708022816394|31|0.5607002588005289|1.1538461538461537|ResearchDevelopment09,15
1015|17.381708022816394|31|0.5607002588005289|1.1538461538461537|ResearchDevelopment09,15
1020|17.413784780308198|33|0.5276904478881272|1.1428571428571428|ResearchDevelopment09,15
1025|17.413784780308198|33|0.5276904478881272|1.1428571428571428|ResearchDevelopment09,15
1030|17.413784780308198|33|0.5276904478881272|1.1428571428571428|ResearchDevelopment09,15
1035|17.413784780308198|33|0.5276904478881272|1.1428571428571428|ResearchDevelopment09,15
1040|17.413784780308198|33|0.5276904478881272|1.1428571428571428|ResearchDevelopment09,15
1045|17.413784780308198|33|0.5276904478881272|1.1428571428571428|ResearchDevelopment09,15
1050|17.413784780308198|33|0.5276904478881272|1.1428571428571428|ResearchDevelopment09,15
1055|17.413784780308198|33|0.5276904478881272|1.1428571428571428|ResearchDevelopment09,15
1060|17.413784780308198|33|0.5276904478881272|1.1428571428571428|ResearchDevelopment09,15
1065|17.413784780308198|33|0.5276904478881272|1.1428571428571428|ResearchDevelopment09,15
1070|17.413784780308198|33|0.5276904478881272|1.1428571428571428|ResearchDevelopment09,15
1075|17.413784780308198|33|0.5276904478881272|1.1428571428571428|ResearchDevelopment09,15
1080|17.413784780308198|33|0.5276904478881272|1.1428571428571428|ResearchDevelopment09,15
1085|17.413784780308198|33|0.5276904478881272|1.1428571428571428|ResearchDevelopment09,15
1090|17.413784780308198|33|0.5276904478881272|1.1428571428571428|ResearchDevelopment09,15
1095|17.413784780308198|33|0.5276904478881272|1.1428571428571428|ResearchDevelopment09,15
1100|17.413784780308198|33|0.5276904478881272|1.1428571428571428|ResearchDevelopment09,15
1105|17.413784780308198|33|0.5276904478881272|1.1428571428571428|ResearchDevelopment09,15
1110|17.413784780308198|33|0.5276904478881272|1.1428571428571428|ResearchDevelopment09,15
1115|17.413784780308198|33|0.5276904478881272|1.1428571428571428|ResearchDevelopment09,15
1120|17.413784780308198|33|0.5276904478881272|1.1428571428571428|ResearchDevelopment09,15
1125|17.413784780308198|33|0.5276904478881272|1.1428571428571428|ResearchDevelopment09,15
1130|17.413784780308198|33|0.5276904478881272|1.1428571428571428|ResearchDevelopment09,15
1135|17.413784780308198|33|0.5276904478881272|1.1428571428571428|ResearchDevelopment09,15
1140|17.413784780308198|33|0.5276904478881272|1.1428571428571428|ResearchDevelopment09,15
1145|17.413784780308198|33|0.5276904478881272|1.1428571428571428|ResearchDevelopment09,15
1150|17.413784780308198|33|0.5276904478881272|1.1428571428571428|ResearchDevelopment09,15
1155|17.413784780308198|33|0.5276904478881272|1.1428571428571428|ResearchDevelopment09,15
1160|17.413784780308198|33|0.5276904478881272|1.1428571428571428|ResearchDevelopment09,15
1165|17.413784780308198|33|0.5276904478881272|1.1428571428571428|ResearchDevelopment09,15
1170|17.413784780308198|33|0.5276904478881272|1.1428571428571428|ResearchDevelopment09,15
1175|17.413784780308198|33|0.5276904478881272|1.1428571428571428|ResearchDevelopment09,15
1180|17.413784780308198|33|0.5276904478881272|1.1428571428571428|ResearchDevelopment09,15
1185|17.413784780308198|33|0.5276904478881272|1.1428571428571428|ResearchDevelopment09,15
1190|17.413784780308198|33|0.5276904478881272|1.1428571428571428|ResearchDevelopment09,15
1195|17.413784780308198|33|0.5276904478881272|1.1428571428571428|ResearchDevelopment09,15
1200|17.413784780308198|33|0.5276904478881272|1.1428571428571428|ResearchDevelopment09,15
1205|17.413784780308198|33|0.5276904478881272|1.1428571428571428|ResearchDevelopment09,15
1210|17.413784780308198|33|0.5276904478881272|1.1428571428571428|ResearchDevelopment09,15
1215|17.425232408268855|33|0.5280373457051168|1.2307692307692308|ResearchDevelopment09,15
1220|17.425232408268855|33|0.5280373457051168|1.2307692307692308|ResearchDevelopment09,15
1225|17.425232408268855|33|0.5280373457051168|1.2307692307692308|ResearchDevelopment09,15
1230|17.425232408268855|33|0.5280373457051168|1.2307692307692308|ResearchDevelopment09,15
1235|17.60683345839673|35|0.5030523845256208|1.2142857142857142|ResearchDevelopment09,15
1240|17.60683345839673|35|0.5030523845256208|1.2142857142857142|ResearchDevelopment09,15
1245|17.60683345839673|35|0.5030523845256208|1.2142857142857142|ResearchDevelopment09,15
1250|17.60683345839673|35|0.5030523845256208|1.2142857142857142|ResearchDevelopment09,15
1255|17.60683345839673|35|0.5030523845256208|1.2142857142857142|ResearchDevelopment09,15
1260|17.60683345839673|35|0.5030523845256208|1.2142857142857142|ResearchDevelopment09,15
1265|17.60683345839673|35|0.5030523845256208|1.2142857142857142|ResearchDevelopment09,15
1270|17.60683345839673|33|0.5335404078302038|1.2307692307692308|ResearchDevelopment09,15
1275|17.60683345839673|33|0.5335404078302038|1.2307692307692308|ResearchDevelopment09,15
1280|17.60683345839673|33|0.5335404078302038|1.2307692307692308|ResearchDevelopment09,15
1285|17.60683345839673|33|0.5335404078302038|1.2307692307692308|ResearchDevelopment09,15
1290|17.60683345839673|33|0.5335404078302038|1.2307692307692308|ResearchDevelopment09,15
1295|17.60683345839673|33|0.5335404078302038|1.2307692307692308|ResearchDevelopment09,15
1300|17.60683345839673|33|0.5335404078302038|1.2307692307692308|ResearchDevelopment09,15
1305|17.60683345839673|33|0.5335404078302038|1.2307692307692308|ResearchDevelopment09,15
1310|17.60683345839673|33|0.5335404078302038|1.2307692307692308|ResearchDevelopment09,15
1315|17.60683345839673|33|0.5335404078302038|1.2307692307692308|ResearchDevelopment09,15
1320|17.60683345839673|33|0.5335404078302038|1.2307692307692308|ResearchDevelopment09,15
1325|17.60683345839673|33|0.5335404078302038|1.2307692307692308|ResearchDevelopment09,15
1330|17.60683345839673|33|0.5335404078302038|1.2307692307692308|ResearchDevelopment09,15
1335|17.60683345839673|33|0.5335404078302038|1.2307692307692308|ResearchDevelopment09,15
1340|17.60683345839673|33|0.5335404078302038|1.2307692307692308|ResearchDevelopment09,15
1345|17.60683345839673|33|0.5335404078302038|1.2307692307692308|ResearchDevelopment09,15
1350|17.60683345839673|33|0.5335404078302038|1.2307692307692308|ResearchDevelopment09,15
1355|17.60683345839673|33|0.5335404078302038|1.2307692307692308|ResearchDevelopment09,15
1360|17.60683345839673|33|0.5335404078302038|1.2307692307692308|ResearchDevelopment09,15
1365|17.60683345839673|33|0.5335404078302038|1.2307692307692308|ResearchDevelopment09,15
1370|17.60683345839673|33|0.5335404078302038|1.2307692307692308|ResearchDevelopment09,15
1375|17.60683345839673|33|0.5335404078302038|1.2307692307692308|ResearchDevelopment09,15
1380|17.60683345839673|33|0.5335404078302038|1.2307692307692308|ResearchDevelopment09,15
1385|17.60683345839673|33|0.5335404078302038|1.2307692307692308|ResearchDevelopment09,15
1390|17.60683345839673|33|0.5335404078302038|1.2307692307692308|ResearchDevelopment09,15
1395|17.60683345839673|33|0.5335404078302038|1.2307692307692308|ResearchDevelopment09,15
1400|17.60683345839673|33|0.5335404078302038|1.2307692307692308|ResearchDevelopment09,15
1405|17.60683345839673|33|0.5335404078302038|1.2307692307692308|ResearchDevelopment09,15
1410|17.60683345839673|33|0.5335404078302038|1.2307692307692308|ResearchDevelopment09,15
1415|17.60683345839673|33|0.5335404078302038|1.2307692307692308|ResearchDevelopment09,15
1420|17.60683345839673|33|0.5335404078302038|1.2307692307692308|ResearchDevelopment09,15
1425|17.60683345839673|33|0.5335404078302038|1.2307692307692308|ResearchDevelopment09,15
1430|17.60683345839673|33|0.5335404078302038|1.2307692307692308|ResearchDevelopment09,15
1435|17.60683345839673|33|0.5335404078302038|1.2307692307692308|ResearchDevelopment09,15
1440|17.60683345839673|33|0.5335404078302038|1.2307692307692308|ResearchDevelopment09,15
1445|17.60683345839673|33|0.5335404078302038|1.2307692307692308|ResearchDevelopment09,15
1450|17.60683345839673|33|0.5335404078302038|1.2307692307692308|ResearchDevelopment09,15
1455|17.60683345839673|33|0.5335404078302038|1.2307692307692308|ResearchDevelopment09,15
1460|17.60683345839673|33|0.5335404078302038|1.2307692307692308|ResearchDevelopment09,15
1465|17.60683345839673|33|0.5335404078302038|1.2307692307692308|ResearchDevelopment09,15
1470|17.60683345839673|33|0.5335404078302038|1.2307692307692308|ResearchDevelopment09,15
1475|17.60683345839673|33|0.5335404078302038|1.2307692307692308|ResearchDevelopment09,15
1480|17.60683345839673|33|0.5335404078302038|1.2307692307692308|ResearchDevelopment09,15
1485|17.60683345839673|33|0.5335404078302038|1.2307692307692308|ResearchDevelopment09,15
1490|17.60683345839673|33|0.5335404078302038|1.2307692307692308|ResearchDevelopment09,15
1495|17.60683345839673|33|0.5335404078302038|1.2307692307692308|ResearchDevelopment09,15
1500|17.60683345839673|33|0.5335404078302038|1.2307692307692308|ResearchDevelopment09,15
1505|17.60683345839673|33|0.5335404078302038|1.2307692307692308|ResearchDevelopment09,15
1510|17.60683345839673|33|0.5335404078302038|1.2307692307692308|ResearchDevelopment09,15
1515|17.60683345839673|33|0.5335404078302038|1.2307692307692308|ResearchDevelopment09,15
1520|17.60683345839673|33|0.5335404078302038|1.2307692307692308|ResearchDevelopment09,15
1525|17.60683345839673|33|0.5335404078302038|1.2307692307692308|ResearchDevelopment09,15
1530|17.60683345839673|33|0.5335404078302038|1.2307692307692308|ResearchDevelopment09,15
1535|17.60683345839673|33|0.5335404078302038|1.2307692307692308|ResearchDevelopment09,15
1540|17.60683345839673|33|0.5335404078302038|1.2307692307692308|ResearchDevelopment09,15
1545|17.60683345839673|33|0.5335404078302038|1.2307692307692308|ResearchDevelopment09,15
1550|17.60683345839673|33|0.5335404078302038|1.2307692307692308|ResearchDevelopment09,15
1555|17.60683345839673|33|0.5335404078302038|1.2307692307692308|ResearchDevelopment09,15
1560|17.60683345839673|33|0.5335404078302038|1.2307692307692308|ResearchDevelopment09,15
1565|17.60683345839673|33|0.5335404078302038|1.2307692307692308|ResearchDevelopment09,15
1570|17.60683345839673|33|0.5335404078302038|1.2307692307692308|ResearchDevelopment09,15
1575|17.60683345839673|33|0.5335404078302038|1.2307692307692308|ResearchDevelopment09,15
1580|17.60683345839673|33|0.5335404078302038|1.2307692307692308|ResearchDevelopment09,15
1585|17.60683345839673|33|0.5335404078302038|1.2307692307692308|ResearchDevelopment09,15
1590|17.60683345839673|33|0.5335404078302038|1.2307692307692308|ResearchDevelopment09,15
1595|17.60683345839673|33|0.5335404078302038|1.2307692307692308|ResearchDevelopment09,15
1600|17.60683345839673|33|0.5335404078302038|1.2307692307692308|ResearchDevelopment09,15
1605|17.60683345839673|33|0.5335404078302038|1.2307692307692308|ResearchDevelopment09,15
1610|17.60683345839673|33|0.5335404078302038|1.2307692307692308|ResearchDevelopment09,15
1615|17.60683345839673|33|0.5335404078302038|1.2307692307692308|ResearchDevelopment09,15
1620|17.60683345839673|33|0.5335404078302038|1.2307692307692308|ResearchDevelopment09,15
1625|17.60683345839673|33|0.5335404078302038|1.2307692307692308|ResearchDevelopment09,15
1630|17.60683345839673|33|0.5335404078302038|1.2307692307692308|ResearchDevelopment09,15
1635|17.60683345839673|33|0.5335404078302038|1.2307692307692308|ResearchDevelopment09,15
1640|17.60683345839673|33|0.5335404078302038|1.2307692307692308|ResearchDevelopment09,15
1645|17.60683345839673|33|0.5335404078302038|1.2307692307692308|ResearchDevelopment09,15
1650|17.60683345839673|33|0.5335404078302038|1.2307692307692308|ResearchDevelopment09,15
1655|17.60683345839673|33|0.5335404078302038|1.2307692307692308|ResearchDevelopment09,15
1660|17.60683345839673|33|0.5335404078302038|1.2307692307692308|ResearchDevelopment09,15
1665|17.60683345839673|33|0.5335404078302038|1.2307692307692308|ResearchDevelopment09,15
1670|17.60683345839673|33|0.5335404078302038|1.2307692307692308|ResearchDevelopment09,15
1675|17.60683345839673|33|0.5335404078302038|1.2307692307692308|ResearchDevelopment09,15
1680|17.60683345839673|33|0.5335404078302038|1.2307692307692308|ResearchDevelopment09,15
1685|17.60683345839673|33|0.5335404078302038|1.2307692307692308|ResearchDevelopment09,15
1690|17.60683345839673|33|0.5335404078302038|1.2307692307692308|ResearchDevelopment09,15
1695|17.60683345839673|33|0.5335404078302038|1.2307692307692308|ResearchDevelopment09,15
1700|17.60683345839673|33|0.5335404078302038|1.2307692307692308|ResearchDevelopment09,15
1705|17.60683345839673|33|0.5335404078302038|1.2307692307692308|ResearchDevelopment09,15
1710|17.60683345839673|33|0.5335404078302038|1.2307692307692308|ResearchDevelopment09,15
1715|17.60683345839673|33|0.5335404078302038|1.2307692307692308|ResearchDevelopment09,15
1720|17.60683345839673|33|0.5335404078302038|1.2307692307692308|ResearchDevelopment09,15
1725|17.60683345839673|33|0.5335404078302038|1.2307692307692308|ResearchDevelopment09,15
1730|17.60683345839673|33|0.5335404078302038|1.2307692307692308|ResearchDevelopment09,15
1735|17.60683345839673|33|0.5335404078302038|1.2307692307692308|ResearchDevelopment09,15
1740|17.60683345839673|33|0.5335404078302038|1.2307692307692308|ResearchDevelopment09,15
1745|17.60683345839673|33|0.5335404078302038|1.2307692307692308|ResearchDevelopment09,15
1750|17.60683345839673|33|0.5335404078302038|1.2307692307692308|ResearchDevelopment09,15
1755|17.60683345839673|33|0.5335404078302038|1.2307692307692308|ResearchDevelopment09,15
1760|17.60683345839673|33|0.5335404078302038|1.2307692307692308|ResearchDevelopment09,15
1765|17.60683345839673|33|0.5335404078302038|1.2307692307692308|ResearchDevelopment09,15
1770|17.60683345839673|33|0.5335404078302038|1.2307692307692308|ResearchDevelopment09,15
1775|17.60683345839673|33|0.5335404078302038|1.2307692307692308|ResearchDevelopment09,15
1780|17.60683345839673|33|0.5335404078302038|1.2307692307692308|ResearchDevelopment09,15
1785|17.60683345839673|33|0.5335404078302038|1.2307692307692308|ResearchDevelopment09,15
1790|17.60683345839673|33|0.5335404078302038|1.2307692307692308|ResearchDevelopment09,15
1795|17.60683345839673|33|0.5335404078302038|1.2307692307692308|ResearchDevelopment09,15
1800|17.60683345839673|33|0.5335404078302038|1.2307692307692308|ResearchDevelopment09,15
1805|17.60683345839673|33|0.5335404078302038|1.2307692307692308|ResearchDevelopment09,15
1810|17.60683345839673|33|0.5335404078302038|1.2307692307692308|ResearchDevelopment09,15
1815|17.60683345839673|33|0.5335404078302038|1.2307692307692308|ResearchDevelopment09,15
1820|17.60683345839673|33|0.5335404078302038|1.2307692307692308|ResearchDevelopment09,15
1825|17.60683345839673|33|0.5335404078302038|1.2307692307692308|ResearchDevelopment09,15
1830|17.60683345839673|33|0.5335404078302038|1.2307692307692308|ResearchDevelopment09,15
1835|17.60683345839673|33|0.5335404078302038|1.2307692307692308|ResearchDevelopment09,15
1840|17.60683345839673|33|0.5335404078302038|1.2307692307692308|ResearchDevelopment09,15
1845|17.60683345839673|33|0.5335404078302038|1.2307692307692308|ResearchDevelopment09,15
1850|17.60683345839673|33|0.5335404078302038|1.2307692307692308|ResearchDevelopment09,15
1855|17.60683345839673|33|0.5335404078302038|1.2307692307692308|ResearchDevelopment09,15
1860|17.60683345839673|33|0.5335404078302038|1.2307692307692308|ResearchDevelopment09,15
1865|17.60683345839673|33|0.5335404078302038|1.2307692307692308|ResearchDevelopment09,15
1870|17.60683345839673|33|0.5335404078302038|1.2307692307692308|ResearchDevelopment09,15
1875|17.60683345839673|33|0.5335404078302038|1.2307692307692308|ResearchDevelopment09,15
1880|17.60683345839673|33|0.5335404078302038|1.2307692307692308|ResearchDevelopment09,15
1885|17.60683345839673|33|0.5335404078302038|1.2307692307692308|ResearchDevelopment09,15
1890|17.60683345839673|33|0.5335404078302038|1.2307692307692308|ResearchDevelopment09,15
1895|17.60683345839673|33|0.5335404078302038|1.2307692307692308|ResearchDevelopment09,15
1900|17.60683345839673|33|0.5335404078302038|1.2307692307692308|ResearchDevelopment09,15
1905|17.60683345839673|33|0.5335404078302038|1.2307692307692308|ResearchDevelopment09,15
1910|17.60683345839673|33|0.5335404078302038|1.2307692307692308|ResearchDevelopment09,15
1915|17.60683345839673|33|0.5335404078302038|1.2307692307692308|ResearchDevelopment09,15
1920|17.60683345839673|33|0.5335404078302038|1.2307692307692308|ResearchDevelopment09,15
1925|17.60683345839673|33|0.5335404078302038|1.2307692307692308|ResearchDevelopment09,15
1930|17.60683345839673|33|0.5335404078302038|1.2307692307692308|ResearchDevelopment09,15
1935|17.60683345839673|33|0.5335404078302038|1.2307692307692308|ResearchDevelopment09,15
1940|17.60683345839673|33|0.5335404078302038|1.2307692307692308|ResearchDevelopment09,15
1945|17.60683345839673|33|0.5335404078302038|1.2307692307692308|ResearchDevelopment09,15
1950|17.60683345839673|33|0.5335404078302038|1.2307692307692308|ResearchDevelopment09,15
1955|17.60683345839673|33|0.5335404078302038|1.2307692307692308|ResearchDevelopment09,15
1960|17.60683345839673|33|0.5335404078302038|1.2307692307692308|ResearchDevelopment09,15
1965|17.60683345839673|33|0.5335404078302038|1.2307692307692308|ResearchDevelopment09,15
1970|17.60683345839673|33|0.5335404078302038|1.2307692307692308|ResearchDevelopment09,15
1975|17.60683345839673|33|0.5335404078302038|1.2307692307692308|ResearchDevelopment09,15
1980|17.60683345839673|33|0.5335404078302038|1.2307692307692308|ResearchDevelopment09,15
1985|17.60683345839673|33|0.5335404078302038|1.2307692307692308|ResearchDevelopment09,15
1990|17.60683345839673|33|0.5335404078302038|1.2307692307692308|ResearchDevelopment09,15
1995|17.60683345839673|33|0.5335404078302038|1.2307692307692308|ResearchDevelopment09,15
2000|17.60683345839673|33|0.5335404078302038|1.2307692307692308|ResearchDevelopment09,15
