#########################################################
# Algorithm Parameters #
# Generations = 2000
# Population size = 100
# Resolution = 5
#########################################################
# Financial Parameters #
# Quarter = 4
# Crossover probabilities = 0.75 -> 0.25
# Mutation start probabilities = 0.9,0.0,0.6,0.5,0.6,0.9
# Mutation end probabilities = 0.4,0.4,0.1,0.1,0.1,0.4
######################################################### 
0|7.198258740757378|9|0.7998065267508198|1.0|ReturnOnEquity09,21
5|11.446541007721308|7|1.6352201439601868|1.0|BookValuePerShare10,10
10|11.446541007721308|7|1.6352201439601868|1.0|BookValuePerShare10,10
15|11.933901110639344|13|0.9179923931261034|1.0|BookValuePerShare10,10
20|12.70696248951803|11|1.1551784081380028|1.0|BookValuePerShare10,10
25|12.81120228859344|23|0.5570087951562366|1.1|CapExSales10,28
30|13.036617210734423|29|0.44953852450808357|1.1666666666666667|CapExSales10,28
35|13.036617210734423|25|0.521464688429377|1.2|CapExSales10,28
40|13.036617210734423|25|0.521464688429377|1.2|CapExSales10,28
45|13.557611135291797|27|0.502133745751548|1.1818181818181819|CapExSales10,28
50|15.03720835878032|31|0.48507123738001034|1.1538461538461537|CapExSales10,28
55|15.03720835878032|31|0.48507123738001034|1.1538461538461537|CapExSales10,28
60|15.03720835878032|31|0.48507123738001034|1.1538461538461537|CapExSales10,28
65|15.262623280921305|33|0.4625037357854941|1.1428571428571428|CapExSales10,28
70|15.262623280921305|33|0.4625037357854941|1.1428571428571428|CapExSales10,28
75|15.262623280921305|33|0.4625037357854941|1.1428571428571428|CapExSales10,28
80|15.262623280921305|31|0.49234268648133245|1.1538461538461537|CapExSales10,28
85|15.262623280921305|31|0.49234268648133245|1.1538461538461537|CapExSales10,28
90|15.262623280921305|31|0.49234268648133245|1.1538461538461537|CapExSales10,28
95|15.262623280921305|31|0.49234268648133245|1.1538461538461537|CapExSales10,28
100|15.262623280921305|31|0.49234268648133245|1.1538461538461537|CapExSales10,28
105|15.262623280921305|31|0.49234268648133245|1.1538461538461537|CapExSales10,28
110|15.262623280921305|31|0.49234268648133245|1.1538461538461537|CapExSales10,28
115|15.262623280921305|31|0.49234268648133245|1.1538461538461537|CapExSales10,28
120|15.262623280921305|31|0.49234268648133245|1.1538461538461537|CapExSales10,28
125|15.262623280921305|31|0.49234268648133245|1.1538461538461537|CapExSales10,28
130|15.262623280921305|31|0.49234268648133245|1.1538461538461537|CapExSales10,28
135|15.262623280921305|31|0.49234268648133245|1.1538461538461537|CapExSales10,28
140|15.262623280921305|31|0.49234268648133245|1.1538461538461537|CapExSales10,28
145|15.262623280921305|31|0.49234268648133245|1.1538461538461537|CapExSales10,28
150|15.262623280921305|31|0.49234268648133245|1.1538461538461537|CapExSales10,28
155|15.262623280921305|29|0.5262973545145277|1.1666666666666667|OperatingMargin09,3
160|15.26556650739016|33|0.46259292446636846|1.1428571428571428|OperatingMargin09,3
165|15.26556650739016|33|0.46259292446636846|1.1428571428571428|OperatingMargin09,3
170|15.349545722534423|33|0.4651377491677098|1.1428571428571428|CapExSales10,28
175|15.349545722534423|33|0.4651377491677098|1.1428571428571428|CapExSales10,28
180|15.349545722534423|33|0.4651377491677098|1.1428571428571428|CapExSales10,28
185|15.349545722534423|33|0.4651377491677098|1.1428571428571428|CapExSales10,28
190|15.349545722534423|33|0.4651377491677098|1.1428571428571428|CapExSales10,28
195|15.349545722534423|33|0.4651377491677098|1.1428571428571428|CapExSales10,28
200|15.349545722534423|33|0.4651377491677098|1.1428571428571428|CapExSales10,28
205|15.47240076126229|35|0.44206859317892255|1.1333333333333333|CapExSales10,28
210|15.47240076126229|35|0.44206859317892255|1.1333333333333333|CapExSales10,28
215|15.47240076126229|35|0.44206859317892255|1.1333333333333333|CapExSales10,28
220|15.697815683403274|39|0.4025080944462378|1.1875|CapExSales10,28
225|15.697815683403274|39|0.4025080944462378|1.1875|CapExSales10,28
230|15.697815683403274|35|0.44850901952580785|1.1333333333333333|CapExSales10,28
235|16.010907158072126|43|0.3723466780947006|1.2352941176470589|ResearchDevelopment09,15
240|16.182824655373768|37|0.43737363933442613|1.125|CapExSales10,28
245|16.182824655373768|37|0.43737363933442613|1.125|CapExSales10,28
250|16.362319156898355|39|0.4195466450486758|1.1176470588235294|CapExSales10,28
255|16.49591613004262|45|0.3665759140009471|1.2941176470588236|ResearchDevelopment09,15
260|16.49591613004262|45|0.3665759140009471|1.2941176470588236|ResearchDevelopment09,15
265|16.49591613004262|45|0.3665759140009471|1.2941176470588236|ResearchDevelopment09,15
270|16.49591613004262|43|0.38362595651261905|1.4|ResearchDevelopment09,15
275|16.49591613004262|41|0.40233941780591753|1.25|ResearchDevelopment09,15
280|16.49591613004262|41|0.40233941780591753|1.25|ResearchDevelopment09,15
285|16.49591613004262|41|0.40233941780591753|1.25|ResearchDevelopment09,15
290|16.49591613004262|41|0.40233941780591753|1.25|ResearchDevelopment09,15
295|16.49591613004262|39|0.4229722084626313|1.3571428571428572|ResearchDevelopment09,15
300|16.49591613004262|39|0.4229722084626313|1.3571428571428572|ResearchDevelopment09,15
305|16.49591613004262|39|0.4229722084626313|1.3571428571428572|ResearchDevelopment09,15
310|16.49591613004262|39|0.4229722084626313|1.3571428571428572|ResearchDevelopment09,15
315|16.49591613004262|37|0.445835571082233|1.125|ReturnOnInvestedCapitalChange,26
320|16.49591613004262|37|0.445835571082233|1.125|ReturnOnInvestedCapitalChange,26
325|16.49591613004262|37|0.445835571082233|1.125|ReturnOnInvestedCapitalChange,26
330|16.552678278036062|41|0.40372386043990394|1.3333333333333333|ResearchDevelopment09,15
335|16.745726956124585|43|0.3894355106075485|1.3125|ResearchDevelopment09,15
340|16.745726956124585|43|0.3894355106075485|1.3125|ResearchDevelopment09,15
345|16.745726956124585|43|0.3894355106075485|1.3125|ResearchDevelopment09,15
350|16.745726956124585|43|0.3894355106075485|1.3125|ResearchDevelopment09,15
355|16.745726956124585|43|0.3894355106075485|1.3125|ResearchDevelopment09,15
360|16.745726956124585|43|0.3894355106075485|1.3125|ResearchDevelopment09,15
365|16.745726956124585|43|0.3894355106075485|1.3125|ResearchDevelopment09,15
370|16.745726956124585|43|0.3894355106075485|1.3125|ResearchDevelopment09,15
375|16.745726956124585|43|0.3894355106075485|1.3125|ResearchDevelopment09,15
380|16.745726956124585|41|0.40843236478352646|1.3333333333333333|ResearchDevelopment09,15
385|16.745726956124585|41|0.40843236478352646|1.3333333333333333|ResearchDevelopment09,15
390|17.03423626102623|43|0.3961450293261914|1.2352941176470589|ResearchDevelopment09,15
395|17.03423626102623|43|0.3961450293261914|1.2352941176470589|ResearchDevelopment09,15
400|17.03423626102623|41|0.41546917709820075|1.1764705882352942|ResearchDevelopment09,15
405|17.03423626102623|41|0.41546917709820075|1.1764705882352942|ResearchDevelopment09,15
410|17.03423626102623|41|0.41546917709820075|1.1764705882352942|ResearchDevelopment09,15
415|17.03423626102623|41|0.41546917709820075|1.1764705882352942|ResearchDevelopment09,15
420|17.03423626102623|41|0.41546917709820075|1.1764705882352942|ResearchDevelopment09,15
425|17.03423626102623|39|0.4367752887442623|1.1875|ResearchDevelopment09,15
430|17.03423626102623|39|0.4367752887442623|1.1875|ResearchDevelopment09,15
435|17.03423626102623|39|0.4367752887442623|1.1875|ResearchDevelopment09,15
440|17.03423626102623|39|0.4367752887442623|1.1875|ResearchDevelopment09,15
445|17.03423626102623|39|0.4367752887442623|1.1875|ResearchDevelopment09,15
450|17.03423626102623|37|0.4603847638115197|1.2|ResearchDevelopment09,15
455|17.03423626102623|37|0.4603847638115197|1.2|ResearchDevelopment09,15
460|17.03423626102623|37|0.4603847638115197|1.2|ResearchDevelopment09,15
465|17.03423626102623|35|0.48669246460074944|1.2142857142857142|ResearchDevelopment09,15
470|17.03423626102623|35|0.48669246460074944|1.2142857142857142|ResearchDevelopment09,15
475|17.03423626102623|35|0.48669246460074944|1.2142857142857142|ResearchDevelopment09,15
480|17.03423626102623|35|0.48669246460074944|1.2142857142857142|ResearchDevelopment09,15
485|17.03423626102623|35|0.48669246460074944|1.2142857142857142|ResearchDevelopment09,15
490|17.03423626102623|35|0.48669246460074944|1.2142857142857142|ResearchDevelopment09,15
495|17.03423626102623|35|0.48669246460074944|1.2142857142857142|ResearchDevelopment09,15
500|17.03423626102623|35|0.48669246460074944|1.2142857142857142|ResearchDevelopment09,15
505|17.03423626102623|35|0.48669246460074944|1.2142857142857142|ResearchDevelopment09,15
510|17.03423626102623|35|0.48669246460074944|1.2142857142857142|ResearchDevelopment09,15
515|17.03423626102623|33|0.5161889776068554|1.1428571428571428|ResearchDevelopment09,15
520|17.03423626102623|33|0.5161889776068554|1.1428571428571428|ResearchDevelopment09,15
525|17.03423626102623|33|0.5161889776068554|1.1428571428571428|ResearchDevelopment09,15
530|17.21373076255082|33|0.5216282049257824|1.2307692307692308|ResearchDevelopment09,15
535|17.21373076255082|33|0.5216282049257824|1.2307692307692308|ResearchDevelopment09,15
540|17.21373076255082|33|0.5216282049257824|1.2307692307692308|ResearchDevelopment09,15
545|17.21373076255082|33|0.5216282049257824|1.2307692307692308|ResearchDevelopment09,15
550|17.21373076255082|33|0.5216282049257824|1.2307692307692308|ResearchDevelopment09,15
555|17.21373076255082|33|0.5216282049257824|1.2307692307692308|ResearchDevelopment09,15
560|17.21373076255082|31|0.5552816375016394|1.1538461538461537|ResearchDevelopment09,15
565|17.21373076255082|31|0.5552816375016394|1.1538461538461537|ResearchDevelopment09,15
570|17.21373076255082|31|0.5552816375016394|1.1538461538461537|ResearchDevelopment09,15
575|17.21373076255082|31|0.5552816375016394|1.1538461538461537|ResearchDevelopment09,15
580|17.21373076255082|31|0.5552816375016394|1.1538461538461537|ResearchDevelopment09,15
585|17.21373076255082|31|0.5552816375016394|1.1538461538461537|ResearchDevelopment09,15
590|17.21373076255082|31|0.5552816375016394|1.1538461538461537|ResearchDevelopment09,15
595|17.21373076255082|31|0.5552816375016394|1.1538461538461537|ResearchDevelopment09,15
600|17.21373076255082|31|0.5552816375016394|1.1538461538461537|ResearchDevelopment09,15
605|17.21373076255082|31|0.5552816375016394|1.1538461538461537|ResearchDevelopment09,15
610|17.21373076255082|31|0.5552816375016394|1.1538461538461537|ResearchDevelopment09,15
615|17.21373076255082|31|0.5552816375016394|1.1538461538461537|ResearchDevelopment09,15
620|17.21373076255082|31|0.5552816375016394|1.1538461538461537|ResearchDevelopment09,15
625|17.21373076255082|31|0.5552816375016394|1.1538461538461537|ResearchDevelopment09,15
630|17.21373076255082|31|0.5552816375016394|1.1538461538461537|ResearchDevelopment09,15
635|17.21373076255082|31|0.5552816375016394|1.1538461538461537|ResearchDevelopment09,15
640|17.21373076255082|31|0.5552816375016394|1.1538461538461537|ResearchDevelopment09,15
645|17.21373076255082|31|0.5552816375016394|1.1538461538461537|ResearchDevelopment09,15
650|17.21373076255082|31|0.5552816375016394|1.1538461538461537|ResearchDevelopment09,15
655|17.21373076255082|31|0.5552816375016394|1.1538461538461537|ResearchDevelopment09,15
660|17.21373076255082|31|0.5552816375016394|1.1538461538461537|ResearchDevelopment09,15
665|17.21373076255082|31|0.5552816375016394|1.1538461538461537|ResearchDevelopment09,15
670|17.21373076255082|31|0.5552816375016394|1.1538461538461537|ResearchDevelopment09,15
675|17.347426885885245|33|0.5256796026025832|1.1428571428571428|ResearchDevelopment09,15
680|17.347426885885245|33|0.5256796026025832|1.1428571428571428|ResearchDevelopment09,15
685|17.347426885885245|33|0.5256796026025832|1.1428571428571428|ResearchDevelopment09,15
690|17.347426885885245|33|0.5256796026025832|1.1428571428571428|ResearchDevelopment09,15
695|17.347426885885245|33|0.5256796026025832|1.1428571428571428|ResearchDevelopment09,15
700|17.347426885885245|33|0.5256796026025832|1.1428571428571428|ResearchDevelopment09,15
705|17.347426885885245|33|0.5256796026025832|1.1428571428571428|ResearchDevelopment09,15
710|17.347426885885245|33|0.5256796026025832|1.1428571428571428|ResearchDevelopment09,15
715|17.347426885885245|33|0.5256796026025832|1.1428571428571428|ResearchDevelopment09,15
720|17.347426885885245|33|0.5256796026025832|1.1428571428571428|ResearchDevelopment09,15
725|17.347426885885245|33|0.5256796026025832|1.1428571428571428|ResearchDevelopment09,15
730|17.347426885885245|33|0.5256796026025832|1.1428571428571428|ResearchDevelopment09,15
735|17.347426885885245|33|0.5256796026025832|1.1428571428571428|ResearchDevelopment09,15
740|17.347426885885245|33|0.5256796026025832|1.1428571428571428|ResearchDevelopment09,15
745|17.347426885885245|33|0.5256796026025832|1.1428571428571428|ResearchDevelopment09,15
750|17.347426885885245|33|0.5256796026025832|1.1428571428571428|ResearchDevelopment09,15
755|17.347426885885245|33|0.5256796026025832|1.1428571428571428|ResearchDevelopment09,15
760|17.347426885885245|33|0.5256796026025832|1.1428571428571428|ResearchDevelopment09,15
765|17.347426885885245|33|0.5256796026025832|1.1428571428571428|ResearchDevelopment09,15
770|17.347426885885245|33|0.5256796026025832|1.1428571428571428|ResearchDevelopment09,15
775|17.347426885885245|33|0.5256796026025832|1.1428571428571428|ResearchDevelopment09,15
780|17.347426885885245|33|0.5256796026025832|1.1428571428571428|ResearchDevelopment09,15
785|17.347426885885245|33|0.5256796026025832|1.1428571428571428|ResearchDevelopment09,15
790|17.347426885885245|33|0.5256796026025832|1.1428571428571428|ResearchDevelopment09,15
795|17.347426885885245|33|0.5256796026025832|1.1428571428571428|ResearchDevelopment09,15
800|17.347426885885245|33|0.5256796026025832|1.1428571428571428|ResearchDevelopment09,15
805|17.347426885885245|33|0.5256796026025832|1.1428571428571428|ResearchDevelopment09,15
810|17.347426885885245|33|0.5256796026025832|1.1428571428571428|ResearchDevelopment09,15
815|17.347426885885245|33|0.5256796026025832|1.1428571428571428|ResearchDevelopment09,15
820|17.509896274308197|35|0.5002827506945199|1.1333333333333333|ResearchDevelopment09,15
825|17.509896274308197|35|0.5002827506945199|1.1333333333333333|ResearchDevelopment09,15
830|17.509896274308197|35|0.5002827506945199|1.1333333333333333|ResearchDevelopment09,15
835|17.509896274308197|35|0.5002827506945199|1.1333333333333333|ResearchDevelopment09,15
840|17.509896274308197|35|0.5002827506945199|1.1333333333333333|ResearchDevelopment09,15
845|17.509896274308197|35|0.5002827506945199|1.1333333333333333|ResearchDevelopment09,15
850|17.509896274308197|35|0.5002827506945199|1.1333333333333333|ResearchDevelopment09,15
855|17.509896274308197|35|0.5002827506945199|1.1333333333333333|ResearchDevelopment09,15
860|17.509896274308197|35|0.5002827506945199|1.1333333333333333|ResearchDevelopment09,15
865|17.509896274308197|35|0.5002827506945199|1.1333333333333333|ResearchDevelopment09,15
870|17.509896274308197|35|0.5002827506945199|1.1333333333333333|ResearchDevelopment09,15
875|17.509896274308197|35|0.5002827506945199|1.1333333333333333|ResearchDevelopment09,15
880|17.529027936013115|37|0.4737575117841383|1.2|CapExSalesChange,29
885|17.529027936013115|37|0.4737575117841383|1.2|CapExSalesChange,29
890|17.529027936013115|37|0.4737575117841383|1.2|CapExSalesChange,29
895|17.529027936013115|35|0.5008293696003747|1.1333333333333333|ResearchDevelopment09,15
900|17.529027936013115|35|0.5008293696003747|1.1333333333333333|ResearchDevelopment09,15
905|17.529027936013115|35|0.5008293696003747|1.1333333333333333|ResearchDevelopment09,15
910|17.529027936013115|35|0.5008293696003747|1.1333333333333333|ResearchDevelopment09,15
915|17.529027936013115|35|0.5008293696003747|1.1333333333333333|ResearchDevelopment09,15
920|17.529027936013115|35|0.5008293696003747|1.1333333333333333|ResearchDevelopment09,15
925|17.529027936013115|35|0.5008293696003747|1.1333333333333333|ResearchDevelopment09,15
930|17.529027936013115|35|0.5008293696003747|1.1333333333333333|ResearchDevelopment09,15
935|17.529027936013115|35|0.5008293696003747|1.1333333333333333|ResearchDevelopment09,15
940|17.529027936013115|35|0.5008293696003747|1.1333333333333333|ResearchDevelopment09,15
945|17.529027936013115|35|0.5008293696003747|1.1333333333333333|ResearchDevelopment09,15
950|17.529027936013115|35|0.5008293696003747|1.1333333333333333|ResearchDevelopment09,15
955|17.529027936013115|35|0.5008293696003747|1.1333333333333333|ResearchDevelopment09,15
960|17.529027936013115|35|0.5008293696003747|1.1333333333333333|ResearchDevelopment09,15
965|17.529027936013115|35|0.5008293696003747|1.1333333333333333|ResearchDevelopment09,15
970|17.529027936013115|35|0.5008293696003747|1.1333333333333333|ResearchDevelopment09,15
975|17.529027936013115|35|0.5008293696003747|1.1333333333333333|ResearchDevelopment09,15
980|17.529027936013115|35|0.5008293696003747|1.1333333333333333|ResearchDevelopment09,15
985|17.529027936013115|35|0.5008293696003747|1.1333333333333333|ResearchDevelopment09,15
990|17.529027936013115|35|0.5008293696003747|1.1333333333333333|ResearchDevelopment09,15
995|17.529027936013115|35|0.5008293696003747|1.1333333333333333|ResearchDevelopment09,15
1000|17.529027936013115|35|0.5008293696003747|1.1333333333333333|ResearchDevelopment09,15
1005|17.529027936013115|35|0.5008293696003747|1.1333333333333333|ResearchDevelopment09,15
1010|17.529027936013115|35|0.5008293696003747|1.1333333333333333|ResearchDevelopment09,15
1015|17.529027936013115|35|0.5008293696003747|1.1333333333333333|ResearchDevelopment09,15
1020|17.529027936013115|35|0.5008293696003747|1.1333333333333333|ResearchDevelopment09,15
1025|17.529027936013115|35|0.5008293696003747|1.1333333333333333|ResearchDevelopment09,15
1030|17.529027936013115|35|0.5008293696003747|1.1333333333333333|ResearchDevelopment09,15
1035|17.529027936013115|35|0.5008293696003747|1.1333333333333333|ResearchDevelopment09,15
1040|17.529027936013115|35|0.5008293696003747|1.1333333333333333|ResearchDevelopment09,15
1045|17.529027936013115|35|0.5008293696003747|1.1333333333333333|ResearchDevelopment09,15
1050|17.529027936013115|35|0.5008293696003747|1.1333333333333333|ResearchDevelopment09,15
1055|17.529027936013115|35|0.5008293696003747|1.1333333333333333|ResearchDevelopment09,15
1060|17.529027936013115|35|0.5008293696003747|1.1333333333333333|ResearchDevelopment09,15
1065|17.529027936013115|35|0.5008293696003747|1.1333333333333333|ResearchDevelopment09,15
1070|17.529027936013115|35|0.5008293696003747|1.1333333333333333|ResearchDevelopment09,15
1075|17.529027936013115|35|0.5008293696003747|1.1333333333333333|ResearchDevelopment09,15
1080|17.529027936013115|35|0.5008293696003747|1.1333333333333333|ResearchDevelopment09,15
1085|17.529027936013115|35|0.5008293696003747|1.1333333333333333|ResearchDevelopment09,15
1090|17.529027936013115|35|0.5008293696003747|1.1333333333333333|ResearchDevelopment09,15
1095|17.529027936013115|35|0.5008293696003747|1.1333333333333333|ResearchDevelopment09,15
1100|17.529027936013115|35|0.5008293696003747|1.1333333333333333|ResearchDevelopment09,15
1105|17.529027936013115|35|0.5008293696003747|1.1333333333333333|ResearchDevelopment09,15
1110|17.529027936013115|35|0.5008293696003747|1.1333333333333333|ResearchDevelopment09,15
1115|17.529027936013115|35|0.5008293696003747|1.1333333333333333|ResearchDevelopment09,15
1120|17.529027936013115|35|0.5008293696003747|1.1333333333333333|ResearchDevelopment09,15
1125|17.529027936013115|35|0.5008293696003747|1.1333333333333333|ResearchDevelopment09,15
1130|17.529027936013115|35|0.5008293696003747|1.1333333333333333|ResearchDevelopment09,15
1135|17.529027936013115|35|0.5008293696003747|1.1333333333333333|ResearchDevelopment09,15
1140|17.529027936013115|35|0.5008293696003747|1.1333333333333333|ResearchDevelopment09,15
1145|17.529027936013115|35|0.5008293696003747|1.1333333333333333|ResearchDevelopment09,15
1150|17.529027936013115|35|0.5008293696003747|1.1333333333333333|ResearchDevelopment09,15
1155|17.529027936013115|35|0.5008293696003747|1.1333333333333333|ResearchDevelopment09,15
1160|17.529027936013115|35|0.5008293696003747|1.1333333333333333|ResearchDevelopment09,15
1165|17.529027936013115|35|0.5008293696003747|1.1333333333333333|ResearchDevelopment09,15
1170|17.529027936013115|35|0.5008293696003747|1.1333333333333333|ResearchDevelopment09,15
1175|17.529027936013115|35|0.5008293696003747|1.1333333333333333|ResearchDevelopment09,15
1180|17.529027936013115|35|0.5008293696003747|1.1333333333333333|ResearchDevelopment09,15
1185|17.529027936013115|35|0.5008293696003747|1.1333333333333333|ResearchDevelopment09,15
1190|17.529027936013115|35|0.5008293696003747|1.1333333333333333|ResearchDevelopment09,15
1195|17.529027936013115|35|0.5008293696003747|1.1333333333333333|ResearchDevelopment09,15
1200|17.529027936013115|35|0.5008293696003747|1.1333333333333333|ResearchDevelopment09,15
1205|17.529027936013115|35|0.5008293696003747|1.1333333333333333|ResearchDevelopment09,15
1210|17.529027936013115|35|0.5008293696003747|1.1333333333333333|ResearchDevelopment09,15
1215|17.529027936013115|35|0.5008293696003747|1.1333333333333333|ResearchDevelopment09,15
1220|17.529027936013115|35|0.5008293696003747|1.1333333333333333|ResearchDevelopment09,15
1225|17.529027936013115|35|0.5008293696003747|1.1333333333333333|ResearchDevelopment09,15
1230|17.529027936013115|35|0.5008293696003747|1.1333333333333333|ResearchDevelopment09,15
1235|17.529027936013115|35|0.5008293696003747|1.1333333333333333|ResearchDevelopment09,15
1240|17.529027936013115|35|0.5008293696003747|1.1333333333333333|ResearchDevelopment09,15
1245|17.529027936013115|35|0.5008293696003747|1.1333333333333333|ResearchDevelopment09,15
1250|17.529027936013115|35|0.5008293696003747|1.1333333333333333|ResearchDevelopment09,15
1255|17.529027936013115|35|0.5008293696003747|1.1333333333333333|ResearchDevelopment09,15
1260|17.529027936013115|35|0.5008293696003747|1.1333333333333333|ResearchDevelopment09,15
1265|17.529027936013115|35|0.5008293696003747|1.1333333333333333|ResearchDevelopment09,15
1270|17.529027936013115|35|0.5008293696003747|1.1333333333333333|ResearchDevelopment09,15
1275|17.529027936013115|35|0.5008293696003747|1.1333333333333333|ResearchDevelopment09,15
1280|17.529027936013115|35|0.5008293696003747|1.1333333333333333|ResearchDevelopment09,15
1285|17.529027936013115|35|0.5008293696003747|1.1333333333333333|ResearchDevelopment09,15
1290|17.529027936013115|35|0.5008293696003747|1.1333333333333333|ResearchDevelopment09,15
1295|17.529027936013115|35|0.5008293696003747|1.1333333333333333|ResearchDevelopment09,15
1300|17.529027936013115|35|0.5008293696003747|1.1333333333333333|ResearchDevelopment09,15
1305|17.529027936013115|35|0.5008293696003747|1.1333333333333333|ResearchDevelopment09,15
1310|17.529027936013115|35|0.5008293696003747|1.1333333333333333|ResearchDevelopment09,15
1315|17.529027936013115|35|0.5008293696003747|1.1333333333333333|ResearchDevelopment09,15
1320|17.529027936013115|35|0.5008293696003747|1.1333333333333333|ResearchDevelopment09,15
1325|17.529027936013115|35|0.5008293696003747|1.1333333333333333|ResearchDevelopment09,15
1330|17.529027936013115|35|0.5008293696003747|1.1333333333333333|ResearchDevelopment09,15
1335|17.529027936013115|35|0.5008293696003747|1.1333333333333333|ResearchDevelopment09,15
1340|17.529027936013115|35|0.5008293696003747|1.1333333333333333|ResearchDevelopment09,15
1345|17.529027936013115|35|0.5008293696003747|1.1333333333333333|ResearchDevelopment09,15
1350|17.529027936013115|35|0.5008293696003747|1.1333333333333333|ResearchDevelopment09,15
1355|17.529027936013115|35|0.5008293696003747|1.1333333333333333|ResearchDevelopment09,15
1360|17.529027936013115|35|0.5008293696003747|1.1333333333333333|ResearchDevelopment09,15
1365|17.529027936013115|35|0.5008293696003747|1.1333333333333333|ResearchDevelopment09,15
1370|17.529027936013115|35|0.5008293696003747|1.1333333333333333|ResearchDevelopment09,15
1375|17.529027936013115|35|0.5008293696003747|1.1333333333333333|ResearchDevelopment09,15
1380|17.529027936013115|35|0.5008293696003747|1.1333333333333333|ResearchDevelopment09,15
1385|17.529027936013115|35|0.5008293696003747|1.1333333333333333|ResearchDevelopment09,15
1390|17.529027936013115|35|0.5008293696003747|1.1333333333333333|ResearchDevelopment09,15
1395|17.529027936013115|35|0.5008293696003747|1.1333333333333333|ResearchDevelopment09,15
1400|17.529027936013115|35|0.5008293696003747|1.1333333333333333|ResearchDevelopment09,15
1405|17.529027936013115|35|0.5008293696003747|1.1333333333333333|ResearchDevelopment09,15
1410|17.529027936013115|35|0.5008293696003747|1.1333333333333333|ResearchDevelopment09,15
1415|17.529027936013115|35|0.5008293696003747|1.1333333333333333|ResearchDevelopment09,15
1420|17.529027936013115|35|0.5008293696003747|1.1333333333333333|ResearchDevelopment09,15
1425|17.529027936013115|35|0.5008293696003747|1.1333333333333333|ResearchDevelopment09,15
1430|17.529027936013115|35|0.5008293696003747|1.1333333333333333|ResearchDevelopment09,15
1435|17.529027936013115|35|0.5008293696003747|1.1333333333333333|ResearchDevelopment09,15
1440|17.529027936013115|35|0.5008293696003747|1.1333333333333333|ResearchDevelopment09,15
1445|17.529027936013115|35|0.5008293696003747|1.1333333333333333|ResearchDevelopment09,15
1450|17.529027936013115|35|0.5008293696003747|1.1333333333333333|ResearchDevelopment09,15
1455|17.529027936013115|35|0.5008293696003747|1.1333333333333333|ResearchDevelopment09,15
1460|17.529027936013115|35|0.5008293696003747|1.1333333333333333|ResearchDevelopment09,15
1465|17.529027936013115|35|0.5008293696003747|1.1333333333333333|ResearchDevelopment09,15
1470|17.529027936013115|35|0.5008293696003747|1.1333333333333333|ResearchDevelopment09,15
1475|17.529027936013115|35|0.5008293696003747|1.1333333333333333|ResearchDevelopment09,15
1480|17.529027936013115|35|0.5008293696003747|1.1333333333333333|ResearchDevelopment09,15
1485|17.529027936013115|35|0.5008293696003747|1.1333333333333333|ResearchDevelopment09,15
1490|17.529027936013115|35|0.5008293696003747|1.1333333333333333|ResearchDevelopment09,15
1495|17.529027936013115|35|0.5008293696003747|1.1333333333333333|ResearchDevelopment09,15
1500|17.529027936013115|35|0.5008293696003747|1.1333333333333333|ResearchDevelopment09,15
1505|17.529027936013115|35|0.5008293696003747|1.1333333333333333|ResearchDevelopment09,15
1510|17.529027936013115|35|0.5008293696003747|1.1333333333333333|ResearchDevelopment09,15
1515|17.529027936013115|35|0.5008293696003747|1.1333333333333333|ResearchDevelopment09,15
1520|17.529027936013115|35|0.5008293696003747|1.1333333333333333|ResearchDevelopment09,15
1525|17.529027936013115|35|0.5008293696003747|1.1333333333333333|ResearchDevelopment09,15
1530|17.529027936013115|35|0.5008293696003747|1.1333333333333333|ResearchDevelopment09,15
1535|17.529027936013115|35|0.5008293696003747|1.1333333333333333|ResearchDevelopment09,15
1540|17.529027936013115|35|0.5008293696003747|1.1333333333333333|ResearchDevelopment09,15
1545|17.529027936013115|35|0.5008293696003747|1.1333333333333333|ResearchDevelopment09,15
1550|17.529027936013115|35|0.5008293696003747|1.1333333333333333|ResearchDevelopment09,15
1555|17.529027936013115|35|0.5008293696003747|1.1333333333333333|ResearchDevelopment09,15
1560|17.529027936013115|35|0.5008293696003747|1.1333333333333333|ResearchDevelopment09,15
1565|17.529027936013115|35|0.5008293696003747|1.1333333333333333|ResearchDevelopment09,15
1570|17.529027936013115|35|0.5008293696003747|1.1333333333333333|ResearchDevelopment09,15
1575|17.529027936013115|35|0.5008293696003747|1.1333333333333333|ResearchDevelopment09,15
1580|17.529027936013115|35|0.5008293696003747|1.1333333333333333|ResearchDevelopment09,15
1585|17.529027936013115|35|0.5008293696003747|1.1333333333333333|ResearchDevelopment09,15
1590|17.529027936013115|35|0.5008293696003747|1.1333333333333333|ResearchDevelopment09,15
1595|17.529027936013115|35|0.5008293696003747|1.1333333333333333|ResearchDevelopment09,15
1600|17.529027936013115|35|0.5008293696003747|1.1333333333333333|ResearchDevelopment09,15
1605|17.529027936013115|35|0.5008293696003747|1.1333333333333333|ResearchDevelopment09,15
1610|17.529027936013115|35|0.5008293696003747|1.1333333333333333|ResearchDevelopment09,15
1615|17.529027936013115|35|0.5008293696003747|1.1333333333333333|ResearchDevelopment09,15
1620|17.529027936013115|35|0.5008293696003747|1.1333333333333333|ResearchDevelopment09,15
1625|17.529027936013115|35|0.5008293696003747|1.1333333333333333|ResearchDevelopment09,15
1630|17.529027936013115|35|0.5008293696003747|1.1333333333333333|ResearchDevelopment09,15
1635|17.529027936013115|35|0.5008293696003747|1.1333333333333333|ResearchDevelopment09,15
1640|17.529027936013115|35|0.5008293696003747|1.1333333333333333|ResearchDevelopment09,15
1645|17.529027936013115|35|0.5008293696003747|1.1333333333333333|ResearchDevelopment09,15
1650|17.529027936013115|35|0.5008293696003747|1.1333333333333333|ResearchDevelopment09,15
1655|17.529027936013115|35|0.5008293696003747|1.1333333333333333|ResearchDevelopment09,15
1660|17.529027936013115|35|0.5008293696003747|1.1333333333333333|ResearchDevelopment09,15
1665|17.529027936013115|35|0.5008293696003747|1.1333333333333333|ResearchDevelopment09,15
1670|17.529027936013115|35|0.5008293696003747|1.1333333333333333|ResearchDevelopment09,15
1675|17.529027936013115|35|0.5008293696003747|1.1333333333333333|ResearchDevelopment09,15
1680|17.529027936013115|35|0.5008293696003747|1.1333333333333333|ResearchDevelopment09,15
1685|17.529027936013115|35|0.5008293696003747|1.1333333333333333|ResearchDevelopment09,15
1690|17.529027936013115|35|0.5008293696003747|1.1333333333333333|ResearchDevelopment09,15
1695|17.529027936013115|35|0.5008293696003747|1.1333333333333333|ResearchDevelopment09,15
1700|17.529027936013115|35|0.5008293696003747|1.1333333333333333|ResearchDevelopment09,15
1705|17.529027936013115|35|0.5008293696003747|1.1333333333333333|ResearchDevelopment09,15
1710|17.529027936013115|35|0.5008293696003747|1.1333333333333333|ResearchDevelopment09,15
1715|17.529027936013115|35|0.5008293696003747|1.1333333333333333|ResearchDevelopment09,15
1720|17.529027936013115|35|0.5008293696003747|1.1333333333333333|ResearchDevelopment09,15
1725|17.529027936013115|35|0.5008293696003747|1.1333333333333333|ResearchDevelopment09,15
1730|17.529027936013115|35|0.5008293696003747|1.1333333333333333|ResearchDevelopment09,15
1735|17.529027936013115|35|0.5008293696003747|1.1333333333333333|ResearchDevelopment09,15
1740|17.529027936013115|35|0.5008293696003747|1.1333333333333333|ResearchDevelopment09,15
1745|17.529027936013115|35|0.5008293696003747|1.1333333333333333|ResearchDevelopment09,15
1750|17.529027936013115|35|0.5008293696003747|1.1333333333333333|ResearchDevelopment09,15
1755|17.529027936013115|35|0.5008293696003747|1.1333333333333333|ResearchDevelopment09,15
1760|17.529027936013115|35|0.5008293696003747|1.1333333333333333|ResearchDevelopment09,15
1765|17.529027936013115|35|0.5008293696003747|1.1333333333333333|ResearchDevelopment09,15
1770|17.529027936013115|35|0.5008293696003747|1.1333333333333333|ResearchDevelopment09,15
1775|17.529027936013115|35|0.5008293696003747|1.1333333333333333|ResearchDevelopment09,15
1780|17.529027936013115|35|0.5008293696003747|1.1333333333333333|ResearchDevelopment09,15
1785|17.529027936013115|35|0.5008293696003747|1.1333333333333333|ResearchDevelopment09,15
1790|17.529027936013115|35|0.5008293696003747|1.1333333333333333|ResearchDevelopment09,15
1795|17.529027936013115|35|0.5008293696003747|1.1333333333333333|ResearchDevelopment09,15
1800|17.529027936013115|35|0.5008293696003747|1.1333333333333333|ResearchDevelopment09,15
1805|17.529027936013115|35|0.5008293696003747|1.1333333333333333|ResearchDevelopment09,15
1810|17.529027936013115|35|0.5008293696003747|1.1333333333333333|ResearchDevelopment09,15
1815|17.529027936013115|35|0.5008293696003747|1.1333333333333333|ResearchDevelopment09,15
1820|17.529027936013115|35|0.5008293696003747|1.1333333333333333|ResearchDevelopment09,15
1825|17.529027936013115|35|0.5008293696003747|1.1333333333333333|ResearchDevelopment09,15
1830|17.529027936013115|35|0.5008293696003747|1.1333333333333333|ResearchDevelopment09,15
1835|17.529027936013115|35|0.5008293696003747|1.1333333333333333|ResearchDevelopment09,15
1840|17.529027936013115|35|0.5008293696003747|1.1333333333333333|ResearchDevelopment09,15
1845|17.529027936013115|35|0.5008293696003747|1.1333333333333333|ResearchDevelopment09,15
1850|17.529027936013115|35|0.5008293696003747|1.1333333333333333|ResearchDevelopment09,15
1855|17.529027936013115|35|0.5008293696003747|1.1333333333333333|ResearchDevelopment09,15
1860|17.529027936013115|35|0.5008293696003747|1.1333333333333333|ResearchDevelopment09,15
1865|17.529027936013115|35|0.5008293696003747|1.1333333333333333|ResearchDevelopment09,15
1870|17.529027936013115|35|0.5008293696003747|1.1333333333333333|ResearchDevelopment09,15
1875|17.529027936013115|35|0.5008293696003747|1.1333333333333333|ResearchDevelopment09,15
1880|17.529027936013115|35|0.5008293696003747|1.1333333333333333|ResearchDevelopment09,15
1885|17.529027936013115|35|0.5008293696003747|1.1333333333333333|ResearchDevelopment09,15
1890|17.529027936013115|35|0.5008293696003747|1.1333333333333333|ResearchDevelopment09,15
1895|17.529027936013115|35|0.5008293696003747|1.1333333333333333|ResearchDevelopment09,15
1900|17.529027936013115|35|0.5008293696003747|1.1333333333333333|ResearchDevelopment09,15
1905|17.529027936013115|35|0.5008293696003747|1.1333333333333333|ResearchDevelopment09,15
1910|17.529027936013115|35|0.5008293696003747|1.1333333333333333|ResearchDevelopment09,15
1915|17.529027936013115|35|0.5008293696003747|1.1333333333333333|ResearchDevelopment09,15
1920|17.529027936013115|35|0.5008293696003747|1.1333333333333333|ResearchDevelopment09,15
1925|17.529027936013115|35|0.5008293696003747|1.1333333333333333|ResearchDevelopment09,15
1930|17.529027936013115|35|0.5008293696003747|1.1333333333333333|ResearchDevelopment09,15
1935|17.529027936013115|35|0.5008293696003747|1.1333333333333333|ResearchDevelopment09,15
1940|17.529027936013115|35|0.5008293696003747|1.1333333333333333|ResearchDevelopment09,15
1945|17.529027936013115|35|0.5008293696003747|1.1333333333333333|ResearchDevelopment09,15
1950|17.529027936013115|35|0.5008293696003747|1.1333333333333333|ResearchDevelopment09,15
1955|17.529027936013115|35|0.5008293696003747|1.1333333333333333|ResearchDevelopment09,15
1960|17.529027936013115|35|0.5008293696003747|1.1333333333333333|ResearchDevelopment09,15
1965|17.529027936013115|35|0.5008293696003747|1.1333333333333333|ResearchDevelopment09,15
1970|17.529027936013115|35|0.5008293696003747|1.1333333333333333|ResearchDevelopment09,15
1975|17.529027936013115|35|0.5008293696003747|1.1333333333333333|ResearchDevelopment09,15
1980|17.529027936013115|35|0.5008293696003747|1.1333333333333333|ResearchDevelopment09,15
1985|17.529027936013115|35|0.5008293696003747|1.1333333333333333|ResearchDevelopment09,15
1990|17.529027936013115|35|0.5008293696003747|1.1333333333333333|ResearchDevelopment09,15
1995|17.529027936013115|35|0.5008293696003747|1.1333333333333333|ResearchDevelopment09,15
2000|17.529027936013115|35|0.5008293696003747|1.1333333333333333|ResearchDevelopment09,15
