#########################################################
# Algorithm Parameters #
# Generations = 2000
# Population size = 100
# Resolution = 5
#########################################################
# Financial Parameters #
# Quarter = 3
# Crossover probabilities = 0.75 -> 0.25
# Mutation start probabilities = 0.9,0.0,0.6,0.5,0.6,0.9
# Mutation end probabilities = 0.4,0.4,0.1,0.1,0.1,0.4
######################################################### 
0|18.549918495993442|7|2.649988356570492|1.0|ResearchDevelopmentChange,17
5|18.549918495993442|7|2.649988356570492|1.0|ResearchDevelopmentChange,17
10|19.489481595790163|21|0.928070552180484|1.1111111111111112|ResearchDevelopmentChange,17
15|19.489481595790163|21|0.928070552180484|1.1111111111111112|ResearchDevelopmentChange,17
20|19.61809079727213|25|0.7847236318908852|1.0909090909090908|ResearchDevelopmentChange,17
25|19.61809079727213|21|0.9341947998701015|1.1111111111111112|ResearchDevelopmentChange,17
30|19.699458917439344|27|0.7296095895347905|1.0833333333333333|ResearchDevelopmentChange,17
35|20.50462289383606|27|0.7594304775494837|1.0833333333333333|EarningsPerShare10,7
40|20.50462289383606|27|0.7594304775494837|1.0833333333333333|EarningsPerShare10,7
45|20.50462289383606|25|0.8201849157534424|1.0|OperatingMargin09,3
50|20.50462289383606|25|0.8201849157534424|1.0|OperatingMargin09,3
55|20.50462289383606|25|0.8201849157534424|1.0|OperatingMargin09,3
60|20.50462289383606|25|0.8201849157534424|1.0|OperatingMargin09,3
65|20.50462289383606|25|0.8201849157534424|1.0|OperatingMargin09,3
70|20.50462289383606|25|0.8201849157534424|1.0|OperatingMargin09,3
75|20.50462289383606|25|0.8201849157534424|1.0|OperatingMargin09,3
80|20.50462289383606|25|0.8201849157534424|1.0|OperatingMargin09,3
85|20.50462289383606|25|0.8201849157534424|1.0|OperatingMargin09,3
90|21.078415617049178|27|0.7806820598907103|1.1818181818181819|ResearchDevelopmentChange,17
95|21.078415617049178|27|0.7806820598907103|1.1818181818181819|ResearchDevelopmentChange,17
100|21.078415617049178|27|0.7806820598907103|1.1818181818181819|ResearchDevelopmentChange,17
105|21.551923322977046|31|0.6952233329992595|1.1538461538461537|CapExSales09,27
110|21.551923322977046|31|0.6952233329992595|1.1538461538461537|CapExSales09,27
115|21.551923322977046|31|0.6952233329992595|1.1538461538461537|CapExSales09,27
120|21.551923322977046|29|0.7431697697578292|1.1666666666666667|CapExSales09,27
125|21.551923322977046|29|0.7431697697578292|1.1666666666666667|CapExSales09,27
130|21.588620657311473|31|0.6964071179777894|1.1538461538461537|CapExSales09,27
135|21.71722985879344|35|0.6204922816798126|1.1333333333333333|ResearchDevelopmentChange,17
140|21.71722985879344|33|0.6580978745088921|1.1428571428571428|CapExSales09,27
145|21.71722985879344|33|0.6580978745088921|1.1428571428571428|CapExSales09,27
150|21.71722985879344|33|0.6580978745088921|1.1428571428571428|CapExSales09,27
155|21.71722985879344|33|0.6580978745088921|1.1428571428571428|CapExSales09,27
160|21.71722985879344|31|0.7005558018965626|1.1538461538461537|CapExSales09,27
165|21.71722985879344|31|0.7005558018965626|1.1538461538461537|CapExSales09,27
170|21.71722985879344|31|0.7005558018965626|1.1538461538461537|CapExSales09,27
175|21.71722985879344|31|0.7005558018965626|1.1538461538461537|CapExSales09,27
180|21.71722985879344|31|0.7005558018965626|1.1538461538461537|CapExSales09,27
185|21.71722985879344|31|0.7005558018965626|1.1538461538461537|CapExSales09,27
190|21.71722985879344|31|0.7005558018965626|1.1538461538461537|CapExSales09,27
195|21.71722985879344|31|0.7005558018965626|1.1538461538461537|CapExSales09,27
200|21.71722985879344|31|0.7005558018965626|1.1538461538461537|CapExSales09,27
205|21.71722985879344|31|0.7005558018965626|1.1538461538461537|CapExSales09,27
210|21.71722985879344|29|0.7488699951308083|1.2727272727272727|OperatingMargin10,4
215|21.71722985879344|29|0.7488699951308083|1.2727272727272727|OperatingMargin10,4
220|21.71722985879344|29|0.7488699951308083|1.2727272727272727|OperatingMargin10,4
225|21.71722985879344|29|0.7488699951308083|1.2727272727272727|OperatingMargin10,4
230|21.71722985879344|29|0.7488699951308083|1.2727272727272727|OperatingMargin10,4
235|21.71722985879344|29|0.7488699951308083|1.2727272727272727|OperatingMargin10,4
240|21.71722985879344|29|0.7488699951308083|1.2727272727272727|OperatingMargin10,4
245|21.71722985879344|29|0.7488699951308083|1.2727272727272727|OperatingMargin10,4
250|21.71722985879344|29|0.7488699951308083|1.2727272727272727|OperatingMargin10,4
255|21.71722985879344|29|0.7488699951308083|1.2727272727272727|OperatingMargin10,4
260|21.71722985879344|27|0.8043418466219793|1.1818181818181819|OperatingMargin10,4
265|21.71722985879344|27|0.8043418466219793|1.1818181818181819|OperatingMargin10,4
270|21.71722985879344|27|0.8043418466219793|1.1818181818181819|OperatingMargin10,4
275|21.71722985879344|27|0.8043418466219793|1.1818181818181819|OperatingMargin10,4
280|21.71722985879344|25|0.8686891943517376|1.2|OperatingMargin10,4
285|21.71722985879344|25|0.8686891943517376|1.2|OperatingMargin10,4
290|21.71722985879344|25|0.8686891943517376|1.2|OperatingMargin10,4
295|21.71722985879344|23|0.9442273851649322|1.1|CapExSales09,27
300|21.71722985879344|23|0.9442273851649322|1.1|CapExSales09,27
305|21.71722985879344|23|0.9442273851649322|1.1|CapExSales09,27
310|21.71722985879344|23|0.9442273851649322|1.1|CapExSales09,27
315|21.71722985879344|23|0.9442273851649322|1.1|CapExSales09,27
320|21.71722985879344|23|0.9442273851649322|1.1|CapExSales09,27
325|21.71722985879344|23|0.9442273851649322|1.1|CapExSales09,27
330|21.71722985879344|23|0.9442273851649322|1.1|CapExSales09,27
335|21.71722985879344|23|0.9442273851649322|1.1|CapExSales09,27
340|21.71722985879344|23|0.9442273851649322|1.1|CapExSales09,27
345|21.71722985879344|23|0.9442273851649322|1.1|CapExSales09,27
350|21.71722985879344|23|0.9442273851649322|1.1|CapExSales09,27
355|21.71722985879344|23|0.9442273851649322|1.1|CapExSales09,27
360|21.71722985879344|23|0.9442273851649322|1.1|CapExSales09,27
365|21.71722985879344|23|0.9442273851649322|1.1|CapExSales09,27
370|21.71722985879344|23|0.9442273851649322|1.1|CapExSales09,27
375|21.71722985879344|23|0.9442273851649322|1.1|CapExSales09,27
380|21.71722985879344|23|0.9442273851649322|1.1|CapExSales09,27
385|21.71722985879344|23|0.9442273851649322|1.1|CapExSales09,27
390|21.71722985879344|23|0.9442273851649322|1.1|CapExSales09,27
395|21.71722985879344|23|0.9442273851649322|1.1|CapExSales09,27
400|21.71722985879344|23|0.9442273851649322|1.1|CapExSales09,27
405|21.71722985879344|23|0.9442273851649322|1.1|CapExSales09,27
410|21.71722985879344|23|0.9442273851649322|1.1|CapExSales09,27
415|21.71722985879344|23|0.9442273851649322|1.1|CapExSales09,27
420|21.71722985879344|21|1.0341538027996877|1.1111111111111112|CapExSales09,27
425|21.71722985879344|21|1.0341538027996877|1.1111111111111112|CapExSales09,27
430|21.71722985879344|21|1.0341538027996877|1.1111111111111112|CapExSales09,27
435|21.71722985879344|21|1.0341538027996877|1.1111111111111112|CapExSales09,27
440|21.71722985879344|21|1.0341538027996877|1.1111111111111112|CapExSales09,27
445|21.71722985879344|21|1.0341538027996877|1.1111111111111112|CapExSales09,27
450|21.71722985879344|21|1.0341538027996877|1.1111111111111112|CapExSales09,27
455|21.71722985879344|21|1.0341538027996877|1.1111111111111112|CapExSales09,27
460|21.71722985879344|21|1.0341538027996877|1.1111111111111112|CapExSales09,27
465|21.71722985879344|21|1.0341538027996877|1.1111111111111112|CapExSales09,27
470|21.71722985879344|21|1.0341538027996877|1.1111111111111112|CapExSales09,27
475|21.71722985879344|21|1.0341538027996877|1.1111111111111112|CapExSales09,27
480|21.71722985879344|21|1.0341538027996877|1.1111111111111112|CapExSales09,27
485|21.71722985879344|21|1.0341538027996877|1.1111111111111112|CapExSales09,27
490|21.71722985879344|21|1.0341538027996877|1.1111111111111112|CapExSales09,27
495|21.71722985879344|21|1.0341538027996877|1.1111111111111112|CapExSales09,27
500|21.71722985879344|19|1.1430120978312337|1.125|CapExSales09,27
505|21.71722985879344|19|1.1430120978312337|1.125|CapExSales09,27
510|21.71722985879344|19|1.1430120978312337|1.125|CapExSales09,27
515|21.71722985879344|19|1.1430120978312337|1.125|CapExSales09,27
520|21.71722985879344|19|1.1430120978312337|1.125|CapExSales09,27
525|21.71722985879344|19|1.1430120978312337|1.125|CapExSales09,27
530|21.71722985879344|19|1.1430120978312337|1.125|CapExSales09,27
535|21.71722985879344|19|1.1430120978312337|1.125|CapExSales09,27
540|21.71722985879344|19|1.1430120978312337|1.125|CapExSales09,27
545|21.71722985879344|19|1.1430120978312337|1.125|CapExSales09,27
550|21.71722985879344|19|1.1430120978312337|1.125|CapExSales09,27
555|21.71722985879344|19|1.1430120978312337|1.125|CapExSales09,27
560|21.71722985879344|19|1.1430120978312337|1.125|CapExSales09,27
565|21.71722985879344|19|1.1430120978312337|1.125|CapExSales09,27
570|21.71722985879344|19|1.1430120978312337|1.125|CapExSales09,27
575|21.71722985879344|19|1.1430120978312337|1.125|CapExSales09,27
580|21.71722985879344|19|1.1430120978312337|1.125|CapExSales09,27
585|21.71722985879344|19|1.1430120978312337|1.125|CapExSales09,27
590|21.71722985879344|19|1.1430120978312337|1.125|CapExSales09,27
595|21.71722985879344|19|1.1430120978312337|1.125|CapExSales09,27
600|21.71722985879344|19|1.1430120978312337|1.125|CapExSales09,27
605|21.71722985879344|19|1.1430120978312337|1.125|CapExSales09,27
610|21.71722985879344|19|1.1430120978312337|1.125|CapExSales09,27
615|21.71722985879344|19|1.1430120978312337|1.125|CapExSales09,27
620|21.71722985879344|19|1.1430120978312337|1.125|CapExSales09,27
625|21.71722985879344|19|1.1430120978312337|1.125|CapExSales09,27
630|21.71722985879344|19|1.1430120978312337|1.125|CapExSales09,27
635|21.71722985879344|19|1.1430120978312337|1.125|CapExSales09,27
640|21.71722985879344|19|1.1430120978312337|1.125|CapExSales09,27
645|21.71722985879344|19|1.1430120978312337|1.125|CapExSales09,27
650|21.71722985879344|19|1.1430120978312337|1.125|CapExSales09,27
655|21.71722985879344|19|1.1430120978312337|1.125|CapExSales09,27
660|21.71722985879344|19|1.1430120978312337|1.125|CapExSales09,27
665|21.71722985879344|19|1.1430120978312337|1.125|CapExSales09,27
670|21.71722985879344|19|1.1430120978312337|1.125|CapExSales09,27
675|21.71722985879344|19|1.1430120978312337|1.125|CapExSales09,27
680|21.71722985879344|19|1.1430120978312337|1.125|CapExSales09,27
685|21.71722985879344|19|1.1430120978312337|1.125|CapExSales09,27
690|21.71722985879344|19|1.1430120978312337|1.125|CapExSales09,27
695|21.71722985879344|19|1.1430120978312337|1.125|CapExSales09,27
700|21.71722985879344|19|1.1430120978312337|1.125|CapExSales09,27
705|21.71722985879344|19|1.1430120978312337|1.125|CapExSales09,27
710|21.71722985879344|19|1.1430120978312337|1.125|CapExSales09,27
715|21.71722985879344|19|1.1430120978312337|1.125|CapExSales09,27
720|21.71722985879344|19|1.1430120978312337|1.125|CapExSales09,27
725|21.71722985879344|19|1.1430120978312337|1.125|CapExSales09,27
730|21.71722985879344|19|1.1430120978312337|1.125|CapExSales09,27
735|21.71722985879344|19|1.1430120978312337|1.125|CapExSales09,27
740|21.71722985879344|19|1.1430120978312337|1.125|CapExSales09,27
745|21.71722985879344|19|1.1430120978312337|1.125|CapExSales09,27
750|21.71722985879344|19|1.1430120978312337|1.125|CapExSales09,27
755|21.71722985879344|19|1.1430120978312337|1.125|CapExSales09,27
760|21.71722985879344|19|1.1430120978312337|1.125|CapExSales09,27
765|21.71722985879344|19|1.1430120978312337|1.125|CapExSales09,27
770|21.71722985879344|19|1.1430120978312337|1.125|CapExSales09,27
775|21.71722985879344|19|1.1430120978312337|1.125|CapExSales09,27
780|21.71722985879344|19|1.1430120978312337|1.125|CapExSales09,27
785|21.71722985879344|19|1.1430120978312337|1.125|CapExSales09,27
790|21.71722985879344|19|1.1430120978312337|1.125|CapExSales09,27
795|21.71722985879344|19|1.1430120978312337|1.125|CapExSales09,27
800|21.71722985879344|19|1.1430120978312337|1.125|CapExSales09,27
805|21.71722985879344|19|1.1430120978312337|1.125|CapExSales09,27
810|21.71722985879344|19|1.1430120978312337|1.125|CapExSales09,27
815|21.71722985879344|19|1.1430120978312337|1.125|CapExSales09,27
820|21.71722985879344|19|1.1430120978312337|1.125|CapExSales09,27
825|21.71722985879344|19|1.1430120978312337|1.125|CapExSales09,27
830|21.71722985879344|19|1.1430120978312337|1.125|CapExSales09,27
835|21.71722985879344|19|1.1430120978312337|1.125|CapExSales09,27
840|21.71722985879344|19|1.1430120978312337|1.125|CapExSales09,27
845|21.71722985879344|19|1.1430120978312337|1.125|CapExSales09,27
850|21.71722985879344|19|1.1430120978312337|1.125|CapExSales09,27
855|21.71722985879344|19|1.1430120978312337|1.125|CapExSales09,27
860|21.71722985879344|19|1.1430120978312337|1.125|CapExSales09,27
865|21.71722985879344|19|1.1430120978312337|1.125|CapExSales09,27
870|21.71722985879344|19|1.1430120978312337|1.125|CapExSales09,27
875|21.71722985879344|19|1.1430120978312337|1.125|CapExSales09,27
880|21.71722985879344|19|1.1430120978312337|1.125|CapExSales09,27
885|21.71722985879344|19|1.1430120978312337|1.125|CapExSales09,27
890|21.71722985879344|19|1.1430120978312337|1.125|CapExSales09,27
895|21.71722985879344|19|1.1430120978312337|1.125|CapExSales09,27
900|21.71722985879344|19|1.1430120978312337|1.125|CapExSales09,27
905|21.71722985879344|19|1.1430120978312337|1.125|CapExSales09,27
910|21.71722985879344|19|1.1430120978312337|1.125|CapExSales09,27
915|21.71722985879344|19|1.1430120978312337|1.125|CapExSales09,27
920|21.71722985879344|19|1.1430120978312337|1.125|CapExSales09,27
925|21.71722985879344|19|1.1430120978312337|1.125|CapExSales09,27
930|21.71722985879344|19|1.1430120978312337|1.125|CapExSales09,27
935|21.71722985879344|19|1.1430120978312337|1.125|CapExSales09,27
940|21.71722985879344|19|1.1430120978312337|1.125|CapExSales09,27
945|21.71722985879344|19|1.1430120978312337|1.125|CapExSales09,27
950|21.71722985879344|19|1.1430120978312337|1.125|CapExSales09,27
955|21.71722985879344|19|1.1430120978312337|1.125|CapExSales09,27
960|21.71722985879344|19|1.1430120978312337|1.125|CapExSales09,27
965|21.71722985879344|19|1.1430120978312337|1.125|CapExSales09,27
970|21.71722985879344|19|1.1430120978312337|1.125|CapExSales09,27
975|21.71722985879344|19|1.1430120978312337|1.125|CapExSales09,27
980|21.71722985879344|19|1.1430120978312337|1.125|CapExSales09,27
985|21.71722985879344|19|1.1430120978312337|1.125|CapExSales09,27
990|21.71722985879344|19|1.1430120978312337|1.125|CapExSales09,27
995|21.71722985879344|19|1.1430120978312337|1.125|CapExSales09,27
1000|21.71722985879344|19|1.1430120978312337|1.125|CapExSales09,27
1005|21.71722985879344|19|1.1430120978312337|1.125|CapExSales09,27
1010|21.71722985879344|19|1.1430120978312337|1.125|CapExSales09,27
1015|21.71722985879344|19|1.1430120978312337|1.125|CapExSales09,27
1020|21.71722985879344|19|1.1430120978312337|1.125|CapExSales09,27
1025|21.71722985879344|19|1.1430120978312337|1.125|CapExSales09,27
1030|21.71722985879344|19|1.1430120978312337|1.125|CapExSales09,27
1035|21.71722985879344|19|1.1430120978312337|1.125|CapExSales09,27
1040|21.71722985879344|19|1.1430120978312337|1.125|CapExSales09,27
1045|21.71722985879344|19|1.1430120978312337|1.125|CapExSales09,27
1050|21.71722985879344|19|1.1430120978312337|1.125|CapExSales09,27
1055|21.71722985879344|19|1.1430120978312337|1.125|CapExSales09,27
1060|21.71722985879344|19|1.1430120978312337|1.125|CapExSales09,27
1065|21.999899001170494|21|1.0476142381509759|1.1111111111111112|CapExSales09,27
1070|21.999899001170494|21|1.0476142381509759|1.1111111111111112|CapExSales09,27
1075|21.999899001170494|19|1.1578894211142365|1.125|CapExSales09,27
1080|21.999899001170494|19|1.1578894211142365|1.125|CapExSales09,27
1085|21.999899001170494|19|1.1578894211142365|1.125|CapExSales09,27
1090|21.999899001170494|19|1.1578894211142365|1.125|CapExSales09,27
1095|21.999899001170494|19|1.1578894211142365|1.125|CapExSales09,27
1100|21.999899001170494|19|1.1578894211142365|1.125|CapExSales09,27
1105|21.999899001170494|19|1.1578894211142365|1.125|CapExSales09,27
1110|21.999899001170494|19|1.1578894211142365|1.125|CapExSales09,27
1115|21.999899001170494|19|1.1578894211142365|1.125|CapExSales09,27
1120|21.999899001170494|19|1.1578894211142365|1.125|CapExSales09,27
1125|21.999899001170494|19|1.1578894211142365|1.125|CapExSales09,27
1130|21.999899001170494|19|1.1578894211142365|1.125|CapExSales09,27
1135|21.999899001170494|19|1.1578894211142365|1.125|CapExSales09,27
1140|21.999899001170494|19|1.1578894211142365|1.125|CapExSales09,27
1145|21.999899001170494|19|1.1578894211142365|1.125|CapExSales09,27
1150|21.999899001170494|19|1.1578894211142365|1.125|CapExSales09,27
1155|22.16520553698689|21|1.0554859779517567|1.1111111111111112|CapExSales09,27
1160|22.16520553698689|21|1.0554859779517567|1.1111111111111112|CapExSales09,27
1165|22.16520553698689|21|1.0554859779517567|1.1111111111111112|CapExSales09,27
1170|22.16520553698689|21|1.0554859779517567|1.1111111111111112|CapExSales09,27
1175|22.16520553698689|21|1.0554859779517567|1.1111111111111112|CapExSales09,27
1180|22.16520553698689|21|1.0554859779517567|1.1111111111111112|CapExSales09,27
1185|22.16520553698689|21|1.0554859779517567|1.1111111111111112|CapExSales09,27
1190|22.16520553698689|21|1.0554859779517567|1.1111111111111112|CapExSales09,27
1195|22.16520553698689|21|1.0554859779517567|1.1111111111111112|CapExSales09,27
1200|22.16520553698689|21|1.0554859779517567|1.1111111111111112|CapExSales09,27
1205|22.16520553698689|21|1.0554859779517567|1.1111111111111112|CapExSales09,27
1210|22.16520553698689|21|1.0554859779517567|1.1111111111111112|CapExSales09,27
1215|22.16520553698689|21|1.0554859779517567|1.1111111111111112|CapExSales09,27
1220|22.16520553698689|21|1.0554859779517567|1.1111111111111112|CapExSales09,27
1225|22.16520553698689|21|1.0554859779517567|1.1111111111111112|CapExSales09,27
1230|22.16520553698689|21|1.0554859779517567|1.1111111111111112|CapExSales09,27
1235|22.16520553698689|21|1.0554859779517567|1.1111111111111112|CapExSales09,27
1240|22.16520553698689|21|1.0554859779517567|1.1111111111111112|CapExSales09,27
1245|22.16520553698689|21|1.0554859779517567|1.1111111111111112|CapExSales09,27
1250|22.16520553698689|21|1.0554859779517567|1.1111111111111112|CapExSales09,27
1255|22.16520553698689|21|1.0554859779517567|1.1111111111111112|CapExSales09,27
1260|22.16520553698689|21|1.0554859779517567|1.1111111111111112|CapExSales09,27
1265|22.16520553698689|21|1.0554859779517567|1.1111111111111112|CapExSales09,27
1270|22.16520553698689|21|1.0554859779517567|1.1111111111111112|CapExSales09,27
1275|22.16520553698689|21|1.0554859779517567|1.1111111111111112|CapExSales09,27
1280|22.16520553698689|21|1.0554859779517567|1.1111111111111112|CapExSales09,27
1285|22.16520553698689|21|1.0554859779517567|1.1111111111111112|CapExSales09,27
1290|22.16520553698689|21|1.0554859779517567|1.1111111111111112|CapExSales09,27
1295|22.16520553698689|21|1.0554859779517567|1.1111111111111112|CapExSales09,27
1300|22.16520553698689|21|1.0554859779517567|1.1111111111111112|CapExSales09,27
1305|22.16520553698689|21|1.0554859779517567|1.1111111111111112|CapExSales09,27
1310|22.16520553698689|21|1.0554859779517567|1.1111111111111112|CapExSales09,27
1315|22.16520553698689|21|1.0554859779517567|1.1111111111111112|CapExSales09,27
1320|22.16520553698689|21|1.0554859779517567|1.1111111111111112|CapExSales09,27
1325|22.16520553698689|21|1.0554859779517567|1.1111111111111112|CapExSales09,27
1330|22.16520553698689|21|1.0554859779517567|1.1111111111111112|CapExSales09,27
1335|22.16520553698689|21|1.0554859779517567|1.1111111111111112|CapExSales09,27
1340|22.16520553698689|21|1.0554859779517567|1.1111111111111112|CapExSales09,27
1345|22.16520553698689|21|1.0554859779517567|1.1111111111111112|CapExSales09,27
1350|22.16520553698689|21|1.0554859779517567|1.1111111111111112|CapExSales09,27
1355|22.16520553698689|21|1.0554859779517567|1.1111111111111112|CapExSales09,27
1360|22.16520553698689|21|1.0554859779517567|1.1111111111111112|CapExSales09,27
1365|22.16520553698689|21|1.0554859779517567|1.1111111111111112|CapExSales09,27
1370|22.16520553698689|21|1.0554859779517567|1.1111111111111112|CapExSales09,27
1375|22.16520553698689|21|1.0554859779517567|1.1111111111111112|CapExSales09,27
1380|22.16520553698689|21|1.0554859779517567|1.1111111111111112|CapExSales09,27
1385|22.16520553698689|21|1.0554859779517567|1.1111111111111112|CapExSales09,27
1390|22.16520553698689|21|1.0554859779517567|1.1111111111111112|CapExSales09,27
1395|22.16520553698689|21|1.0554859779517567|1.1111111111111112|CapExSales09,27
1400|22.16520553698689|21|1.0554859779517567|1.1111111111111112|CapExSales09,27
1405|22.16520553698689|21|1.0554859779517567|1.1111111111111112|CapExSales09,27
1410|22.16520553698689|21|1.0554859779517567|1.1111111111111112|CapExSales09,27
1415|22.16520553698689|21|1.0554859779517567|1.1111111111111112|CapExSales09,27
1420|22.16520553698689|21|1.0554859779517567|1.1111111111111112|CapExSales09,27
1425|22.16520553698689|21|1.0554859779517567|1.1111111111111112|CapExSales09,27
1430|22.16520553698689|21|1.0554859779517567|1.1111111111111112|CapExSales09,27
1435|22.16520553698689|21|1.0554859779517567|1.1111111111111112|CapExSales09,27
1440|22.16520553698689|21|1.0554859779517567|1.1111111111111112|CapExSales09,27
1445|22.16520553698689|21|1.0554859779517567|1.1111111111111112|CapExSales09,27
1450|22.16520553698689|21|1.0554859779517567|1.1111111111111112|CapExSales09,27
1455|22.16520553698689|21|1.0554859779517567|1.1111111111111112|CapExSales09,27
1460|22.16520553698689|21|1.0554859779517567|1.1111111111111112|CapExSales09,27
1465|22.16520553698689|21|1.0554859779517567|1.1111111111111112|CapExSales09,27
1470|22.16520553698689|21|1.0554859779517567|1.1111111111111112|CapExSales09,27
1475|22.16520553698689|21|1.0554859779517567|1.1111111111111112|CapExSales09,27
1480|22.16520553698689|21|1.0554859779517567|1.1111111111111112|CapExSales09,27
1485|22.16520553698689|21|1.0554859779517567|1.1111111111111112|CapExSales09,27
1490|22.16520553698689|21|1.0554859779517567|1.1111111111111112|CapExSales09,27
1495|22.16520553698689|21|1.0554859779517567|1.1111111111111112|CapExSales09,27
1500|22.16520553698689|21|1.0554859779517567|1.1111111111111112|CapExSales09,27
1505|22.16520553698689|21|1.0554859779517567|1.1111111111111112|CapExSales09,27
1510|22.16520553698689|21|1.0554859779517567|1.1111111111111112|CapExSales09,27
1515|22.16520553698689|21|1.0554859779517567|1.1111111111111112|CapExSales09,27
1520|22.16520553698689|21|1.0554859779517567|1.1111111111111112|CapExSales09,27
1525|22.16520553698689|21|1.0554859779517567|1.1111111111111112|CapExSales09,27
1530|22.16520553698689|21|1.0554859779517567|1.1111111111111112|CapExSales09,27
1535|22.16520553698689|21|1.0554859779517567|1.1111111111111112|CapExSales09,27
1540|22.16520553698689|21|1.0554859779517567|1.1111111111111112|CapExSales09,27
1545|22.16520553698689|21|1.0554859779517567|1.1111111111111112|CapExSales09,27
1550|22.16520553698689|21|1.0554859779517567|1.1111111111111112|CapExSales09,27
1555|22.16520553698689|21|1.0554859779517567|1.1111111111111112|CapExSales09,27
1560|22.16520553698689|21|1.0554859779517567|1.1111111111111112|CapExSales09,27
1565|22.16520553698689|21|1.0554859779517567|1.1111111111111112|CapExSales09,27
1570|22.16520553698689|21|1.0554859779517567|1.1111111111111112|CapExSales09,27
1575|22.16520553698689|21|1.0554859779517567|1.1111111111111112|CapExSales09,27
1580|22.16520553698689|21|1.0554859779517567|1.1111111111111112|CapExSales09,27
1585|22.16520553698689|21|1.0554859779517567|1.1111111111111112|CapExSales09,27
1590|22.16520553698689|21|1.0554859779517567|1.1111111111111112|CapExSales09,27
1595|22.16520553698689|21|1.0554859779517567|1.1111111111111112|CapExSales09,27
1600|22.16520553698689|21|1.0554859779517567|1.1111111111111112|CapExSales09,27
1605|22.16520553698689|21|1.0554859779517567|1.1111111111111112|CapExSales09,27
1610|22.16520553698689|21|1.0554859779517567|1.1111111111111112|CapExSales09,27
1615|22.16520553698689|21|1.0554859779517567|1.1111111111111112|CapExSales09,27
1620|22.16520553698689|21|1.0554859779517567|1.1111111111111112|CapExSales09,27
1625|22.16520553698689|21|1.0554859779517567|1.1111111111111112|CapExSales09,27
1630|22.16520553698689|21|1.0554859779517567|1.1111111111111112|CapExSales09,27
1635|22.16520553698689|21|1.0554859779517567|1.1111111111111112|CapExSales09,27
1640|22.16520553698689|21|1.0554859779517567|1.1111111111111112|CapExSales09,27
1645|22.16520553698689|21|1.0554859779517567|1.1111111111111112|CapExSales09,27
1650|22.16520553698689|21|1.0554859779517567|1.1111111111111112|CapExSales09,27
1655|22.16520553698689|21|1.0554859779517567|1.1111111111111112|CapExSales09,27
1660|22.16520553698689|21|1.0554859779517567|1.1111111111111112|CapExSales09,27
1665|22.16520553698689|21|1.0554859779517567|1.1111111111111112|CapExSales09,27
1670|22.16520553698689|21|1.0554859779517567|1.1111111111111112|CapExSales09,27
1675|22.16520553698689|21|1.0554859779517567|1.1111111111111112|CapExSales09,27
1680|22.16520553698689|21|1.0554859779517567|1.1111111111111112|CapExSales09,27
1685|22.16520553698689|21|1.0554859779517567|1.1111111111111112|CapExSales09,27
1690|22.16520553698689|21|1.0554859779517567|1.1111111111111112|CapExSales09,27
1695|22.16520553698689|21|1.0554859779517567|1.1111111111111112|CapExSales09,27
1700|22.16520553698689|21|1.0554859779517567|1.1111111111111112|CapExSales09,27
1705|22.16520553698689|21|1.0554859779517567|1.1111111111111112|CapExSales09,27
1710|22.16520553698689|21|1.0554859779517567|1.1111111111111112|CapExSales09,27
1715|22.16520553698689|21|1.0554859779517567|1.1111111111111112|CapExSales09,27
1720|22.16520553698689|21|1.0554859779517567|1.1111111111111112|CapExSales09,27
1725|22.16520553698689|21|1.0554859779517567|1.1111111111111112|CapExSales09,27
1730|22.16520553698689|21|1.0554859779517567|1.1111111111111112|CapExSales09,27
1735|22.16520553698689|21|1.0554859779517567|1.1111111111111112|CapExSales09,27
1740|22.16520553698689|21|1.0554859779517567|1.1111111111111112|CapExSales09,27
1745|22.16520553698689|21|1.0554859779517567|1.1111111111111112|CapExSales09,27
1750|22.16520553698689|21|1.0554859779517567|1.1111111111111112|CapExSales09,27
1755|22.16520553698689|21|1.0554859779517567|1.1111111111111112|CapExSales09,27
1760|22.16520553698689|21|1.0554859779517567|1.1111111111111112|CapExSales09,27
1765|22.16520553698689|21|1.0554859779517567|1.1111111111111112|CapExSales09,27
1770|22.16520553698689|21|1.0554859779517567|1.1111111111111112|CapExSales09,27
1775|22.16520553698689|21|1.0554859779517567|1.1111111111111112|CapExSales09,27
1780|22.16520553698689|21|1.0554859779517567|1.1111111111111112|CapExSales09,27
1785|22.16520553698689|21|1.0554859779517567|1.1111111111111112|CapExSales09,27
1790|22.16520553698689|21|1.0554859779517567|1.1111111111111112|CapExSales09,27
1795|22.16520553698689|21|1.0554859779517567|1.1111111111111112|CapExSales09,27
1800|22.16520553698689|21|1.0554859779517567|1.1111111111111112|CapExSales09,27
1805|22.16520553698689|21|1.0554859779517567|1.1111111111111112|CapExSales09,27
1810|22.16520553698689|21|1.0554859779517567|1.1111111111111112|CapExSales09,27
1815|22.16520553698689|21|1.0554859779517567|1.1111111111111112|CapExSales09,27
1820|22.16520553698689|21|1.0554859779517567|1.1111111111111112|CapExSales09,27
1825|22.16520553698689|21|1.0554859779517567|1.1111111111111112|CapExSales09,27
1830|22.16520553698689|21|1.0554859779517567|1.1111111111111112|CapExSales09,27
1835|22.16520553698689|21|1.0554859779517567|1.1111111111111112|CapExSales09,27
1840|22.16520553698689|21|1.0554859779517567|1.1111111111111112|CapExSales09,27
1845|22.16520553698689|21|1.0554859779517567|1.1111111111111112|CapExSales09,27
1850|22.16520553698689|21|1.0554859779517567|1.1111111111111112|CapExSales09,27
1855|22.16520553698689|21|1.0554859779517567|1.1111111111111112|CapExSales09,27
1860|22.16520553698689|21|1.0554859779517567|1.1111111111111112|CapExSales09,27
1865|22.16520553698689|21|1.0554859779517567|1.1111111111111112|CapExSales09,27
1870|22.16520553698689|21|1.0554859779517567|1.1111111111111112|CapExSales09,27
1875|22.16520553698689|21|1.0554859779517567|1.1111111111111112|CapExSales09,27
1880|22.16520553698689|21|1.0554859779517567|1.1111111111111112|CapExSales09,27
1885|22.16520553698689|21|1.0554859779517567|1.1111111111111112|CapExSales09,27
1890|22.16520553698689|21|1.0554859779517567|1.1111111111111112|CapExSales09,27
1895|22.16520553698689|21|1.0554859779517567|1.1111111111111112|CapExSales09,27
1900|22.16520553698689|21|1.0554859779517567|1.1111111111111112|CapExSales09,27
1905|22.16520553698689|21|1.0554859779517567|1.1111111111111112|CapExSales09,27
1910|22.16520553698689|21|1.0554859779517567|1.1111111111111112|CapExSales09,27
1915|22.16520553698689|21|1.0554859779517567|1.1111111111111112|CapExSales09,27
1920|22.16520553698689|21|1.0554859779517567|1.1111111111111112|CapExSales09,27
1925|22.16520553698689|21|1.0554859779517567|1.1111111111111112|CapExSales09,27
1930|22.16520553698689|21|1.0554859779517567|1.1111111111111112|CapExSales09,27
1935|22.16520553698689|21|1.0554859779517567|1.1111111111111112|CapExSales09,27
1940|22.16520553698689|21|1.0554859779517567|1.1111111111111112|CapExSales09,27
1945|22.16520553698689|21|1.0554859779517567|1.1111111111111112|CapExSales09,27
1950|22.16520553698689|21|1.0554859779517567|1.1111111111111112|CapExSales09,27
1955|22.16520553698689|21|1.0554859779517567|1.1111111111111112|CapExSales09,27
1960|22.16520553698689|21|1.0554859779517567|1.1111111111111112|CapExSales09,27
1965|22.16520553698689|21|1.0554859779517567|1.1111111111111112|CapExSales09,27
1970|22.16520553698689|21|1.0554859779517567|1.1111111111111112|CapExSales09,27
1975|22.16520553698689|21|1.0554859779517567|1.1111111111111112|CapExSales09,27
1980|22.16520553698689|21|1.0554859779517567|1.1111111111111112|CapExSales09,27
1985|22.16520553698689|21|1.0554859779517567|1.1111111111111112|CapExSales09,27
1990|22.16520553698689|21|1.0554859779517567|1.1111111111111112|CapExSales09,27
1995|22.16520553698689|21|1.0554859779517567|1.1111111111111112|CapExSales09,27
2000|22.16520553698689|21|1.0554859779517567|1.1111111111111112|CapExSales09,27
