#########################################################
# Algorithm Parameters #
# Generations = 2000
# Population size = 100
# Resolution = 5
#########################################################
# Financial Parameters #
# Quarter = 3
# Crossover probabilities = 0.75 -> 0.25
# Mutation start probabilities = 0.9,0.0,0.6,0.5,0.6,0.9
# Mutation end probabilities = 0.4,0.4,0.1,0.1,0.1,0.4
######################################################### 
0|17.604971259537702|5|3.5209942519075406|1.0|TotalCurrentAssets09,30
5|18.281526034452455|7|2.6116465763503505|1.0|ResearchDevelopment10,16
10|18.812926820875408|7|2.6875609744107725|1.0|BookValuePerShare09,9
15|19.61809079727213|9|2.1797878663635704|1.0|SGAExpenses10,13
20|19.61809079727213|9|2.1797878663635704|1.0|SGAExpenses10,13
25|19.61809079727213|9|2.1797878663635704|1.0|SGAExpenses10,13
30|20.252576317295077|13|1.5578904859457752|1.2|ReturnOnAssets10,19
35|20.252576317295077|13|1.5578904859457752|1.2|ReturnOnAssets10,19
40|20.252576317295077|13|1.5578904859457752|1.2|ReturnOnAssets10,19
45|20.252576317295077|13|1.5578904859457752|1.2|ReturnOnAssets10,19
50|20.252576317295077|13|1.5578904859457752|1.2|ReturnOnAssets10,19
55|20.252576317295077|13|1.5578904859457752|1.2|ReturnOnAssets10,19
60|20.82636904050819|15|1.388424602700546|1.1666666666666667|SGAExpenses10,13
65|20.82636904050819|13|1.6020283877313992|1.0|SGAExpenses10,13
70|20.82636904050819|13|1.6020283877313992|1.0|SGAExpenses10,13
75|20.82636904050819|13|1.6020283877313992|1.0|SGAExpenses10,13
80|20.82636904050819|11|1.8933062764098354|1.25|SGAExpenses10,13
85|20.82636904050819|11|1.8933062764098354|1.25|SGAExpenses10,13
90|20.82636904050819|11|1.8933062764098354|1.25|SGAExpenses10,13
95|20.82636904050819|11|1.8933062764098354|1.25|SGAExpenses10,13
100|20.8306977622295|13|1.6023613663253462|1.0|OperatingMargin10,4
105|20.8306977622295|13|1.6023613663253462|1.0|OperatingMargin10,4
110|20.8306977622295|13|1.6023613663253462|1.0|OperatingMargin10,4
115|20.8306977622295|11|1.8936997965663183|1.0|OperatingMargin10,4
120|20.8306977622295|11|1.8936997965663183|1.0|OperatingMargin10,4
125|20.8306977622295|11|1.8936997965663183|1.0|OperatingMargin10,4
130|20.8306977622295|11|1.8936997965663183|1.0|OperatingMargin10,4
135|20.8306977622295|11|1.8936997965663183|1.0|OperatingMargin10,4
140|20.8306977622295|11|1.8936997965663183|1.0|OperatingMargin10,4
145|20.8306977622295|11|1.8936997965663183|1.0|OperatingMargin10,4
150|20.8306977622295|11|1.8936997965663183|1.0|OperatingMargin10,4
155|21.082744338770485|13|1.6217495645208067|1.0|OperatingMargin10,4
160|21.082744338770485|13|1.6217495645208067|1.0|OperatingMargin10,4
165|21.082744338770485|13|1.6217495645208067|1.0|OperatingMargin10,4
170|21.082744338770485|13|1.6217495645208067|1.0|OperatingMargin10,4
175|21.082744338770485|13|1.6217495645208067|1.0|OperatingMargin10,4
180|21.082744338770485|13|1.6217495645208067|1.0|OperatingMargin10,4
185|21.082744338770485|13|1.6217495645208067|1.0|OperatingMargin10,4
190|21.082744338770485|13|1.6217495645208067|1.0|OperatingMargin10,4
195|21.082744338770485|13|1.6217495645208067|1.0|OperatingMargin10,4
200|21.082744338770485|13|1.6217495645208067|1.0|OperatingMargin10,4
205|21.082744338770485|13|1.6217495645208067|1.0|OperatingMargin10,4
210|21.082744338770485|13|1.6217495645208067|1.0|OperatingMargin10,4
215|21.082744338770485|13|1.6217495645208067|1.0|OperatingMargin10,4
220|21.082744338770485|13|1.6217495645208067|1.0|OperatingMargin10,4
225|21.082744338770485|13|1.6217495645208067|1.0|OperatingMargin10,4
230|21.082744338770485|13|1.6217495645208067|1.0|OperatingMargin10,4
235|21.082744338770485|13|1.6217495645208067|1.0|OperatingMargin10,4
240|21.107241296078683|15|1.407149419738579|1.0|OperatingMargin10,4
245|21.465183282252458|17|1.2626578401324975|1.0|OperatingMargin10,4
250|21.71722985879344|19|1.1430120978312337|1.125|ReturnOnInvestedCapitalChange,26
255|21.71722985879344|15|1.4478153239195628|1.0|OperatingMargin10,4
260|21.71722985879344|15|1.4478153239195628|1.0|OperatingMargin10,4
265|21.71722985879344|15|1.4478153239195628|1.0|OperatingMargin10,4
270|21.71722985879344|15|1.4478153239195628|1.0|OperatingMargin10,4
275|21.71722985879344|15|1.4478153239195628|1.0|OperatingMargin10,4
280|21.71722985879344|15|1.4478153239195628|1.0|OperatingMargin10,4
285|21.71722985879344|15|1.4478153239195628|1.0|OperatingMargin10,4
290|21.71722985879344|15|1.4478153239195628|1.0|OperatingMargin10,4
295|21.71722985879344|15|1.4478153239195628|1.0|OperatingMargin10,4
300|21.71722985879344|15|1.4478153239195628|1.0|OperatingMargin10,4
305|21.71722985879344|13|1.670556142984111|1.0|OperatingMargin10,4
310|21.71722985879344|13|1.670556142984111|1.0|OperatingMargin10,4
315|21.71722985879344|13|1.670556142984111|1.0|OperatingMargin10,4
320|21.71722985879344|13|1.670556142984111|1.0|OperatingMargin10,4
325|21.71722985879344|13|1.670556142984111|1.0|OperatingMargin10,4
330|21.71722985879344|13|1.670556142984111|1.0|OperatingMargin10,4
335|21.71722985879344|13|1.670556142984111|1.0|OperatingMargin10,4
340|21.71722985879344|13|1.670556142984111|1.0|OperatingMargin10,4
345|21.71722985879344|13|1.670556142984111|1.0|OperatingMargin10,4
350|21.71722985879344|13|1.670556142984111|1.0|OperatingMargin10,4
355|21.71722985879344|13|1.670556142984111|1.0|OperatingMargin10,4
360|21.71722985879344|13|1.670556142984111|1.0|OperatingMargin10,4
365|21.71722985879344|13|1.670556142984111|1.0|OperatingMargin10,4
370|21.71722985879344|13|1.670556142984111|1.0|OperatingMargin10,4
375|21.71722985879344|13|1.670556142984111|1.0|OperatingMargin10,4
380|21.71722985879344|13|1.670556142984111|1.0|OperatingMargin10,4
385|21.71722985879344|13|1.670556142984111|1.0|OperatingMargin10,4
390|21.71722985879344|13|1.670556142984111|1.0|OperatingMargin10,4
395|21.71722985879344|13|1.670556142984111|1.0|OperatingMargin10,4
400|21.71722985879344|13|1.670556142984111|1.0|OperatingMargin10,4
405|21.71722985879344|13|1.670556142984111|1.0|OperatingMargin10,4
410|21.71722985879344|13|1.670556142984111|1.0|OperatingMargin10,4
415|21.71722985879344|13|1.670556142984111|1.0|OperatingMargin10,4
420|21.71722985879344|13|1.670556142984111|1.0|OperatingMargin10,4
425|21.71722985879344|13|1.670556142984111|1.0|OperatingMargin10,4
430|21.71722985879344|13|1.670556142984111|1.0|OperatingMargin10,4
435|21.71722985879344|13|1.670556142984111|1.0|OperatingMargin10,4
440|21.71722985879344|13|1.670556142984111|1.0|OperatingMargin10,4
445|21.71722985879344|13|1.670556142984111|1.0|OperatingMargin10,4
450|21.71722985879344|13|1.670556142984111|1.0|OperatingMargin10,4
455|21.71722985879344|13|1.670556142984111|1.0|OperatingMargin10,4
460|21.71722985879344|13|1.670556142984111|1.0|OperatingMargin10,4
465|21.71722985879344|13|1.670556142984111|1.0|OperatingMargin10,4
470|21.71722985879344|13|1.670556142984111|1.0|OperatingMargin10,4
475|21.71722985879344|13|1.670556142984111|1.0|OperatingMargin10,4
480|21.71722985879344|13|1.670556142984111|1.0|OperatingMargin10,4
485|21.71722985879344|13|1.670556142984111|1.0|OperatingMargin10,4
490|21.71722985879344|13|1.670556142984111|1.0|OperatingMargin10,4
495|21.71722985879344|13|1.670556142984111|1.0|OperatingMargin10,4
500|21.71722985879344|13|1.670556142984111|1.0|OperatingMargin10,4
505|21.71722985879344|13|1.670556142984111|1.0|OperatingMargin10,4
510|21.71722985879344|13|1.670556142984111|1.0|OperatingMargin10,4
515|21.71722985879344|13|1.670556142984111|1.0|OperatingMargin10,4
520|21.71722985879344|13|1.670556142984111|1.0|OperatingMargin10,4
525|21.71722985879344|13|1.670556142984111|1.0|OperatingMargin10,4
530|21.71722985879344|13|1.670556142984111|1.0|OperatingMargin10,4
535|21.71722985879344|13|1.670556142984111|1.0|OperatingMargin10,4
540|21.71722985879344|13|1.670556142984111|1.0|OperatingMargin10,4
545|21.71722985879344|13|1.670556142984111|1.0|OperatingMargin10,4
550|21.71722985879344|13|1.670556142984111|1.0|OperatingMargin10,4
555|21.71722985879344|13|1.670556142984111|1.0|OperatingMargin10,4
560|21.71722985879344|13|1.670556142984111|1.0|OperatingMargin10,4
565|21.71722985879344|13|1.670556142984111|1.0|OperatingMargin10,4
570|21.71722985879344|13|1.670556142984111|1.0|OperatingMargin10,4
575|21.71722985879344|13|1.670556142984111|1.0|OperatingMargin10,4
580|21.71722985879344|13|1.670556142984111|1.0|OperatingMargin10,4
585|21.71722985879344|13|1.670556142984111|1.0|OperatingMargin10,4
590|21.71722985879344|13|1.670556142984111|1.0|OperatingMargin10,4
595|21.71722985879344|13|1.670556142984111|1.0|OperatingMargin10,4
600|21.71722985879344|13|1.670556142984111|1.0|OperatingMargin10,4
605|21.71722985879344|13|1.670556142984111|1.0|OperatingMargin10,4
610|21.71722985879344|13|1.670556142984111|1.0|OperatingMargin10,4
615|21.71722985879344|13|1.670556142984111|1.0|OperatingMargin10,4
620|21.71722985879344|13|1.670556142984111|1.0|OperatingMargin10,4
625|21.921683989878687|15|1.4614455993252458|1.0|OperatingMargin10,4
630|21.921683989878687|15|1.4614455993252458|1.0|OperatingMargin10,4
635|21.921683989878687|15|1.4614455993252458|1.0|OperatingMargin10,4
640|21.921683989878687|15|1.4614455993252458|1.0|OperatingMargin10,4
645|21.921683989878687|15|1.4614455993252458|1.0|OperatingMargin10,4
650|21.921683989878687|15|1.4614455993252458|1.0|OperatingMargin10,4
655|21.921683989878687|15|1.4614455993252458|1.0|OperatingMargin10,4
660|21.921683989878687|15|1.4614455993252458|1.0|OperatingMargin10,4
665|21.921683989878687|15|1.4614455993252458|1.0|OperatingMargin10,4
670|21.921683989878687|15|1.4614455993252458|1.0|OperatingMargin10,4
675|21.921683989878687|15|1.4614455993252458|1.0|OperatingMargin10,4
680|21.921683989878687|15|1.4614455993252458|1.0|OperatingMargin10,4
685|21.921683989878687|15|1.4614455993252458|1.0|OperatingMargin10,4
690|21.921683989878687|15|1.4614455993252458|1.0|OperatingMargin10,4
695|21.921683989878687|15|1.4614455993252458|1.0|OperatingMargin10,4
700|21.921683989878687|15|1.4614455993252458|1.0|OperatingMargin10,4
705|21.921683989878687|15|1.4614455993252458|1.0|OperatingMargin10,4
710|21.921683989878687|15|1.4614455993252458|1.0|OperatingMargin10,4
715|21.921683989878687|15|1.4614455993252458|1.0|OperatingMargin10,4
720|21.921683989878687|15|1.4614455993252458|1.0|OperatingMargin10,4
725|21.921683989878687|15|1.4614455993252458|1.0|OperatingMargin10,4
730|21.921683989878687|15|1.4614455993252458|1.0|OperatingMargin10,4
735|21.921683989878687|15|1.4614455993252458|1.0|OperatingMargin10,4
740|21.921683989878687|15|1.4614455993252458|1.0|OperatingMargin10,4
745|21.921683989878687|15|1.4614455993252458|1.0|OperatingMargin10,4
750|21.921683989878687|15|1.4614455993252458|1.0|OperatingMargin10,4
755|21.921683989878687|15|1.4614455993252458|1.0|OperatingMargin10,4
760|21.921683989878687|15|1.4614455993252458|1.0|OperatingMargin10,4
765|21.921683989878687|15|1.4614455993252458|1.0|OperatingMargin10,4
770|21.921683989878687|15|1.4614455993252458|1.0|OperatingMargin10,4
775|21.921683989878687|15|1.4614455993252458|1.0|OperatingMargin10,4
780|21.921683989878687|15|1.4614455993252458|1.0|OperatingMargin10,4
785|21.921683989878687|15|1.4614455993252458|1.0|OperatingMargin10,4
790|21.974372921609834|15|1.464958194773989|1.0|OperatingMargin10,4
795|21.974372921609834|15|1.464958194773989|1.0|OperatingMargin10,4
800|21.974372921609834|15|1.464958194773989|1.0|OperatingMargin10,4
805|21.974372921609834|15|1.464958194773989|1.0|OperatingMargin10,4
810|21.974372921609834|15|1.464958194773989|1.0|OperatingMargin10,4
815|21.974372921609834|15|1.464958194773989|1.0|OperatingMargin10,4
820|21.974372921609834|15|1.464958194773989|1.0|OperatingMargin10,4
825|21.974372921609834|15|1.464958194773989|1.0|OperatingMargin10,4
830|21.974372921609834|15|1.464958194773989|1.0|OperatingMargin10,4
835|21.974372921609834|15|1.464958194773989|1.0|OperatingMargin10,4
840|21.974372921609834|15|1.464958194773989|1.0|OperatingMargin10,4
845|21.974372921609834|15|1.464958194773989|1.0|OperatingMargin10,4
850|21.974372921609834|15|1.464958194773989|1.0|OperatingMargin10,4
855|21.974372921609834|15|1.464958194773989|1.0|OperatingMargin10,4
860|21.974372921609834|15|1.464958194773989|1.0|OperatingMargin10,4
865|21.974372921609834|15|1.464958194773989|1.0|OperatingMargin10,4
870|21.974372921609834|15|1.464958194773989|1.0|OperatingMargin10,4
875|21.974372921609834|15|1.464958194773989|1.0|OperatingMargin10,4
880|21.974372921609834|15|1.464958194773989|1.0|OperatingMargin10,4
885|21.974372921609834|15|1.464958194773989|1.0|OperatingMargin10,4
890|21.974372921609834|15|1.464958194773989|1.0|OperatingMargin10,4
895|21.974372921609834|15|1.464958194773989|1.0|OperatingMargin10,4
900|21.974372921609834|15|1.464958194773989|1.0|OperatingMargin10,4
905|21.974372921609834|15|1.464958194773989|1.0|OperatingMargin10,4
910|21.974372921609834|15|1.464958194773989|1.0|OperatingMargin10,4
915|21.974372921609834|15|1.464958194773989|1.0|OperatingMargin10,4
920|21.974372921609834|15|1.464958194773989|1.0|OperatingMargin10,4
925|21.974372921609834|15|1.464958194773989|1.0|OperatingMargin10,4
930|21.974372921609834|15|1.464958194773989|1.0|OperatingMargin10,4
935|21.974372921609834|15|1.464958194773989|1.0|OperatingMargin10,4
940|21.974372921609834|15|1.464958194773989|1.0|OperatingMargin10,4
945|21.974372921609834|15|1.464958194773989|1.0|OperatingMargin10,4
950|21.974372921609834|15|1.464958194773989|1.0|OperatingMargin10,4
955|21.974372921609834|15|1.464958194773989|1.0|OperatingMargin10,4
960|21.974372921609834|15|1.464958194773989|1.0|OperatingMargin10,4
965|21.974372921609834|15|1.464958194773989|1.0|OperatingMargin10,4
970|21.974372921609834|15|1.464958194773989|1.0|OperatingMargin10,4
975|21.974372921609834|15|1.464958194773989|1.0|OperatingMargin10,4
980|21.974372921609834|15|1.464958194773989|1.0|OperatingMargin10,4
985|21.974372921609834|15|1.464958194773989|1.0|OperatingMargin10,4
990|21.974372921609834|15|1.464958194773989|1.0|OperatingMargin10,4
995|21.974372921609834|15|1.464958194773989|1.0|OperatingMargin10,4
1000|21.974372921609834|15|1.464958194773989|1.0|OperatingMargin10,4
1005|21.974372921609834|15|1.464958194773989|1.0|OperatingMargin10,4
1010|21.974372921609834|15|1.464958194773989|1.0|OperatingMargin10,4
1015|21.974372921609834|15|1.464958194773989|1.0|OperatingMargin10,4
1020|21.974372921609834|15|1.464958194773989|1.0|OperatingMargin10,4
1025|21.974372921609834|15|1.464958194773989|1.0|OperatingMargin10,4
1030|21.974372921609834|15|1.464958194773989|1.0|OperatingMargin10,4
1035|21.974372921609834|15|1.464958194773989|1.0|OperatingMargin10,4
1040|21.974372921609834|15|1.464958194773989|1.0|OperatingMargin10,4
1045|21.974372921609834|15|1.464958194773989|1.0|OperatingMargin10,4
1050|21.974372921609834|15|1.464958194773989|1.0|OperatingMargin10,4
1055|21.974372921609834|15|1.464958194773989|1.0|OperatingMargin10,4
1060|21.974372921609834|15|1.464958194773989|1.0|OperatingMargin10,4
1065|21.974372921609834|15|1.464958194773989|1.0|OperatingMargin10,4
1070|21.974372921609834|15|1.464958194773989|1.0|OperatingMargin10,4
1075|21.974372921609834|15|1.464958194773989|1.0|OperatingMargin10,4
1080|21.974372921609834|15|1.464958194773989|1.0|OperatingMargin10,4
1085|21.974372921609834|15|1.464958194773989|1.0|OperatingMargin10,4
1090|21.974372921609834|15|1.464958194773989|1.0|OperatingMargin10,4
1095|21.974372921609834|15|1.464958194773989|1.0|OperatingMargin10,4
1100|21.974372921609834|15|1.464958194773989|1.0|OperatingMargin10,4
1105|21.974372921609834|15|1.464958194773989|1.0|OperatingMargin10,4
1110|21.974372921609834|15|1.464958194773989|1.0|OperatingMargin10,4
1115|21.974372921609834|15|1.464958194773989|1.0|OperatingMargin10,4
1120|21.974372921609834|15|1.464958194773989|1.0|OperatingMargin10,4
1125|21.974372921609834|15|1.464958194773989|1.0|OperatingMargin10,4
1130|21.974372921609834|15|1.464958194773989|1.0|OperatingMargin10,4
1135|21.974372921609834|15|1.464958194773989|1.0|OperatingMargin10,4
1140|21.974372921609834|15|1.464958194773989|1.0|OperatingMargin10,4
1145|21.974372921609834|15|1.464958194773989|1.0|OperatingMargin10,4
1150|21.974372921609834|15|1.464958194773989|1.0|OperatingMargin10,4
1155|21.974372921609834|15|1.464958194773989|1.0|OperatingMargin10,4
1160|21.974372921609834|15|1.464958194773989|1.0|OperatingMargin10,4
1165|21.974372921609834|15|1.464958194773989|1.0|OperatingMargin10,4
1170|21.974372921609834|15|1.464958194773989|1.0|OperatingMargin10,4
1175|21.974372921609834|15|1.464958194773989|1.0|OperatingMargin10,4
1180|21.974372921609834|15|1.464958194773989|1.0|OperatingMargin10,4
1185|21.974372921609834|15|1.464958194773989|1.0|OperatingMargin10,4
1190|21.974372921609834|15|1.464958194773989|1.0|OperatingMargin10,4
1195|21.974372921609834|15|1.464958194773989|1.0|OperatingMargin10,4
1200|21.974372921609834|15|1.464958194773989|1.0|OperatingMargin10,4
1205|21.974372921609834|15|1.464958194773989|1.0|OperatingMargin10,4
1210|21.974372921609834|15|1.464958194773989|1.0|OperatingMargin10,4
1215|21.974372921609834|15|1.464958194773989|1.0|OperatingMargin10,4
1220|21.974372921609834|15|1.464958194773989|1.0|OperatingMargin10,4
1225|21.974372921609834|15|1.464958194773989|1.0|OperatingMargin10,4
1230|21.974372921609834|15|1.464958194773989|1.0|OperatingMargin10,4
1235|21.974372921609834|15|1.464958194773989|1.0|OperatingMargin10,4
1240|21.974372921609834|15|1.464958194773989|1.0|OperatingMargin10,4
1245|21.974372921609834|15|1.464958194773989|1.0|OperatingMargin10,4
1250|21.974372921609834|15|1.464958194773989|1.0|OperatingMargin10,4
1255|21.974372921609834|15|1.464958194773989|1.0|OperatingMargin10,4
1260|21.974372921609834|15|1.464958194773989|1.0|OperatingMargin10,4
1265|21.974372921609834|15|1.464958194773989|1.0|OperatingMargin10,4
1270|21.974372921609834|15|1.464958194773989|1.0|OperatingMargin10,4
1275|21.974372921609834|15|1.464958194773989|1.0|OperatingMargin10,4
1280|21.974372921609834|15|1.464958194773989|1.0|OperatingMargin10,4
1285|21.974372921609834|15|1.464958194773989|1.0|OperatingMargin10,4
1290|21.974372921609834|15|1.464958194773989|1.0|OperatingMargin10,4
1295|21.974372921609834|15|1.464958194773989|1.0|OperatingMargin10,4
1300|21.974372921609834|15|1.464958194773989|1.0|OperatingMargin10,4
1305|21.974372921609834|15|1.464958194773989|1.0|OperatingMargin10,4
1310|21.974372921609834|15|1.464958194773989|1.0|OperatingMargin10,4
1315|21.974372921609834|15|1.464958194773989|1.0|OperatingMargin10,4
1320|21.974372921609834|15|1.464958194773989|1.0|OperatingMargin10,4
1325|21.974372921609834|15|1.464958194773989|1.0|OperatingMargin10,4
1330|21.974372921609834|15|1.464958194773989|1.0|OperatingMargin10,4
1335|21.974372921609834|15|1.464958194773989|1.0|OperatingMargin10,4
1340|21.974372921609834|15|1.464958194773989|1.0|OperatingMargin10,4
1345|21.974372921609834|15|1.464958194773989|1.0|OperatingMargin10,4
1350|21.974372921609834|15|1.464958194773989|1.0|OperatingMargin10,4
1355|21.974372921609834|15|1.464958194773989|1.0|OperatingMargin10,4
1360|21.974372921609834|15|1.464958194773989|1.0|OperatingMargin10,4
1365|21.974372921609834|15|1.464958194773989|1.0|OperatingMargin10,4
1370|21.974372921609834|15|1.464958194773989|1.0|OperatingMargin10,4
1375|21.974372921609834|15|1.464958194773989|1.0|OperatingMargin10,4
1380|21.974372921609834|15|1.464958194773989|1.0|OperatingMargin10,4
1385|21.974372921609834|15|1.464958194773989|1.0|OperatingMargin10,4
1390|21.974372921609834|15|1.464958194773989|1.0|OperatingMargin10,4
1395|21.974372921609834|15|1.464958194773989|1.0|OperatingMargin10,4
1400|21.974372921609834|15|1.464958194773989|1.0|OperatingMargin10,4
1405|21.974372921609834|15|1.464958194773989|1.0|OperatingMargin10,4
1410|21.974372921609834|15|1.464958194773989|1.0|OperatingMargin10,4
1415|21.974372921609834|15|1.464958194773989|1.0|OperatingMargin10,4
1420|21.974372921609834|15|1.464958194773989|1.0|OperatingMargin10,4
1425|21.974372921609834|15|1.464958194773989|1.0|OperatingMargin10,4
1430|21.974372921609834|15|1.464958194773989|1.0|OperatingMargin10,4
1435|21.974372921609834|15|1.464958194773989|1.0|OperatingMargin10,4
1440|21.974372921609834|15|1.464958194773989|1.0|OperatingMargin10,4
1445|21.974372921609834|15|1.464958194773989|1.0|OperatingMargin10,4
1450|21.974372921609834|15|1.464958194773989|1.0|OperatingMargin10,4
1455|21.974372921609834|15|1.464958194773989|1.0|OperatingMargin10,4
1460|21.974372921609834|15|1.464958194773989|1.0|OperatingMargin10,4
1465|21.974372921609834|15|1.464958194773989|1.0|OperatingMargin10,4
1470|21.974372921609834|15|1.464958194773989|1.0|OperatingMargin10,4
1475|21.974372921609834|15|1.464958194773989|1.0|OperatingMargin10,4
1480|21.974372921609834|15|1.464958194773989|1.0|OperatingMargin10,4
1485|21.974372921609834|15|1.464958194773989|1.0|OperatingMargin10,4
1490|21.974372921609834|15|1.464958194773989|1.0|OperatingMargin10,4
1495|21.974372921609834|15|1.464958194773989|1.0|OperatingMargin10,4
1500|21.974372921609834|15|1.464958194773989|1.0|OperatingMargin10,4
1505|21.974372921609834|15|1.464958194773989|1.0|OperatingMargin10,4
1510|21.974372921609834|15|1.464958194773989|1.0|OperatingMargin10,4
1515|21.974372921609834|15|1.464958194773989|1.0|OperatingMargin10,4
1520|21.974372921609834|15|1.464958194773989|1.0|OperatingMargin10,4
1525|21.974372921609834|15|1.464958194773989|1.0|OperatingMargin10,4
1530|21.974372921609834|15|1.464958194773989|1.0|OperatingMargin10,4
1535|21.974372921609834|15|1.464958194773989|1.0|OperatingMargin10,4
1540|21.974372921609834|15|1.464958194773989|1.0|OperatingMargin10,4
1545|21.974372921609834|15|1.464958194773989|1.0|OperatingMargin10,4
1550|21.974372921609834|15|1.464958194773989|1.0|OperatingMargin10,4
1555|21.974372921609834|15|1.464958194773989|1.0|OperatingMargin10,4
1560|21.974372921609834|15|1.464958194773989|1.0|OperatingMargin10,4
1565|21.974372921609834|15|1.464958194773989|1.0|OperatingMargin10,4
1570|21.974372921609834|15|1.464958194773989|1.0|OperatingMargin10,4
1575|21.974372921609834|15|1.464958194773989|1.0|OperatingMargin10,4
1580|21.974372921609834|15|1.464958194773989|1.0|OperatingMargin10,4
1585|21.974372921609834|15|1.464958194773989|1.0|OperatingMargin10,4
1590|21.974372921609834|15|1.464958194773989|1.0|OperatingMargin10,4
1595|21.974372921609834|15|1.464958194773989|1.0|OperatingMargin10,4
1600|21.974372921609834|15|1.464958194773989|1.0|OperatingMargin10,4
1605|21.974372921609834|15|1.464958194773989|1.0|OperatingMargin10,4
1610|21.974372921609834|15|1.464958194773989|1.0|OperatingMargin10,4
1615|21.974372921609834|15|1.464958194773989|1.0|OperatingMargin10,4
1620|21.974372921609834|15|1.464958194773989|1.0|OperatingMargin10,4
1625|21.974372921609834|15|1.464958194773989|1.0|OperatingMargin10,4
1630|21.974372921609834|15|1.464958194773989|1.0|OperatingMargin10,4
1635|21.974372921609834|15|1.464958194773989|1.0|OperatingMargin10,4
1640|21.974372921609834|15|1.464958194773989|1.0|OperatingMargin10,4
1645|21.974372921609834|15|1.464958194773989|1.0|OperatingMargin10,4
1650|21.974372921609834|15|1.464958194773989|1.0|OperatingMargin10,4
1655|21.974372921609834|15|1.464958194773989|1.0|OperatingMargin10,4
1660|21.974372921609834|15|1.464958194773989|1.0|OperatingMargin10,4
1665|21.974372921609834|15|1.464958194773989|1.0|OperatingMargin10,4
1670|21.974372921609834|15|1.464958194773989|1.0|OperatingMargin10,4
1675|21.974372921609834|15|1.464958194773989|1.0|OperatingMargin10,4
1680|21.974372921609834|15|1.464958194773989|1.0|OperatingMargin10,4
1685|21.974372921609834|15|1.464958194773989|1.0|OperatingMargin10,4
1690|21.974372921609834|15|1.464958194773989|1.0|OperatingMargin10,4
1695|21.974372921609834|15|1.464958194773989|1.0|OperatingMargin10,4
1700|21.974372921609834|15|1.464958194773989|1.0|OperatingMargin10,4
1705|21.974372921609834|15|1.464958194773989|1.0|OperatingMargin10,4
1710|21.974372921609834|15|1.464958194773989|1.0|OperatingMargin10,4
1715|21.974372921609834|15|1.464958194773989|1.0|OperatingMargin10,4
1720|21.974372921609834|15|1.464958194773989|1.0|OperatingMargin10,4
1725|21.974372921609834|15|1.464958194773989|1.0|OperatingMargin10,4
1730|21.974372921609834|15|1.464958194773989|1.0|OperatingMargin10,4
1735|21.974372921609834|15|1.464958194773989|1.0|OperatingMargin10,4
1740|21.974372921609834|15|1.464958194773989|1.0|OperatingMargin10,4
1745|21.974372921609834|15|1.464958194773989|1.0|OperatingMargin10,4
1750|21.974372921609834|15|1.464958194773989|1.0|OperatingMargin10,4
1755|21.974372921609834|15|1.464958194773989|1.0|OperatingMargin10,4
1760|21.974372921609834|15|1.464958194773989|1.0|OperatingMargin10,4
1765|21.974372921609834|15|1.464958194773989|1.0|OperatingMargin10,4
1770|21.974372921609834|15|1.464958194773989|1.0|OperatingMargin10,4
1775|21.974372921609834|15|1.464958194773989|1.0|OperatingMargin10,4
1780|21.974372921609834|15|1.464958194773989|1.0|OperatingMargin10,4
1785|21.974372921609834|15|1.464958194773989|1.0|OperatingMargin10,4
1790|21.974372921609834|15|1.464958194773989|1.0|OperatingMargin10,4
1795|21.974372921609834|15|1.464958194773989|1.0|OperatingMargin10,4
1800|21.974372921609834|15|1.464958194773989|1.0|OperatingMargin10,4
1805|21.974372921609834|15|1.464958194773989|1.0|OperatingMargin10,4
1810|21.974372921609834|15|1.464958194773989|1.0|OperatingMargin10,4
1815|21.974372921609834|15|1.464958194773989|1.0|OperatingMargin10,4
1820|21.974372921609834|15|1.464958194773989|1.0|OperatingMargin10,4
1825|21.974372921609834|15|1.464958194773989|1.0|OperatingMargin10,4
1830|21.974372921609834|15|1.464958194773989|1.0|OperatingMargin10,4
1835|21.974372921609834|15|1.464958194773989|1.0|OperatingMargin10,4
1840|21.974372921609834|15|1.464958194773989|1.0|OperatingMargin10,4
1845|21.974372921609834|15|1.464958194773989|1.0|OperatingMargin10,4
1850|21.974372921609834|15|1.464958194773989|1.0|OperatingMargin10,4
1855|21.974372921609834|15|1.464958194773989|1.0|OperatingMargin10,4
1860|21.974372921609834|15|1.464958194773989|1.0|OperatingMargin10,4
1865|21.974372921609834|15|1.464958194773989|1.0|OperatingMargin10,4
1870|21.974372921609834|15|1.464958194773989|1.0|OperatingMargin10,4
1875|21.974372921609834|15|1.464958194773989|1.0|OperatingMargin10,4
1880|21.974372921609834|15|1.464958194773989|1.0|OperatingMargin10,4
1885|21.974372921609834|15|1.464958194773989|1.0|OperatingMargin10,4
1890|21.974372921609834|15|1.464958194773989|1.0|OperatingMargin10,4
1895|21.974372921609834|15|1.464958194773989|1.0|OperatingMargin10,4
1900|21.974372921609834|15|1.464958194773989|1.0|OperatingMargin10,4
1905|21.974372921609834|15|1.464958194773989|1.0|OperatingMargin10,4
1910|21.974372921609834|15|1.464958194773989|1.0|OperatingMargin10,4
1915|21.974372921609834|15|1.464958194773989|1.0|OperatingMargin10,4
1920|21.974372921609834|15|1.464958194773989|1.0|OperatingMargin10,4
1925|21.974372921609834|15|1.464958194773989|1.0|OperatingMargin10,4
1930|21.974372921609834|15|1.464958194773989|1.0|OperatingMargin10,4
1935|21.974372921609834|15|1.464958194773989|1.0|OperatingMargin10,4
1940|21.974372921609834|15|1.464958194773989|1.0|OperatingMargin10,4
1945|21.974372921609834|15|1.464958194773989|1.0|OperatingMargin10,4
1950|21.974372921609834|15|1.464958194773989|1.0|OperatingMargin10,4
1955|21.974372921609834|15|1.464958194773989|1.0|OperatingMargin10,4
1960|21.974372921609834|15|1.464958194773989|1.0|OperatingMargin10,4
1965|21.974372921609834|15|1.464958194773989|1.0|OperatingMargin10,4
1970|21.974372921609834|15|1.464958194773989|1.0|OperatingMargin10,4
1975|21.974372921609834|15|1.464958194773989|1.0|OperatingMargin10,4
1980|21.974372921609834|15|1.464958194773989|1.0|OperatingMargin10,4
1985|21.974372921609834|15|1.464958194773989|1.0|OperatingMargin10,4
1990|21.974372921609834|15|1.464958194773989|1.0|OperatingMargin10,4
1995|21.974372921609834|15|1.464958194773989|1.0|OperatingMargin10,4
2000|21.974372921609834|15|1.464958194773989|1.0|OperatingMargin10,4
