Date,Open,High,Low,Close,Volume
17-May-13,180.88,184.58,180.52,184.57,3312788
16-May-13,181.74,181.74,179.78,179.80,2478507
15-May-13,179.99,181.80,179.67,181.76,3406063
14-May-13,178.98,181.49,178.64,180.32,4019256
13-May-13,178.58,180.44,178.13,178.93,3120421
10-May-13,178.68,179.02,177.55,178.75,3460046
9-May-13,179.23,179.88,178.23,178.58,2875246
8-May-13,179.46,179.50,177.70,179.26,3612217
7-May-13,179.49,179.86,177.22,179.79,2969024
6-May-13,179.34,180.77,178.12,178.89,3275366
3-May-13,176.96,180.84,176.43,179.54,3756689
2-May-13,170.00,179.66,170.00,175.40,7670360
1-May-13,166.99,168.26,163.60,166.02,3070126
30-Apr-13,168.59,169.90,168.04,168.46,3041870
29-Apr-13,167.73,168.50,167.16,167.90,2673642
26-Apr-13,168.76,169.60,167.14,167.23,1531783
25-Apr-13,167.91,170.48,167.44,168.76,2334445
24-Apr-13,165.66,167.57,165.60,167.06,1862199
23-Apr-13,164.27,165.68,163.53,165.66,1581319
22-Apr-13,163.57,164.35,162.49,163.53,1350833
19-Apr-13,162.08,164.11,161.75,163.96,1905376
18-Apr-13,162.59,163.39,161.27,161.41,5252856
17-Apr-13,163.74,164.03,161.94,162.23,2386085
16-Apr-13,162.65,164.80,162.50,164.71,2524038
15-Apr-13,164.62,164.88,161.29,161.29,2693537
12-Apr-13,165.91,166.83,165.10,165.75,1769109
11-Apr-13,167.00,167.90,166.22,167.62,1647459
10-Apr-13,164.97,167.30,164.97,166.99,2249834
9-Apr-13,166.83,166.88,164.01,164.75,1501367
8-Apr-13,165.64,166.37,164.48,166.29,1531528
5-Apr-13,164.21,165.42,163.59,165.16,1991147
4-Apr-13,165.42,166.53,165.01,166.48,2225957
3-Apr-13,168.42,168.53,164.28,164.75,4156172
2-Apr-13,168.42,168.90,167.31,167.95,2395438
1-Apr-13,169.75,170.99,166.90,167.35,3309109
28-Mar-13,168.75,170.96,168.13,169.84,3115207
27-Mar-13,166.61,169.23,165.51,168.66,3343011
26-Mar-13,164.90,167.78,164.54,167.46,4316998
25-Mar-13,160.75,164.28,160.50,164.00,4834835
22-Mar-13,158.21,160.16,157.72,160.09,4697514
21-Mar-13,158.45,159.73,157.80,157.80,3721989
20-Mar-13,157.00,159.97,156.72,159.33,4017504
19-Mar-13,158.00,159.35,155.68,156.00,4413037
18-Mar-13,157.28,159.18,156.40,158.07,3790973
15-Mar-13,160.03,160.64,158.53,158.55,4403915
14-Mar-13,159.40,161.07,159.30,160.66,3715190
13-Mar-13,159.50,160.40,158.85,159.37,2755354
12-Mar-13,160.68,160.97,159.03,159.80,2085327
11-Mar-13,161.37,161.60,160.41,161.18,1685646
8-Mar-13,161.34,161.40,159.89,160.67,2393691
7-Mar-13,160.87,161.78,159.65,160.51,2173247
6-Mar-13,160.86,161.70,160.20,161.06,1879081
5-Mar-13,160.09,161.78,159.86,160.29,2568562
4-Mar-13,157.76,159.54,157.55,159.50,1642530
1-Mar-13,157.93,158.86,156.65,158.08,3303329
28-Feb-13,160.34,160.34,158.31,158.64,2809626
27-Feb-13,157.45,160.10,157.30,159.87,2079414
26-Feb-13,156.01,158.59,156.01,157.83,2838801
25-Feb-13,159.20,160.35,155.89,155.89,2796201
22-Feb-13,158.30,159.58,156.69,159.43,2935051
21-Feb-13,155.12,158.29,154.79,157.44,3555145
20-Feb-13,157.12,157.61,155.19,155.42,3922402
19-Feb-13,158.01,158.79,156.66,157.61,3302620
15-Feb-13,156.35,158.08,155.74,157.99,4474092
14-Feb-13,154.60,156.65,154.30,155.98,3190192
13-Feb-13,156.45,157.39,154.14,154.77,3479480
12-Feb-13,156.84,157.70,156.42,156.80,2451328
11-Feb-13,157.58,158.17,155.94,156.33,2758133
8-Feb-13,157.40,158.94,157.10,157.80,3228610
7-Feb-13,158.98,159.79,156.96,157.06,5047327
6-Feb-13,159.22,160.88,158.62,160.82,3767505
5-Feb-13,157.62,159.60,156.80,159.53,2776818
4-Feb-13,157.77,158.40,156.56,156.65,2633059
1-Feb-13,159.00,159.48,157.36,158.56,3186422
31-Jan-13,159.00,159.50,156.35,157.91,4172880
30-Jan-13,156.99,159.09,154.75,155.01,4677676
29-Jan-13,155.74,157.09,155.12,156.66,2915960
28-Jan-13,160.28,160.58,156.30,156.35,3382914
25-Jan-13,159.92,160.14,159.03,159.84,1675335
24-Jan-13,159.30,160.17,158.90,159.56,1698453
23-Jan-13,158.29,159.96,158.08,159.05,1778273
22-Jan-13,158.68,159.68,157.78,159.05,1729515
18-Jan-13,158.52,158.53,156.50,158.27,3453277
17-Jan-13,161.00,161.09,159.61,159.88,1959266
16-Jan-13,160.11,160.78,159.31,160.20,1366344
15-Jan-13,159.82,160.65,159.08,160.45,1673919
14-Jan-13,161.28,161.81,159.55,160.65,2219324
11-Jan-13,159.78,161.25,159.50,161.16,2394809
10-Jan-13,162.03,162.77,159.27,160.51,4078566
9-Jan-13,161.40,162.55,159.71,161.79,4388794
8-Jan-13,157.65,159.36,157.01,159.36,2950681
7-Jan-13,156.94,158.77,156.80,157.89,2560688
4-Jan-13,155.60,157.19,154.78,156.77,2594774
3-Jan-13,157.11,158.08,154.82,155.50,3734816
2-Jan-13,154.16,155.94,153.93,155.38,3957001
31-Dec-12,148.35,151.61,148.35,151.58,3217446
28-Dec-12,148.46,149.93,148.25,148.65,1744303
27-Dec-12,149.69,150.65,147.90,149.40,2994454
26-Dec-12,151.28,151.29,149.20,149.76,1903549
24-Dec-12,150.23,151.62,150.23,151.18,818321
21-Dec-12,150.97,151.98,149.96,150.77,3483171
20-Dec-12,149.88,152.51,149.32,152.46,2716736
19-Dec-12,150.80,150.84,149.15,149.16,2160012
18-Dec-12,149.01,151.55,148.70,150.72,2967785
17-Dec-12,146.97,149.13,146.90,149.13,3476204
14-Dec-12,146.88,147.69,146.25,146.82,2394792
13-Dec-12,148.11,149.10,146.89,147.20,3261116
12-Dec-12,149.69,149.80,147.83,147.88,4580090
11-Dec-12,148.40,150.33,148.40,148.90,3623102
10-Dec-12,148.75,149.27,148.27,148.66,2324088
7-Dec-12,149.12,149.28,147.79,148.55,1889209
6-Dec-12,148.45,148.90,147.06,148.47,2281108
5-Dec-12,148.51,148.51,146.10,148.06,2992711
4-Dec-12,148.98,149.25,147.20,147.59,2275258
3-Dec-12,150.00,150.72,148.44,148.64,2934423
30-Nov-12,148.32,149.93,148.01,149.71,3512217
29-Nov-12,147.93,148.33,147.24,148.18,3143186
28-Nov-12,146.03,147.35,145.89,147.29,2589531
27-Nov-12,147.12,147.84,146.33,146.78,2495414
26-Nov-12,147.61,147.61,146.42,147.25,2155866
23-Nov-12,147.30,148.12,146.40,148.12,1113523
21-Nov-12,146.22,146.90,145.74,146.66,1641590
20-Nov-12,145.54,147.38,145.16,146.34,2391591
19-Nov-12,144.00,145.66,143.66,145.65,3780092
16-Nov-12,140.02,143.55,140.02,142.71,4158170
15-Nov-12,140.00,140.48,138.53,140.00,3429619
14-Nov-12,142.60,143.23,139.65,139.95,3401999
13-Nov-12,142.60,144.79,142.45,142.45,2537271
12-Nov-12,142.02,143.78,142.02,143.24,2236554
9-Nov-12,140.92,143.81,140.28,142.93,2950024
8-Nov-12,142.15,143.25,141.88,142.06,2533609
7-Nov-12,142.54,143.59,141.53,142.56,2609355
6-Nov-12,142.48,144.84,141.90,143.86,2272503
5-Nov-12,142.75,143.89,141.22,141.50,3465993
2-Nov-12,144.06,146.41,143.40,143.40,4624671
1-Nov-12,140.82,144.36,140.30,143.88,5327450
31-Oct-12,137.60,139.97,137.40,138.76,3576777
26-Oct-12,137.83,138.89,136.87,138.31,3037218
25-Oct-12,137.83,138.70,136.52,137.55,3968858
24-Oct-12,137.50,138.37,136.44,136.49,2869411
23-Oct-12,137.95,137.98,135.93,136.64,2980797
22-Oct-12,139.81,140.05,138.03,139.00,2445665
19-Oct-12,142.31,142.36,139.76,139.97,2533797
18-Oct-12,142.36,143.10,141.13,141.88,2810348
17-Oct-12,141.16,142.77,140.80,142.56,2531424
16-Oct-12,140.20,141.77,140.02,141.16,2081309
15-Oct-12,139.36,140.24,138.60,139.89,2423758
12-Oct-12,139.37,139.99,138.43,139.12,2029329
11-Oct-12,138.20,139.83,138.19,139.05,3515178
10-Oct-12,136.63,137.98,136.32,137.42,2012587
9-Oct-12,139.17,139.38,136.72,136.74,2494899
8-Oct-12,139.00,139.50,138.56,138.71,1700803
5-Oct-12,140.74,141.59,139.50,140.26,2820134
4-Oct-12,138.80,139.82,138.20,139.67,2119390
3-Oct-12,136.65,138.60,135.99,138.52,2929316
2-Oct-12,136.59,137.10,135.48,136.00,2510331
1-Oct-12,134.87,137.90,134.87,136.73,3675565
28-Sep-12,133.98,134.62,133.24,134.28,2357915
27-Sep-12,132.71,134.24,132.52,133.91,2108116
26-Sep-12,134.14,134.56,132.38,132.52,2659297
25-Sep-12,133.84,135.40,133.62,134.56,3849583
24-Sep-12,134.11,134.97,133.51,133.74,2632575
21-Sep-12,135.30,135.95,134.90,135.00,7309268
20-Sep-12,134.29,134.84,133.47,134.61,3194833
19-Sep-12,133.87,135.52,133.73,134.79,2994299
18-Sep-12,133.09,133.85,132.53,133.66,3298262
17-Sep-12,134.46,134.85,133.62,133.87,2662228
14-Sep-12,135.25,135.30,133.75,134.25,3322681
13-Sep-12,132.95,136.65,132.58,134.98,3937255
12-Sep-12,131.65,133.48,131.58,133.46,3664166
11-Sep-12,128.88,132.44,128.81,131.49,3972529
10-Sep-12,128.42,129.88,128.42,128.68,2908312
7-Sep-12,129.51,129.96,128.67,129.71,2697255
6-Sep-12,128.18,129.50,127.80,129.50,3925150
5-Sep-12,128.86,129.00,126.95,127.61,3174648
4-Sep-12,129.00,129.15,127.62,128.52,2550777
31-Aug-12,127.51,128.37,126.26,128.25,3447075
30-Aug-12,127.10,127.10,126.18,126.70,2143316
29-Aug-12,127.55,128.05,126.72,128.02,2145892
28-Aug-12,127.86,128.24,127.22,127.40,1965650
27-Aug-12,127.29,128.14,127.04,127.66,2205088
24-Aug-12,126.59,127.02,125.81,126.66,2662681
23-Aug-12,127.93,128.50,126.75,127.15,1749974
22-Aug-12,126.87,128.50,126.52,128.10,2216475
21-Aug-12,128.71,129.25,127.00,127.52,1901260
20-Aug-12,128.61,128.72,128.00,128.16,2168557
17-Aug-12,129.99,130.04,128.28,128.69,2395593
16-Aug-12,128.70,129.94,128.70,129.68,2280254
15-Aug-12,129.18,130.30,128.59,129.06,1933864
14-Aug-12,129.12,130.18,128.54,129.89,2183158
13-Aug-12,128.64,129.00,127.40,128.32,1613448
10-Aug-12,128.19,129.29,128.00,129.09,1496190
9-Aug-12,130.88,130.97,127.75,128.51,3551031
8-Aug-12,130.78,131.52,130.40,131.15,1991672
7-Aug-12,130.83,131.43,129.34,130.40,3294828
6-Aug-12,131.00,132.58,130.62,131.03,2306851
3-Aug-12,130.36,131.54,128.86,130.98,3233562
2-Aug-12,126.80,129.29,126.19,129.27,2778042
1-Aug-12,128.50,129.41,127.00,127.46,2902994
31-Jul-12,130.43,130.68,128.50,129.07,2241119
30-Jul-12,128.85,132.35,128.71,130.84,3163169
27-Jul-12,126.93,129.50,125.70,129.14,3484905
26-Jul-12,124.97,128.19,124.20,126.77,5259518
25-Jul-12,123.38,124.09,121.54,122.20,3829202
24-Jul-12,124.50,124.76,121.28,122.65,3378072
23-Jul-12,124.05,125.06,123.25,124.47,2851096
20-Jul-12,124.61,126.18,123.65,125.75,2954331
19-Jul-12,128.30,128.63,125.33,125.39,3458190
18-Jul-12,127.50,128.80,127.40,127.82,2975804
17-Jul-12,128.13,128.24,126.04,128.23,2691637
16-Jul-12,128.20,131.00,125.87,127.15,7651890
13-Jul-12,122.50,124.64,122.15,124.09,3033131
12-Jul-12,119.11,123.43,119.10,122.64,3766865
11-Jul-12,121.91,122.25,119.58,120.74,2911037
10-Jul-12,124.33,124.75,121.81,122.28,4551016
9-Jul-12,123.15,124.05,121.04,123.65,4421727
6-Jul-12,126.08,126.73,124.78,125.28,2407737
5-Jul-12,125.74,127.47,125.67,127.01,2824448
3-Jul-12,126.49,127.00,125.66,126.34,1592290
2-Jul-12,124.26,126.80,124.00,126.62,4262243
29-Jun-12,123.26,124.04,121.53,123.63,3982895
28-Jun-12,123.00,123.41,119.57,121.52,2878892
27-Jun-12,123.36,124.12,122.53,123.44,3442073
26-Jun-12,121.76,123.92,121.67,123.16,3282405
25-Jun-12,122.86,123.29,121.15,121.27,4040962
22-Jun-12,120.25,124.95,119.33,124.95,9309081
21-Jun-12,122.58,122.87,119.31,119.48,3265382
20-Jun-12,121.10,122.59,121.03,122.59,3175963
19-Jun-12,120.86,121.60,120.50,121.35,2567523
18-Jun-12,118.01,120.48,117.46,120.10,2734036
15-Jun-12,117.37,118.50,116.93,118.40,3142183
14-Jun-12,115.26,117.01,114.26,116.49,3288145
13-Jun-12,115.80,116.97,114.65,114.90,3722709
12-Jun-12,116.41,117.16,115.72,117.16,2599611
11-Jun-12,117.27,117.93,116.22,116.35,2735890
8-Jun-12,116.39,116.60,115.45,116.58,2594372
7-Jun-12,117.83,118.00,116.55,116.81,2289667
6-Jun-12,114.97,116.50,114.83,116.34,3096134
5-Jun-12,113.76,114.53,113.14,113.81,2843760
4-Jun-12,112.03,114.44,112.02,114.16,4162032
1-Jun-12,113.64,114.89,111.94,112.25,4665402
31-May-12,117.75,118.36,114.72,115.20,5252208
30-May-12,118.71,119.74,117.46,117.49,4588625
29-May-12,120.15,120.95,119.00,120.28,4501882
25-May-12,119.39,120.40,118.95,119.37,2944986
24-May-12,119.72,121.00,118.77,119.77,3187352
23-May-12,117.62,119.46,117.39,119.17,4139449
22-May-12,116.41,119.25,116.41,118.39,4648563
21-May-12,113.27,116.32,112.66,116.22,3318029
18-May-12,114.85,115.25,112.50,112.64,6485003
17-May-12,117.00,118.26,115.01,115.01,4455572
16-May-12,116.99,118.20,116.30,117.53,4334804
15-May-12,116.45,117.90,116.45,116.61,3147367
14-May-12,116.83,118.36,115.83,116.72,4061807
11-May-12,117.36,118.97,117.26,117.92,2034998
10-May-12,118.30,119.49,117.64,118.17,3367772
9-May-12,117.31,118.98,116.57,117.42,4419602
8-May-12,118.10,119.08,116.15,118.14,3650407
7-May-12,116.96,119.09,116.96,118.51,3369138
4-May-12,116.22,118.89,115.31,117.79,5852729
3-May-12,122.01,122.51,115.38,116.41,11959599
2-May-12,121.61,123.19,120.67,122.19,6341678
1-May-12,123.47,125.35,123.04,123.09,4295654
30-Apr-12,124.11,124.15,122.31,122.98,2343729
27-Apr-12,123.74,124.21,122.86,123.52,2165286
26-Apr-12,121.89,123.50,121.51,123.19,2777677
25-Apr-12,119.74,122.40,119.56,121.79,3037607
24-Apr-12,118.35,119.24,117.49,118.93,2360298
23-Apr-12,120.25,120.81,116.48,118.10,4337505
20-Apr-12,121.82,122.15,120.58,121.01,1960215
19-Apr-12,121.27,122.26,120.51,121.19,2131403
18-Apr-12,121.61,122.48,121.32,121.78,2121206
17-Apr-12,121.63,122.50,121.25,122.08,2582222
16-Apr-12,123.04,123.05,120.04,120.83,4577137
13-Apr-12,120.40,123.68,120.31,123.16,5374311
12-Apr-12,117.47,121.16,117.19,121.02,4291518
11-Apr-12,118.02,118.95,116.97,117.38,3542780
10-Apr-12,119.48,119.77,116.59,116.74,2670012
9-Apr-12,119.66,120.35,118.71,119.50,3324683
5-Apr-12,118.32,121.15,118.07,121.01,3350316
4-Apr-12,119.49,119.68,118.20,118.98,2577112
3-Apr-12,118.84,120.59,118.37,120.36,3923696
2-Apr-12,118.00,119.90,117.10,118.98,2944352
30-Mar-12,119.09,119.20,117.60,118.00,3000483
29-Mar-12,118.54,119.18,117.55,119.00,2172704
28-Mar-12,119.68,120.30,118.51,119.35,2247923
27-Mar-12,119.98,120.28,119.55,119.81,2665466
26-Mar-12,119.36,120.70,117.25,120.06,4092043
23-Mar-12,117.51,119.00,116.90,118.78,2538836
22-Mar-12,116.15,117.50,116.00,117.28,2341923
21-Mar-12,117.09,117.65,116.58,116.75,2106733
20-Mar-12,118.15,118.60,116.00,116.52,2647163
19-Mar-12,116.44,119.72,116.15,118.84,3979886
16-Mar-12,117.43,117.50,116.27,116.68,4002152
15-Mar-12,116.62,117.47,116.30,117.00,3323425
14-Mar-12,117.31,117.89,116.47,116.75,3749091
13-Mar-12,116.91,117.41,115.68,117.27,3198077
12-Mar-12,117.02,117.55,116.07,116.53,1927301
9-Mar-12,118.07,118.39,117.01,117.17,2114334
8-Mar-12,116.68,118.18,116.03,117.97,2381117
7-Mar-12,115.72,116.10,114.96,115.64,2674377
6-Mar-12,115.22,115.50,113.54,114.84,3326123
5-Mar-12,116.16,116.83,115.90,116.24,2539197
2-Mar-12,116.51,116.97,115.60,116.16,3054632
1-Mar-12,117.45,117.99,116.55,117.18,2793628
29-Feb-12,119.02,119.36,116.01,116.37,3804983
28-Feb-12,117.16,118.97,117.05,118.95,2984400
27-Feb-12,117.07,117.30,116.30,116.86,3953751
24-Feb-12,116.49,117.77,115.90,117.54,2773660
23-Feb-12,116.36,116.80,115.66,116.48,2722672
22-Feb-12,113.79,116.75,113.30,116.36,3595558
21-Feb-12,115.26,116.00,113.85,114.20,2704901
17-Feb-12,114.41,115.25,113.80,115.01,3879310
16-Feb-12,115.46,115.73,113.60,113.80,3993328
15-Feb-12,115.74,117.18,114.64,115.10,5425293
14-Feb-12,112.11,115.25,112.09,115.24,4490888
13-Feb-12,114.25,115.17,112.36,112.71,5519971
10-Feb-12,111.79,114.00,111.40,113.90,5472281
9-Feb-12,113.06,114.90,112.05,112.42,9902007
8-Feb-12,107.77,108.64,107.02,108.35,5685422
7-Feb-12,107.46,107.55,106.06,106.98,3262851
6-Feb-12,106.94,108.27,106.80,107.36,3337952
3-Feb-12,106.79,107.82,106.59,107.03,4133478
2-Feb-12,103.78,107.12,103.59,106.06,8436287
1-Feb-12,101.18,102.70,100.60,102.51,3844465
31-Jan-12,100.49,100.78,99.83,100.64,3310204
30-Jan-12,100.14,100.52,99.50,99.88,3119526
27-Jan-12,100.41,101.53,99.90,101.05,2840735
26-Jan-12,100.72,102.15,99.98,100.86,3484877
25-Jan-12,100.61,100.97,99.80,100.56,3772078
24-Jan-12,99.05,101.27,98.99,101.01,3035274
23-Jan-12,100.75,100.89,98.80,99.60,4041556
20-Jan-12,102.39,102.52,99.80,100.58,5008911
19-Jan-12,104.16,104.20,102.25,102.37,3642621
18-Jan-12,102.16,103.88,102.11,103.78,2938146
17-Jan-12,101.30,102.94,101.19,102.53,4255411
13-Jan-12,100.72,101.79,100.28,100.74,4156749
12-Jan-12,99.38,101.68,99.38,101.34,4177268
11-Jan-12,98.98,99.50,98.33,99.11,4753917
10-Jan-12,100.87,100.95,99.45,99.80,4678363
9-Jan-12,101.01,101.18,98.78,99.90,4500949
6-Jan-12,101.96,102.22,100.22,100.71,3272245
5-Jan-12,100.71,102.21,99.66,101.91,3024116
4-Jan-12,101.69,102.46,100.00,101.15,4131763
3-Jan-12,103.40,103.40,101.85,102.99,4209534
30-Dec-11,103.17,103.20,101.49,101.53,2149008
29-Dec-11,101.00,103.24,100.82,103.15,2159712
28-Dec-11,101.69,102.00,100.60,100.72,2492375
27-Dec-11,102.49,103.45,101.91,101.91,2180020
23-Dec-11,100.93,102.50,100.51,102.48,1950777
22-Dec-11,100.61,101.97,100.10,100.54,3359888
21-Dec-11,101.11,101.26,99.50,100.72,3810981
20-Dec-11,99.53,101.50,99.36,101.35,6863755
19-Dec-11,97.51,99.37,97.51,98.58,5886056
16-Dec-11,96.67,97.75,96.41,97.44,4389172
15-Dec-11,97.32,97.32,95.57,95.82,5255014
14-Dec-11,95.71,96.74,95.05,96.36,4788635
13-Dec-11,97.44,97.54,95.53,95.91,3391261
12-Dec-11,96.64,97.40,95.83,96.92,3411007
9-Dec-11,96.63,97.46,95.51,97.19,2993419
8-Dec-11,96.94,97.87,95.59,95.80,3559877
7-Dec-11,95.27,97.44,95.05,97.07,4013854
6-Dec-11,96.04,96.28,95.08,95.37,3534273
5-Dec-11,98.28,98.29,95.20,96.06,4183421
2-Dec-11,98.39,98.60,96.80,97.20,3231986
1-Dec-11,95.92,98.26,95.75,97.76,4760826
30-Nov-11,94.85,97.03,94.64,96.97,5376242
29-Nov-11,93.47,93.50,92.54,92.90,3628347
28-Nov-11,91.67,93.75,91.13,93.47,3698281
25-Nov-11,89.04,90.39,88.78,89.02,1733391
23-Nov-11,90.36,91.76,89.20,89.29,5266433
22-Nov-11,90.95,92.19,90.63,90.84,3367444
21-Nov-11,89.66,91.87,89.10,91.21,3961743
18-Nov-11,91.52,91.65,90.43,90.81,3226489
17-Nov-11,93.69,94.01,90.86,91.40,4307267
16-Nov-11,94.55,95.00,93.17,93.40,3250241
15-Nov-11,94.02,95.82,93.85,95.63,3538237
14-Nov-11,94.61,95.72,93.57,93.82,2607957
11-Nov-11,93.79,95.65,93.71,95.16,3412133
10-Nov-11,94.35,94.35,92.59,93.04,2812132
9-Nov-11,92.29,94.10,92.29,93.13,4899207
8-Nov-11,93.43,94.66,93.40,94.54,4900787
7-Nov-11,92.80,93.33,91.52,92.96,2411766
4-Nov-11,92.33,93.63,91.65,92.64,3402086
3-Nov-11,92.06,93.80,90.28,93.18,4603139
2-Nov-11,93.04,93.99,91.12,91.50,6141408
1-Nov-11,91.16,92.46,90.00,90.03,7635326
31-Oct-11,94.28,95.87,93.24,93.26,4456429
28-Oct-11,93.25,95.75,93.25,95.10,5824927
27-Oct-11,91.00,94.49,90.60,94.40,10393380
26-Oct-11,92.14,92.73,89.60,92.02,6686559
25-Oct-11,93.50,93.63,90.55,90.68,4206689
24-Oct-11,93.29,94.41,93.19,94.21,3035065
21-Oct-11,92.49,93.43,91.90,93.43,3532946
20-Oct-11,90.80,91.97,90.27,91.35,4411509
19-Oct-11,94.21,94.48,89.88,90.08,5416256
18-Oct-11,91.11,94.50,90.59,93.91,3599910
17-Oct-11,93.13,93.92,91.03,91.19,3460680
14-Oct-11,93.42,94.65,93.17,93.92,3950160
13-Oct-11,90.50,92.93,90.46,92.60,3298333
12-Oct-11,90.98,92.33,90.71,91.17,4766264
11-Oct-11,88.71,90.86,88.45,90.51,4406688
10-Oct-11,87.79,89.29,87.40,89.25,3331334
7-Oct-11,87.43,88.00,85.77,86.25,4388251
6-Oct-11,84.88,87.28,84.42,87.13,4871537
5-Oct-11,84.60,85.45,83.22,84.99,6278437
4-Oct-11,83.04,85.09,81.71,84.78,7853870
3-Oct-11,84.97,86.64,84.22,84.26,6555816
30-Sep-11,86.22,87.62,85.25,85.72,4488989
29-Sep-11,88.97,88.97,86.00,87.69,3888234
28-Sep-11,89.80,89.85,87.46,87.63,4272502
27-Sep-11,91.13,91.70,89.12,89.48,5017012
26-Sep-11,90.99,91.52,88.17,90.28,4773806
23-Sep-11,87.96,90.93,87.96,90.08,5381447
22-Sep-11,88.74,90.00,86.19,88.30,8923322
21-Sep-11,92.64,94.13,91.40,91.42,7017659
20-Sep-11,90.40,94.75,90.26,92.84,9015993
19-Sep-11,89.47,90.67,88.67,90.03,5523576
16-Sep-11,90.62,91.52,89.63,90.85,12570355
15-Sep-11,90.01,90.60,88.35,90.50,5369702
14-Sep-11,88.23,90.20,87.56,89.58,6536845
13-Sep-11,87.66,87.91,86.66,87.77,4367917
12-Sep-11,85.72,87.48,85.49,87.45,4902088
9-Sep-11,86.88,88.41,85.96,86.35,6623098
8-Sep-11,87.76,89.10,87.44,87.46,4598528
7-Sep-11,86.82,88.53,86.70,88.48,4138331
6-Sep-11,83.25,86.25,83.25,85.86,3952231
2-Sep-11,85.72,87.12,85.10,85.55,3953449
1-Sep-11,87.72,88.96,87.03,87.73,5200430
31-Aug-11,88.50,88.85,86.75,87.88,6023154
30-Aug-11,86.62,88.33,86.30,87.93,4155685
29-Aug-11,86.98,87.93,86.07,86.58,4642370
26-Aug-11,83.51,85.95,82.67,85.85,5374659
25-Aug-11,86.47,86.93,83.94,84.11,6068587
24-Aug-11,83.60,86.58,83.11,86.38,7287841
23-Aug-11,80.22,83.79,79.78,83.77,5019047
22-Aug-11,81.23,81.50,79.25,79.79,4835395
19-Aug-11,79.33,81.68,79.33,79.60,7793016
18-Aug-11,81.51,82.75,79.95,80.29,8249928
17-Aug-11,85.97,86.18,83.32,83.99,4772479
16-Aug-11,85.00,86.37,84.61,85.83,5090081
15-Aug-11,85.11,86.23,84.51,85.87,4582106
12-Aug-11,85.11,85.79,83.43,83.83,4149609
11-Aug-11,80.15,85.69,79.70,84.52,9340027
10-Aug-11,81.28,81.64,79.02,79.28,9607344
9-Aug-11,80.35,82.87,76.11,82.76,14677459
8-Aug-11,80.18,82.22,78.08,79.24,19374757
5-Aug-11,85.34,85.67,80.88,83.41,8407334
4-Aug-11,86.77,86.81,84.88,84.99,9709815
3-Aug-11,84.53,87.75,83.81,87.48,8828715
2-Aug-11,85.00,86.39,83.56,83.56,4331782
1-Aug-11,87.00,87.33,85.06,85.68,3378549
29-Jul-11,85.84,86.24,83.60,85.54,4177651
28-Jul-11,88.13,88.97,86.66,86.92,4809293
27-Jul-11,88.32,89.00,87.25,87.75,6026453
26-Jul-11,89.02,89.99,88.70,89.20,2677916
25-Jul-11,88.64,90.23,88.37,89.08,3339261
22-Jul-11,88.10,89.78,88.10,89.52,2259108
21-Jul-11,89.05,90.38,88.04,88.05,5260195
20-Jul-11,89.49,89.49,88.22,88.64,2370583
19-Jul-11,88.49,89.27,88.20,89.21,5398626
18-Jul-11,88.32,88.90,87.71,88.07,3378906
15-Jul-11,88.69,88.88,87.71,88.75,4000275
14-Jul-11,88.25,89.39,87.78,87.94,4304362
13-Jul-11,88.14,89.96,88.02,88.74,4715918
12-Jul-11,88.02,88.80,87.59,87.70,4607507
11-Jul-11,88.61,89.24,87.68,87.90,6433559
8-Jul-11,88.97,90.15,88.40,89.73,5204697
7-Jul-11,88.20,90.83,88.00,90.15,12132780
6-Jul-11,87.84,89.23,86.85,88.20,8406152
5-Jul-11,86.96,88.80,86.34,88.32,8272980
1-Jul-11,84.10,88.93,83.76,87.97,15435728
30-Jun-11,86.13,87.36,83.93,84.26,29981432
29-Jun-11,75.92,87.32,74.79,86.57,33027268
28-Jun-11,74.28,75.45,74.21,75.28,5824395
27-Jun-11,73.79,74.05,73.11,73.89,5220300
24-Jun-11,75.31,75.35,73.33,73.37,9926443
23-Jun-11,74.19,75.40,74.00,75.31,5101396
22-Jun-11,74.94,75.98,74.57,74.66,4431945
21-Jun-11,74.56,75.19,74.15,74.99,6323785
20-Jun-11,74.28,74.34,73.64,74.05,5636686
17-Jun-11,75.41,75.49,74.20,74.43,6464800
16-Jun-11,74.80,75.38,74.38,74.88,5260538
15-Jun-11,75.54,76.03,74.81,74.84,5693869
14-Jun-11,75.11,76.27,74.83,75.93,7508441
13-Jun-11,74.85,75.14,74.30,74.86,5205394
10-Jun-11,76.21,76.31,74.55,74.69,7367486
9-Jun-11,76.28,76.73,75.88,76.43,8018472
8-Jun-11,78.69,78.69,74.37,76.71,20196552
7-Jun-11,78.80,80.13,78.52,79.82,6965154
6-Jun-11,79.00,79.57,78.15,78.20,4406903
3-Jun-11,79.81,80.36,78.96,79.13,4739042
2-Jun-11,79.19,80.82,79.15,80.70,4866533
1-Jun-11,80.76,80.76,79.18,79.18,4434044
31-May-11,80.02,81.11,80.01,81.06,3818688
27-May-11,78.66,79.84,78.37,79.80,3836151
26-May-11,78.57,79.36,77.64,79.29,5281461
25-May-11,76.96,79.08,76.61,78.75,4501099
24-May-11,77.01,77.78,76.66,77.60,3707063
23-May-11,77.09,77.74,76.60,76.92,4566634
20-May-11,79.34,79.84,78.23,78.23,4305752
19-May-11,80.13,80.14,79.41,79.64,3738633
18-May-11,80.43,80.43,79.48,80.01,5033537
17-May-11,79.80,80.80,79.75,80.60,5528801
16-May-11,79.15,81.30,79.12,79.94,4691366
13-May-11,80.00,80.18,79.70,79.91,5372771
12-May-11,79.09,80.05,79.08,79.93,6270890
11-May-11,80.22,80.25,78.95,79.34,4417675
10-May-11,79.97,80.70,79.72,80.35,4929011
9-May-11,79.13,79.98,79.04,79.86,4774897
6-May-11,78.50,79.86,78.27,79.41,7441176
5-May-11,79.10,79.37,78.20,78.70,5249810
4-May-11,79.85,80.15,79.05,79.77,4339169
3-May-11,79.63,80.17,79.30,80.00,4740865
2-May-11,78.46,79.67,78.12,79.14,3376587
29-Apr-11,77.70,78.45,74.23,78.12,2719374
28-Apr-11,78.84,78.84,77.55,77.66,2856789
27-Apr-11,78.80,78.97,77.89,78.89,2247119
26-Apr-11,77.80,79.00,77.40,78.77,3783510
25-Apr-11,77.77,77.87,77.30,77.76,1781859
21-Apr-11,77.36,77.98,77.05,77.77,2749656
20-Apr-11,76.61,77.91,76.41,77.37,3713035
19-Apr-11,75.49,75.98,75.16,75.92,3566262
18-Apr-11,75.58,76.30,75.45,75.68,3835033
15-Apr-11,76.47,77.00,76.06,76.47,5065597
14-Apr-11,77.14,77.26,76.16,76.31,4652374
13-Apr-11,77.36,77.99,77.20,77.50,4566915
12-Apr-11,76.92,77.58,76.77,77.03,5128484
11-Apr-11,76.80,77.76,76.70,77.71,4753249
8-Apr-11,76.82,77.72,76.32,76.72,5996389
7-Apr-11,76.11,76.55,75.72,76.41,5524082
6-Apr-11,75.71,76.00,75.53,76.00,4533896
5-Apr-11,75.18,75.92,74.80,75.62,4523989
4-Apr-11,74.19,75.25,74.04,75.24,3882419
1-Apr-11,73.99,74.47,73.26,74.22,4320146
31-Mar-11,74.51,74.92,73.60,73.62,4641399
30-Mar-11,73.94,75.34,73.67,74.23,14921448
29-Mar-11,72.36,72.47,71.75,72.20,5889806
28-Mar-11,72.39,73.10,71.96,72.75,5800404
25-Mar-11,72.48,72.91,72.05,72.09,7369719
24-Mar-11,72.22,72.84,71.54,72.66,5141574
23-Mar-11,71.35,72.37,71.35,71.99,4395946
22-Mar-11,71.80,71.96,71.20,71.60,3840375
21-Mar-11,71.84,72.32,71.63,71.96,3703256
18-Mar-11,72.12,72.14,70.92,71.42,6321785
17-Mar-11,71.59,72.00,71.13,71.43,3450791
16-Mar-11,71.42,71.94,70.68,70.96,6019683
15-Mar-11,70.90,71.80,70.45,71.20,6050117
14-Mar-11,71.90,72.73,71.63,71.86,3495289
11-Mar-11,71.38,72.78,71.22,72.51,4335143
10-Mar-11,73.32,73.32,71.23,71.40,7140526
9-Mar-11,74.40,74.66,73.30,73.71,4468162
8-Mar-11,74.45,74.91,73.31,74.17,8375577
7-Mar-11,74.60,75.22,74.00,74.15,4661515
4-Mar-11,75.86,75.94,74.02,74.69,4881702
3-Mar-11,74.70,75.90,74.56,75.83,5097438
2-Mar-11,72.58,74.22,72.51,73.97,5386086
1-Mar-11,73.87,74.88,72.51,72.70,6751955
28-Feb-11,74.86,75.27,73.03,73.05,6214997
25-Feb-11,74.18,75.40,74.18,74.68,6217672
24-Feb-11,72.66,74.24,72.63,73.91,4903424
23-Feb-11,73.64,74.55,72.78,72.88,7180044
22-Feb-11,74.34,75.10,73.11,73.74,7898536
18-Feb-11,76.58,77.08,75.57,75.83,6503067
17-Feb-11,75.75,76.72,75.45,76.14,5869860
16-Feb-11,75.74,76.21,75.46,75.96,5036713
15-Feb-11,75.71,75.91,75.09,75.61,3963857
14-Feb-11,74.99,76.94,74.50,75.74,7243856
11-Feb-11,74.60,75.13,74.28,74.93,4320272
10-Feb-11,72.90,75.15,72.90,74.74,6188171
9-Feb-11,73.78,74.72,73.10,73.28,4669707
8-Feb-11,73.97,74.58,73.82,74.57,3843965
7-Feb-11,72.98,74.14,72.92,73.93,5560668
4-Feb-11,71.98,73.00,71.60,72.90,7210956
3-Feb-11,71.73,72.48,71.00,71.63,8371582
2-Feb-11,71.07,72.09,70.75,72.09,6790566
1-Feb-11,70.21,71.73,70.21,70.70,6370662
31-Jan-11,69.90,70.36,69.35,69.85,6157741
28-Jan-11,70.80,70.93,69.42,69.46,6266764
27-Jan-11,71.06,71.22,70.51,70.60,4854222
26-Jan-11,71.90,72.14,70.95,71.00,4460299
25-Jan-11,71.17,72.38,70.31,71.58,7571325
24-Jan-11,70.23,71.83,70.18,71.79,5731044
21-Jan-11,70.51,71.00,69.91,70.15,6196990
20-Jan-11,68.69,71.54,67.51,70.69,20345270
19-Jan-11,70.96,71.04,68.45,69.12,10713163
18-Jan-11,71.27,71.35,70.74,71.21,4836397
14-Jan-11,71.27,71.55,70.74,71.12,6294243
13-Jan-11,73.13,73.28,70.92,71.14,7029035
12-Jan-11,72.00,72.63,71.99,72.61,4636587
11-Jan-11,72.05,72.52,71.55,71.88,5149842
10-Jan-11,72.70,73.24,71.78,71.81,4554103
7-Jan-11,73.44,73.55,72.50,72.96,7062789
6-Jan-11,72.73,73.55,72.51,73.17,7090582
5-Jan-11,70.84,72.33,70.68,72.09,9631115
4-Jan-11,70.93,70.95,70.26,70.60,4535556
3-Jan-11,70.40,70.92,70.19,70.52,6428509
31-Dec-10,70.28,70.47,69.95,70.38,2775729
30-Dec-10,70.72,70.75,70.12,70.29,2755270
29-Dec-10,70.91,71.18,70.33,70.60,3251082
28-Dec-10,71.36,71.80,70.50,70.73,4783086
27-Dec-10,68.68,71.17,68.65,70.81,7769258
23-Dec-10,68.33,68.93,68.26,68.73,4151000
22-Dec-10,68.27,68.77,68.06,68.55,5824807
21-Dec-10,68.68,68.85,67.88,68.05,10871254
20-Dec-10,67.50,68.22,67.00,67.99,16054368
17-Dec-10,68.30,68.58,66.50,66.90,41972634
16-Dec-10,77.18,79.50,66.59,67.19,50557701
15-Dec-10,80.19,80.38,76.75,76.94,11450455
14-Dec-10,80.77,81.19,80.15,80.64,6197376
13-Dec-10,80.30,81.75,79.50,80.89,10247053
10-Dec-10,79.03,80.24,79.03,80.20,5934105
9-Dec-10,78.15,79.19,77.30,79.12,3716069
8-Dec-10,77.00,78.15,77.00,77.94,3577885
7-Dec-10,78.99,79.77,76.81,76.88,6344960
6-Dec-10,77.30,78.35,77.15,78.31,4587770
3-Dec-10,76.73,77.54,76.22,77.35,5170295
2-Dec-10,75.57,77.07,75.51,77.00,6691219
1-Dec-10,74.94,75.48,74.45,75.22,5586792
30-Nov-10,73.54,74.28,73.25,73.85,4636438
29-Nov-10,75.23,75.23,72.92,74.19,5395094
26-Nov-10,75.30,75.79,75.23,75.48,1087331
24-Nov-10,75.51,76.00,75.15,75.82,4338843
23-Nov-10,75.00,75.15,74.51,74.65,3657946
22-Nov-10,76.67,76.98,75.28,75.46,4988860
19-Nov-10,76.80,77.56,76.76,77.05,2578175
18-Nov-10,76.27,77.10,76.17,76.94,4300992
17-Nov-10,74.90,76.35,74.86,75.73,3719995
16-Nov-10,75.56,76.30,74.26,74.99,5094817
15-Nov-10,77.52,77.86,76.32,76.36,3328280
12-Nov-10,78.57,78.81,76.91,76.94,3329739
11-Nov-10,78.91,79.49,78.04,79.22,2301568
10-Nov-10,78.50,79.31,78.01,79.29,2978025
9-Nov-10,78.99,79.50,78.04,78.32,2701883
8-Nov-10,79.40,79.83,78.60,78.71,3059057
5-Nov-10,80.27,80.47,79.15,79.80,5942561
4-Nov-10,79.71,80.10,79.06,79.99,5051340
3-Nov-10,78.57,79.22,78.00,79.00,3531629
2-Nov-10,78.16,78.67,77.48,78.42,3848882
1-Nov-10,78.58,78.78,76.70,77.32,3420916
29-Oct-10,76.40,78.43,76.34,78.16,5718521
28-Oct-10,79.34,79.50,75.32,76.45,11117167
27-Oct-10,80.29,80.60,79.16,79.92,5166302
26-Oct-10,80.18,80.33,79.38,80.03,3909126
25-Oct-10,80.01,80.71,79.65,80.63,4130208
22-Oct-10,79.15,79.87,78.71,79.29,3703524
21-Oct-10,79.45,80.88,78.58,79.20,4876565
20-Oct-10,77.76,79.93,77.26,79.52,4956340
19-Oct-10,77.61,79.56,77.24,77.55,7244268
18-Oct-10,77.51,78.37,76.75,78.36,5043377
15-Oct-10,77.76,77.90,76.62,77.60,3586990
14-Oct-10,76.66,77.73,76.29,77.17,5326357
13-Oct-10,74.71,77.00,74.30,76.94,7463989
12-Oct-10,74.12,74.53,73.56,74.25,3474778
11-Oct-10,73.85,74.79,73.83,74.29,2599933
8-Oct-10,73.69,74.05,73.17,74.00,2346548
7-Oct-10,74.28,74.79,73.54,73.61,2494298
6-Oct-10,75.06,75.50,73.80,74.23,3780634
5-Oct-10,74.12,74.99,73.66,74.99,5165430
4-Oct-10,73.26,74.36,72.58,73.24,5789545
1-Oct-10,74.74,74.77,73.17,73.32,4530334
30-Sep-10,74.74,74.97,73.81,74.26,5788517
29-Sep-10,73.01,74.50,72.88,74.41,6970483
28-Sep-10,72.93,73.60,72.55,73.27,7304142
27-Sep-10,72.77,73.49,71.90,73.00,5024639
24-Sep-10,71.75,72.37,71.36,72.37,5259375
23-Sep-10,70.07,71.46,69.90,70.98,6745903
22-Sep-10,70.08,70.87,69.95,70.62,6461151
21-Sep-10,70.45,71.11,69.52,69.94,6328214
20-Sep-10,68.50,70.32,68.07,70.31,7347691
17-Sep-10,68.77,69.00,68.19,68.49,10493492
16-Sep-10,68.81,69.21,68.06,68.38,7453734
15-Sep-10,67.72,69.50,67.60,68.93,10771641
14-Sep-10,65.63,67.95,65.55,67.12,9911568
13-Sep-10,68.00,68.00,64.90,65.48,15141070
10-Sep-10,66.84,68.48,66.68,68.09,7851412
9-Sep-10,68.78,68.97,66.07,66.78,13265960
8-Sep-10,70.35,70.67,68.30,68.55,11260199
7-Sep-10,71.87,72.98,71.34,71.50,3604793
6-Sep-10,-,-,-,72.50,0
3-Sep-10,73.00,73.14,72.08,72.50,3518457
2-Sep-10,70.98,72.25,70.66,71.98,4194970
1-Sep-10,69.83,70.74,69.07,70.53,4324219
31-Aug-10,69.54,70.10,68.01,68.98,5805433
30-Aug-10,70.97,71.40,69.54,69.54,3501520
27-Aug-10,70.39,71.13,69.60,71.11,3914910
26-Aug-10,71.21,71.40,69.88,69.91,3529248
25-Aug-10,70.31,72.14,70.27,70.86,5601373
24-Aug-10,69.51,70.97,69.00,70.66,6687416
23-Aug-10,70.55,71.30,69.60,70.12,4598908
20-Aug-10,71.29,71.59,69.58,70.10,7885499
19-Aug-10,72.42,72.73,71.50,71.63,4610510
18-Aug-10,73.08,73.38,72.52,72.88,3058118
17-Aug-10,73.45,73.77,72.44,73.36,3333618
16-Aug-10,72.08,73.24,71.80,72.83,2675292
13-Aug-10,72.94,73.12,72.15,72.22,3642992
12-Aug-10,72.78,74.19,72.53,72.98,6169415
11-Aug-10,74.00,74.35,73.00,73.51,5779109
10-Aug-10,74.06,75.73,74.06,75.27,7767050
9-Aug-10,73.12,74.87,72.81,74.74,7153877
6-Aug-10,71.15,72.20,70.86,72.14,4841089
5-Aug-10,72.13,72.40,71.32,71.50,7698215
4-Aug-10,73.21,73.40,72.38,72.45,5125568
3-Aug-10,71.63,73.52,71.43,73.00,8542474
2-Aug-10,70.98,72.39,70.97,72.23,13471664
30-Jul-10,71.59,73.63,71.37,73.35,7699435
29-Jul-10,74.76,74.88,71.35,71.98,14719478
28-Jul-10,76.15,76.84,75.10,75.18,6301239
27-Jul-10,77.00,77.27,75.87,76.61,4339489
26-Jul-10,75.69,76.50,75.35,76.08,3948576
23-Jul-10,74.47,75.97,74.05,75.59,3165433
22-Jul-10,73.15,74.55,73.02,74.46,4873344
21-Jul-10,73.99,74.01,71.93,72.36,3979381
20-Jul-10,70.71,73.66,70.50,73.60,4777298
19-Jul-10,72.21,72.25,70.87,71.22,5004737
16-Jul-10,73.60,73.75,71.27,71.45,9764943
15-Jul-10,76.39,76.64,74.26,75.28,4122580
14-Jul-10,76.57,77.00,75.65,76.28,3205671
13-Jul-10,77.80,77.80,75.47,76.59,4982848
12-Jul-10,75.99,77.37,75.88,76.51,3959121
9-Jul-10,76.24,77.60,75.62,77.38,5620859
8-Jul-10,75.50,75.80,74.04,75.08,4061660
7-Jul-10,72.68,74.92,72.15,74.82,5218640
6-Jul-10,73.83,74.32,71.79,72.27,5931772
5-Jul-10,-,-,-,73.18,0
2-Jul-10,73.24,73.79,72.58,73.18,4701585
1-Jul-10,71.00,73.01,70.11,72.86,7591037
30-Jun-10,71.66,72.10,70.71,70.75,6179488
29-Jun-10,74.28,74.47,71.10,71.45,9964414
28-Jun-10,76.99,77.29,75.15,75.22,5131319
25-Jun-10,77.03,77.41,75.65,76.66,6032521
24-Jun-10,77.13,77.96,75.76,76.48,6569853
23-Jun-10,78.96,78.96,76.81,77.76,6983799
22-Jun-10,81.00,81.00,78.63,78.76,11717900
21-Jun-10,77.96,83.79,75.42,80.90,28969053
18-Jun-10,78.51,79.25,76.26,77.04,7433833
17-Jun-10,77.81,79.13,77.26,78.24,7284693
16-Jun-10,76.18,77.25,75.61,77.17,7037838
15-Jun-10,74.47,76.96,73.90,76.93,7809465
14-Jun-10,76.95,76.99,73.70,73.78,9365450
11-Jun-10,76.51,76.89,75.35,76.08,7544367
10-Jun-10,75.63,77.49,75.00,77.45,9095895
9-Jun-10,74.12,75.48,73.18,73.80,8898087
8-Jun-10,72.11,73.49,71.09,73.35,7628207
7-Jun-10,72.00,73.78,71.55,71.89,7654755
4-Jun-10,71.05,73.40,71.05,72.13,10535453
3-Jun-10,71.93,73.21,71.66,72.84,9784043
2-Jun-10,71.46,71.87,70.02,71.25,9406115
1-Jun-10,72.49,73.60,71.36,71.49,6270779
31-May-10,-,-,-,72.46,0
28-May-10,73.37,73.50,72.00,72.46,6647674
27-May-10,75.00,75.19,72.91,73.69,9779900
26-May-10,74.14,75.19,73.36,73.40,11104137
25-May-10,73.06,73.85,71.77,72.97,11364284
24-May-10,75.44,76.20,73.75,74.55,10298915
21-May-10,72.01,76.00,72.01,74.20,19907226
20-May-10,72.00,75.42,71.11,72.82,25411374
19-May-10,70.71,74.20,70.71,72.97,32910654
18-May-10,75.08,76.01,68.29,70.09,47334779
17-May-10,78.77,79.24,73.67,74.71,22645573
14-May-10,78.67,79.89,75.92,77.26,42464401
13-May-10,85.88,87.98,84.52,85.73,7958844
12-May-10,85.04,87.55,84.75,85.68,9283151
11-May-10,85.13,85.25,83.14,84.16,11815427
10-May-10,86.25,87.20,85.93,85.99,8777440
7-May-10,83.06,84.17,80.75,82.29,11382220
6-May-10,85.85,86.56,75.91,82.92,15987725
5-May-10,86.76,87.95,84.00,86.43,9297414
4-May-10,89.34,90.95,88.12,88.37,7657366
3-May-10,90.55,91.27,88.42,89.27,7756547
30-Apr-10,93.28,93.37,90.02,90.23,6269951
29-Apr-10,93.77,94.60,92.10,92.82,7354227
28-Apr-10,93.72,94.06,92.30,93.61,5107528
27-Apr-10,95.95,96.23,92.89,92.95,4472939
26-Apr-10,97.03,97.19,95.54,96.00,4568708
23-Apr-10,96.20,96.82,95.23,96.59,3125435
22-Apr-10,92.82,95.20,92.46,95.14,3665600
21-Apr-10,94.35,94.38,92.86,93.13,2841366
20-Apr-10,93.65,94.09,92.50,94.05,2273002
19-Apr-10,93.20,94.18,92.08,93.12,3147747
16-Apr-10,94.08,94.91,92.80,93.85,4695549
15-Apr-10,94.36,95.26,93.93,94.45,5160085
14-Apr-10,93.16,94.44,92.86,94.26,4332452
13-Apr-10,93.41,93.79,92.16,92.79,2859106
12-Apr-10,93.05,93.49,92.50,93.19,2330786
9-Apr-10,91.94,92.61,91.65,92.52,2391791
8-Apr-10,90.66,92.08,90.50,91.49,2692953
7-Apr-10,92.50,92.50,90.63,90.71,3687708
6-Apr-10,92.03,93.33,91.81,92.40,3453314
5-Apr-10,93.05,93.20,92.10,92.47,3841069
2-Apr-10,-,-,-,92.55,0
1-Apr-10,91.68,92.58,91.31,92.55,4366238
31-Mar-10,90.70,92.20,90.52,91.03,3126264
30-Mar-10,90.47,91.84,90.34,91.00,4083511
29-Mar-10,90.57,91.16,90.14,90.24,2784150
26-Mar-10,90.73,91.25,89.65,90.25,3384787
25-Mar-10,89.68,91.78,89.49,90.41,5088931
24-Mar-10,89.60,89.94,88.59,88.75,3902987
23-Mar-10,89.50,90.30,89.25,89.98,3379446
22-Mar-10,88.39,89.75,88.18,89.24,4168631
19-Mar-10,90.52,90.75,88.69,88.84,6055952
18-Mar-10,91.50,91.82,90.08,90.13,4692522
17-Mar-10,92.12,92.41,91.24,91.51,3696566
16-Mar-10,92.68,92.91,91.35,91.65,4767876
15-Mar-10,92.87,93.15,91.12,92.41,5184785
12-Mar-10,93.17,93.63,92.65,93.25,7160705
11-Mar-10,90.97,93.28,90.80,92.74,13786040
10-Mar-10,89.74,91.81,89.55,91.52,7109901
9-Mar-10,90.25,91.67,89.86,90.15,9175191
8-Mar-10,88.45,90.93,88.09,90.63,7816345
5-Mar-10,87.40,88.56,87.10,88.51,4876846
4-Mar-10,87.00,87.45,86.12,87.04,3644339
3-Mar-10,86.60,87.21,86.24,86.80,3415406
2-Mar-10,86.82,86.98,86.25,86.45,3225952
1-Mar-10,85.50,86.94,85.28,86.82,3375059
26-Feb-10,85.58,85.72,85.02,85.28,3119598
25-Feb-10,84.75,85.44,83.74,85.23,3536129
24-Feb-10,86.22,86.61,84.75,85.63,4052438
23-Feb-10,87.02,87.59,86.06,86.12,4782670
22-Feb-10,87.05,87.76,86.81,86.91,2893126
19-Feb-10,86.00,86.98,85.49,86.81,3418360
18-Feb-10,86.00,87.44,86.00,86.96,3823714
17-Feb-10,86.01,86.54,85.76,86.42,3744108
16-Feb-10,85.23,85.94,85.20,85.88,4016604
15-Feb-10,-,-,-,84.78,0
12-Feb-10,84.50,84.94,83.65,84.78,5529376
11-Feb-10,83.79,85.21,83.25,85.14,4511185
10-Feb-10,83.49,83.91,82.89,83.64,3644079
9-Feb-10,83.69,84.13,82.70,83.27,4492145
8-Feb-10,82.90,84.38,82.56,83.05,5993815
5-Feb-10,83.32,83.86,80.54,82.56,9673793
4-Feb-10,85.25,86.18,82.80,83.05,16626461
3-Feb-10,84.24,84.49,82.10,83.52,8049322
2-Feb-10,84.26,84.47,83.50,84.01,3610958
1-Feb-10,82.29,84.75,82.20,83.66,4024931
29-Jan-10,82.60,84.98,81.87,82.03,5071143
28-Jan-10,84.36,84.48,81.41,82.65,3267739
27-Jan-10,80.88,84.13,80.61,83.91,4833955
26-Jan-10,81.35,82.54,80.99,81.15,3110620
25-Jan-10,83.40,83.81,81.41,82.03,4037260
22-Jan-10,84.03,84.38,81.64,82.73,7445568
21-Jan-10,87.45,87.90,84.12,84.45,7039205
20-Jan-10,87.68,87.74,86.31,87.42,3192785
19-Jan-10,86.17,88.41,85.70,87.85,3810105
18-Jan-10,-,-,-,86.14,0
15-Jan-10,87.48,87.54,85.92,86.14,5325772
14-Jan-10,86.97,87.53,86.50,87.44,4595548
13-Jan-10,86.46,87.20,85.95,87.14,3357206
12-Jan-10,86.58,87.05,85.85,86.34,3210692
11-Jan-10,87.51,87.94,86.17,86.75,3228667
8-Jan-10,86.82,87.39,86.23,87.00,2977107
7-Jan-10,85.97,87.00,85.55,86.76,6961561
6-Jan-10,87.01,87.08,85.90,85.96,4065850
5-Jan-10,87.30,87.53,86.00,87.13,6458684
4-Jan-10,88.00,88.77,87.46,88.14,5045174
1-Jan-10,-,-,-,87.46,0
31-Dec-09,87.98,88.18,87.17,87.46,3160943
30-Dec-09,87.47,88.28,87.47,88.14,3088088
29-Dec-09,86.65,88.28,86.65,88.02,4686246
28-Dec-09,86.43,87.00,86.09,86.76,3359806
25-Dec-09,-,-,-,86.29,0
24-Dec-09,86.59,86.80,85.80,86.29,1728086
23-Dec-09,86.46,87.00,85.65,86.15,5780432
22-Dec-09,87.66,87.97,85.86,86.30,7204847
21-Dec-09,88.96,89.07,86.63,87.51,11140949
18-Dec-09,87.40,89.69,87.39,88.97,84388317
17-Dec-09,86.49,87.40,85.50,87.03,9562625
16-Dec-09,86.24,87.48,85.86,87.03,8445540
15-Dec-09,84.23,86.20,83.90,86.14,9510538
14-Dec-09,84.96,85.91,83.49,84.77,17624915
11-Dec-09,82.29,82.40,81.14,81.34,2879651
10-Dec-09,81.88,82.76,81.38,82.32,3637650
9-Dec-09,79.62,81.93,79.50,81.75,4185929
8-Dec-09,79.62,80.41,79.55,79.99,2606326
7-Dec-09,80.26,80.64,79.84,79.93,2415169
4-Dec-09,81.09,81.59,78.71,80.27,5466417
3-Dec-09,82.35,82.63,79.93,80.03,4781071
2-Dec-09,83.05,83.40,82.08,82.22,3215461
1-Dec-09,81.44,83.40,81.00,82.97,6103003
30-Nov-09,80.33,81.38,80.20,81.00,3926682
27-Nov-09,80.08,80.84,79.60,80.33,2323796
26-Nov-09,-,-,-,81.79,0
25-Nov-09,80.80,81.90,80.37,81.79,2874689
24-Nov-09,80.35,80.64,79.60,80.62,3038219
23-Nov-09,80.78,80.80,79.91,80.44,4365881
20-Nov-09,79.72,80.44,79.63,80.00,3134514
19-Nov-09,79.97,81.55,78.23,80.18,9134298
18-Nov-09,80.19,80.87,79.66,80.39,2868245
17-Nov-09,79.56,80.68,79.29,80.55,3933441
16-Nov-09,80.10,80.39,79.22,79.55,5758673
13-Nov-09,79.93,80.19,78.75,80.00,3424335
12-Nov-09,80.68,81.09,79.33,79.92,3242220
11-Nov-09,81.62,81.97,80.38,80.82,3665796
10-Nov-09,80.90,81.49,80.56,81.10,4916948
9-Nov-09,79.86,81.64,79.70,81.16,6581696
6-Nov-09,79.00,79.90,78.66,79.67,3941609
5-Nov-09,78.52,79.75,78.27,79.59,4090644
4-Nov-09,78.30,79.50,78.12,78.31,6091146
3-Nov-09,76.77,77.67,75.80,77.65,6525206
2-Nov-09,76.09,78.17,75.83,77.29,6333532
30-Oct-09,76.96,77.50,75.16,75.76,6831942
29-Oct-09,77.01,78.20,75.83,77.28,10376727
28-Oct-09,74.94,78.02,74.76,76.57,19482591
27-Oct-09,73.61,74.45,72.51,73.90,10214958
26-Oct-09,74.97,75.83,72.46,72.78,8709070
23-Oct-09,75.93,76.09,73.63,74.12,6377324
22-Oct-09,75.60,75.88,74.26,75.69,5442627
21-Oct-09,74.82,76.99,74.82,75.19,4071369
20-Oct-09,75.45,75.90,74.46,75.05,4126843
19-Oct-09,74.27,75.00,73.19,74.95,3646529
16-Oct-09,74.73,75.08,74.00,74.29,3736719
15-Oct-09,74.19,75.84,74.02,75.08,5568080
14-Oct-09,74.83,75.25,73.79,74.80,6783522
13-Oct-09,73.74,74.98,73.23,74.67,5902443
12-Oct-09,74.33,74.94,73.35,73.70,4821681
9-Oct-09,71.55,73.29,71.34,72.94,5184394
8-Oct-09,71.10,72.03,70.67,71.73,6026396
7-Oct-09,69.15,71.34,68.91,70.86,12266088
6-Oct-09,68.69,68.70,67.40,68.26,9107731
5-Oct-09,67.87,69.00,67.68,68.16,4976120
2-Oct-09,68.44,69.10,66.55,67.79,8854854
1-Oct-09,68.77,70.16,68.77,69.12,7054439
30-Sep-09,69.75,70.00,68.61,69.11,7616838
29-Sep-09,71.19,72.14,69.21,69.57,10477726
28-Sep-09,71.10,71.85,70.51,71.14,4592354
25-Sep-09,73.17,73.25,69.23,70.66,12046703
24-Sep-09,73.39,73.91,72.25,73.53,4013958
23-Sep-09,74.41,74.99,73.76,73.92,3744377
22-Sep-09,73.60,74.73,73.32,74.41,3812089
21-Sep-09,73.07,74.30,73.01,73.39,3235421
18-Sep-09,73.92,74.27,73.16,73.79,3802423
17-Sep-09,73.95,74.86,73.30,73.82,3559223
16-Sep-09,73.25,74.60,72.66,74.09,4153386
15-Sep-09,73.00,73.45,72.38,73.20,3837946
14-Sep-09,71.51,73.00,71.50,72.87,3274820
11-Sep-09,72.50,72.50,71.75,72.29,3849524
10-Sep-09,70.38,72.49,70.27,72.31,4252361
9-Sep-09,71.26,71.30,70.18,70.48,4097046
8-Sep-09,70.70,71.25,70.16,70.95,3055154
4-Sep-09,70.65,70.95,70.05,70.36,2473598
3-Sep-09,70.41,71.05,69.80,70.91,4266867
2-Sep-09,69.77,70.86,69.43,70.10,3334150
1-Sep-09,70.78,72.00,70.14,70.18,5572670
31-Aug-09,69.70,71.32,69.60,71.10,5380282
28-Aug-09,70.05,70.50,69.28,70.50,3505654
27-Aug-09,69.68,70.25,69.28,69.71,5151368
26-Aug-09,68.60,70.43,68.45,70.20,4742487
25-Aug-09,68.15,69.00,67.90,68.98,4393708
24-Aug-09,69.25,69.50,67.76,67.95,4994677
21-Aug-09,68.34,69.05,67.85,69.00,6864363
20-Aug-09,67.09,67.99,66.75,67.81,3038145
19-Aug-09,66.33,67.24,66.15,67.20,3863997
18-Aug-09,66.65,67.34,66.55,67.01,4269407
17-Aug-09,66.84,66.98,66.04,66.43,4946594
14-Aug-09,68.30,68.68,67.50,67.80,3053708
13-Aug-09,68.50,68.88,67.94,68.68,3742121
12-Aug-09,68.29,69.05,67.88,68.45,3608078
11-Aug-09,68.54,69.25,68.53,68.61,3636371
10-Aug-09,69.04,69.49,68.60,68.88,2510672
7-Aug-09,69.24,69.65,68.73,69.17,3845526
6-Aug-09,68.52,69.69,67.95,68.65,5223611
5-Aug-09,69.19,69.19,67.86,68.38,4969530
4-Aug-09,68.33,69.11,67.90,69.10,4675748
3-Aug-09,66.19,69.11,65.90,69.11,7586613
31-Jul-09,66.94,67.17,65.35,65.46,8263052
30-Jul-09,67.69,69.68,66.83,67.21,14451811
29-Jul-09,66.60,66.89,65.72,66.78,5508028
28-Jul-09,67.71,68.30,66.13,66.30,5667602
27-Jul-09,67.25,68.31,67.11,68.19,3569848
24-Jul-09,66.27,67.65,66.25,67.29,3299611
23-Jul-09,67.20,67.84,66.62,67.19,4849921
22-Jul-09,66.62,67.56,66.32,66.85,6332055
21-Jul-09,67.12,67.20,65.79,67.15,4437389
20-Jul-09,64.36,67.28,64.30,67.12,8060345
17-Jul-09,64.25,65.00,64.00,64.10,4519233
16-Jul-09,62.45,64.72,62.20,64.41,12522556
15-Jul-09,61.00,62.75,60.67,62.65,9126860
14-Jul-09,60.50,60.51,59.64,60.29,3324209
13-Jul-09,60.11,60.42,59.10,60.35,7663430
10-Jul-09,59.87,60.33,59.41,59.86,4164073
9-Jul-09,60.14,60.65,59.75,60.44,6654313
8-Jul-09,59.72,60.32,58.00,59.49,16020707
7-Jul-09,61.33,61.33,59.40,59.71,7592188
6-Jul-09,60.07,61.10,59.90,60.67,5850212
3-Jul-09,-,-,-,60.08,0
2-Jul-09,60.80,61.70,60.08,60.08,5380803
1-Jul-09,62.28,62.57,60.78,60.80,6544693
30-Jun-09,62.75,63.93,62.02,62.26,12313889
29-Jun-09,63.89,63.89,62.50,62.98,5671324
26-Jun-09,61.82,63.82,61.56,63.82,4937982
25-Jun-09,60.89,62.28,60.27,61.95,5222108
24-Jun-09,63.00,63.15,60.90,61.09,5701323
23-Jun-09,61.33,62.87,61.32,62.67,4998469
22-Jun-09,60.74,62.96,60.70,61.24,7542592
19-Jun-09,61.70,62.10,60.86,61.37,6367437
18-Jun-09,61.46,62.11,60.63,61.41,8043262
17-Jun-09,62.46,63.10,60.80,61.35,8016295
16-Jun-09,65.10,65.10,62.12,62.46,7449596
15-Jun-09,63.98,65.88,63.07,64.43,6395372
12-Jun-09,66.89,67.20,64.31,64.36,20245556
11-Jun-09,69.35,69.60,66.66,66.72,10991731
10-Jun-09,69.03,69.92,67.96,69.27,8450514
9-Jun-09,70.07,70.37,68.47,68.63,5449586
8-Jun-09,68.66,70.60,68.55,69.80,5159479
5-Jun-09,70.01,70.84,68.80,69.28,18566737
4-Jun-09,68.45,71.24,68.32,69.52,14056977
3-Jun-09,66.69,68.76,65.87,68.23,8843510
2-Jun-09,66.40,67.00,65.50,66.81,7761819
1-Jun-09,68.50,68.95,65.82,66.66,10908626
29-May-09,66.63,67.90,65.80,67.71,8049517
28-May-09,66.29,66.99,65.75,66.50,5046045
27-May-09,66.33,68.14,65.25,65.92,6789995
26-May-09,65.79,66.89,65.28,66.77,5141268
25-May-09,-,-,-,65.75,0
22-May-09,66.91,67.50,65.23,65.75,5435224
21-May-09,64.51,66.32,64.47,66.28,13934547
20-May-09,65.26,66.96,64.61,64.96,8464839
19-May-09,66.03,66.31,64.29,64.80,11448826
18-May-09,65.32,66.55,64.26,66.41,14829693
15-May-09,64.45,65.50,64.02,65.07,6172240
14-May-09,63.98,65.10,63.51,64.52,8216598
13-May-09,64.32,65.47,63.51,64.47,11895792
12-May-09,66.84,67.25,64.71,65.22,9094331
11-May-09,66.80,67.95,65.93,65.93,6502812
8-May-09,65.97,68.47,65.50,68.43,9461417
7-May-09,66.63,67.00,65.35,65.53,8684863
6-May-09,68.07,68.22,65.75,66.19,10461116
5-May-09,67.82,68.50,66.97,67.39,14198006
4-May-09,66.08,68.56,64.72,68.20,19735959
1-May-09,64.15,66.30,62.64,65.01,15154340
30-Apr-09,64.14,68.00,63.92,64.96,25443574
29-Apr-09,61.89,63.74,61.51,63.51,14810060
28-Apr-09,58.15,62.04,58.10,60.71,10576537
27-Apr-09,58.78,59.72,58.63,58.87,7380034
24-Apr-09,59.31,60.75,58.04,60.38,9923463
23-Apr-09,58.25,58.97,57.10,58.23,8976738
22-Apr-09,57.80,59.94,57.21,57.51,8670613
21-Apr-09,54.84,58.70,54.25,58.63,9439520
20-Apr-09,57.00,57.68,54.96,55.00,10647353
17-Apr-09,58.18,59.13,57.26,58.00,9457047
16-Apr-09,58.10,59.37,57.50,58.07,9031435
15-Apr-09,58.03,59.28,57.25,59.11,7423244
14-Apr-09,60.11,60.92,58.13,58.33,8928044
13-Apr-09,58.16,61.40,58.00,61.11,9532658
10-Apr-09,-,-,-,58.79,0
9-Apr-09,58.85,59.53,57.63,58.79,11447696
8-Apr-09,57.80,57.87,56.41,57.82,5955774
7-Apr-09,58.38,58.76,57.07,57.15,6783228
6-Apr-09,58.70,60.04,57.75,59.13,11236069
3-Apr-09,55.27,60.16,55.27,60.08,14429090
2-Apr-09,55.46,57.11,55.12,55.59,11850958
1-Apr-09,54.75,56.00,53.63,54.29,11038890
31-Mar-09,54.40,56.23,53.84,55.60,11864495
30-Mar-09,53.30,54.85,53.01,53.50,9652894
27-Mar-09,54.28,56.31,54.21,54.25,8172203
26-Mar-09,53.38,55.79,52.52,55.50,14903265
25-Mar-09,53.95,54.75,51.28,52.75,14656699
24-Mar-09,54.28,54.79,53.27,53.60,10891008
23-Mar-09,53.87,55.58,52.90,55.54,11164750
20-Mar-09,53.20,54.36,52.50,52.53,8369354
19-Mar-09,56.38,56.70,52.43,52.69,10437660
18-Mar-09,54.45,56.50,53.46,56.31,11325656
17-Mar-09,52.00,55.38,51.33,55.29,6439323
16-Mar-09,52.98,53.73,51.86,52.17,8369132
13-Mar-09,54.26,55.35,51.70,52.05,12391913
12-Mar-09,51.30,54.09,50.27,54.09,10820313
11-Mar-09,53.66,53.66,50.52,51.37,9036776
10-Mar-09,50.99,52.87,50.59,52.87,9664833
9-Mar-09,49.67,51.08,48.74,49.80,8389539
6-Mar-09,53.76,54.15,49.21,50.19,15178941
5-Mar-09,54.55,55.49,52.68,53.42,11036476
4-Mar-09,55.00,55.87,53.90,55.29,8944726
3-Mar-09,54.73,55.63,53.21,54.36,10548810
2-Mar-09,55.93,56.97,53.87,54.16,9765607
27-Feb-09,55.00,57.90,55.00,56.71,11811113
26-Feb-09,56.25,56.66,54.79,56.06,8977541
25-Feb-09,56.11,56.55,55.14,55.42,8602601
24-Feb-09,54.34,56.98,53.61,56.35,10902947
23-Feb-09,56.04,56.84,53.99,54.25,7992844
20-Feb-09,54.65,56.09,54.50,55.66,10727995
19-Feb-09,56.95,57.90,55.49,55.63,8779984
18-Feb-09,54.57,56.89,54.25,56.15,9084974
17-Feb-09,54.69,55.20,53.67,54.25,8896476
13-Feb-09,56.93,57.95,55.26,55.95,10199797
12-Feb-09,54.28,56.60,53.10,56.40,8709670
11-Feb-09,54.10,55.23,53.50,54.96,5918291
10-Feb-09,55.13,56.00,53.61,53.85,9521276
9-Feb-09,55.52,56.35,54.60,55.32,7976781
6-Feb-09,53.95,56.00,53.68,55.41,11476825
5-Feb-09,52.24,55.10,51.50,53.74,24185157
4-Feb-09,48.86,50.24,48.56,49.13,8291535
3-Feb-09,50.21,50.95,48.19,48.39,7241398
2-Feb-09,48.26,49.99,47.54,49.97,7136044
30-Jan-09,47.05,49.35,46.86,49.35,7580935
29-Jan-09,45.94,48.11,45.25,46.27,6525273
28-Jan-09,45.91,47.48,45.25,47.22,8025364
27-Jan-09,43.49,44.19,42.64,44.15,6610674
26-Jan-09,44.30,45.24,42.52,42.59,6019827
23-Jan-09,42.69,44.45,41.78,44.32,5654595
22-Jan-09,43.78,45.68,43.23,44.18,7981993
21-Jan-09,43.20,45.15,42.70,44.18,12626414
20-Jan-09,46.05,46.41,42.06,42.42,14942615
16-Jan-09,49.03,49.45,45.21,47.41,17303350
15-Jan-09,50.38,50.85,47.50,49.38,11870082
14-Jan-09,52.01,52.61,50.22,50.97,6327828
13-Jan-09,52.75,53.34,51.51,53.14,5783567
12-Jan-09,55.29,56.15,52.56,52.96,7882527
9-Jan-09,56.02,56.31,54.78,55.62,4175793
8-Jan-09,56.01,56.30,53.27,55.76,8672285
7-Jan-09,56.69,57.95,55.99,56.36,7121035
6-Jan-09,54.50,57.98,54.50,57.61,8135169
5-Jan-09,53.00,55.30,53.00,53.82,4149997
2-Jan-09,52.92,53.71,52.24,53.44,3308516
1-Jan-09,-,-,-,52.45,0
31-Dec-08,50.61,52.77,50.60,52.45,4092807
30-Dec-08,52.20,52.20,50.27,50.99,4275370
29-Dec-08,53.05,53.59,51.93,52.17,3451732
26-Dec-08,52.78,53.46,51.93,53.25,1619206
25-Dec-08,-,-,-,52.89,0
24-Dec-08,53.44,53.75,52.65,52.89,1632304
23-Dec-08,53.52,54.40,53.12,53.65,2674595
22-Dec-08,54.86,55.24,52.98,53.75,3521011
19-Dec-08,54.51,56.23,53.78,54.97,8897643
18-Dec-08,55.37,56.19,54.07,54.70,7593689
17-Dec-08,54.29,56.00,54.06,55.36,6263247
16-Dec-08,53.30,54.78,52.74,54.77,7681432
15-Dec-08,52.81,53.77,51.77,52.75,5464661
12-Dec-08,50.51,53.91,50.50,52.95,6297838
11-Dec-08,52.40,54.59,51.72,52.09,7504632
10-Dec-08,53.15,53.85,50.95,53.16,7546611
9-Dec-08,55.50,56.44,53.10,53.53,8031858
8-Dec-08,54.40,57.67,53.97,56.16,13274176
5-Dec-08,49.75,53.47,48.50,53.18,10284221
4-Dec-08,51.93,52.75,50.22,50.81,7621801
3-Dec-08,48.12,52.75,48.11,52.44,9101232
2-Dec-08,48.69,49.76,47.53,49.68,6643334
1-Dec-08,51.00,51.14,47.67,48.05,7742224
28-Nov-08,51.71,52.74,51.17,52.56,3177904
27-Nov-08,-,-,-,52.00,0
26-Nov-08,48.81,52.00,48.20,52.00,6917918
25-Nov-08,50.36,50.97,49.00,49.53,11240592
24-Nov-08,47.61,50.00,45.78,49.72,11213481
21-Nov-08,49.60,49.60,43.54,46.38,21194904
20-Nov-08,50.21,51.30,48.00,48.14,12749256
19-Nov-08,54.00,55.84,51.24,51.58,8739025
18-Nov-08,52.79,55.08,52.61,54.64,7886304
17-Nov-08,53.11,54.23,51.66,52.76,7329370
14-Nov-08,53.11,57.00,52.45,54.24,9352554
13-Nov-08,51.88,54.58,49.89,54.44,9686822
12-Nov-08,52.45,55.65,51.18,51.75,10688339
11-Nov-08,50.99,54.99,50.36,53.79,8098949
10-Nov-08,55.30,55.30,51.20,51.99,6630351
7-Nov-08,52.45,54.80,51.31,53.50,7728706
6-Nov-08,55.04,56.00,50.74,51.53,13025190
5-Nov-08,58.29,59.20,56.43,56.47,11254338
4-Nov-08,54.38,60.45,53.88,59.81,18471831
3-Nov-08,55.92,56.10,51.91,52.49,7127635
31-Oct-08,53.89,56.08,53.00,55.35,10093477
30-Oct-08,50.59,56.16,50.58,54.25,18729591
29-Oct-08,50.40,53.51,49.51,50.69,14009938
28-Oct-08,47.90,51.58,47.05,49.97,14610890
27-Oct-08,47.01,49.20,46.44,46.59,10482332
24-Oct-08,43.80,48.50,43.74,47.98,10200028
23-Oct-08,48.76,49.55,45.74,48.32,11992597
22-Oct-08,49.97,52.00,48.00,48.51,10063277
21-Oct-08,51.35,53.07,50.29,50.70,7253485
20-Oct-08,53.31,53.82,51.12,52.01,8993636
17-Oct-08,51.50,55.07,51.50,52.22,8778974
16-Oct-08,50.15,53.33,48.04,53.07,14021045
15-Oct-08,55.52,56.00,48.53,49.75,19180778
14-Oct-08,62.00,62.11,55.25,57.61,13287275
13-Oct-08,54.99,59.00,53.59,58.87,12361687
10-Oct-08,47.00,53.95,47.00,52.00,18787795
9-Oct-08,53.79,55.94,49.41,49.85,10637327
8-Oct-08,49.01,54.43,47.75,52.63,18807001
7-Oct-08,56.00,56.44,50.62,51.15,18964939
6-Oct-08,53.42,56.02,50.25,55.38,21841625
3-Oct-08,59.07,60.17,56.31,56.84,15119332
2-Oct-08,61.49,61.49,57.31,57.59,8805330
1-Oct-08,60.75,62.10,59.21,61.31,6774358
30-Sep-08,56.38,61.43,56.38,61.39,9683061
29-Sep-08,60.30,60.48,55.89,57.80,19609713
26-Sep-08,62.73,63.40,60.80,62.04,12797715
25-Sep-08,65.75,66.47,64.54,64.60,5973797
24-Sep-08,67.05,67.72,65.50,65.68,6135802
23-Sep-08,65.85,67.47,64.11,66.90,10962466
22-Sep-08,68.92,68.99,64.90,65.18,11571076
19-Sep-08,71.01,71.16,67.04,69.57,17237280
18-Sep-08,64.20,67.24,58.38,66.90,21047273
17-Sep-08,65.81,67.95,64.01,64.09,16884754
16-Sep-08,66.62,68.96,65.00,66.35,20867379
15-Sep-08,68.66,70.98,68.26,69.38,9685532
12-Sep-08,69.93,71.66,69.25,71.65,7060553
11-Sep-08,67.41,71.36,67.05,70.95,11784418
10-Sep-08,67.27,69.90,66.63,69.04,10988844
9-Sep-08,70.35,70.35,67.18,67.49,12470404
8-Sep-08,73.51,74.29,68.68,70.10,14169017
5-Sep-08,69.97,71.98,69.25,71.76,10160885
4-Sep-08,72.52,72.63,69.75,70.50,9418984
3-Sep-08,74.56,75.34,72.07,73.05,8850120
2-Sep-08,76.83,77.50,74.39,74.99,7474946
29-Aug-08,74.96,76.00,74.70,75.90,4831984
28-Aug-08,74.75,75.81,74.17,75.65,6686624
27-Aug-08,73.03,74.50,72.85,74.45,4786490
26-Aug-08,73.67,74.30,72.87,73.34,4669656
25-Aug-08,73.52,74.89,73.13,73.32,4509976
22-Aug-08,75.36,75.79,73.84,74.09,5240453
21-Aug-08,73.96,74.64,73.19,74.38,3887625
20-Aug-08,74.10,74.71,73.66,74.57,4529850
19-Aug-08,74.45,75.24,73.61,73.74,5280776
18-Aug-08,75.62,76.25,74.14,74.94,6464820
15-Aug-08,75.99,76.53,74.83,75.79,6502303
14-Aug-08,73.87,75.79,73.60,75.78,6463482
13-Aug-08,72.75,74.17,72.48,73.93,7483743
12-Aug-08,74.20,74.80,72.60,72.80,8435425
11-Aug-08,72.44,76.50,71.95,74.79,13822469
8-Aug-08,69.77,72.85,69.11,72.60,9089675
7-Aug-08,70.78,71.25,69.34,69.50,10970932
6-Aug-08,72.80,72.81,71.07,71.48,10230919
5-Aug-08,73.20,74.23,72.32,73.60,8591677
4-Aug-08,71.76,73.60,71.50,72.50,10673092
1-Aug-08,73.30,74.10,70.35,71.73,15433918
31-Jul-08,76.22,78.15,71.49,73.06,37227383
30-Jul-08,77.25,78.90,74.27,78.45,19022279
29-Jul-08,71.03,75.97,71.01,75.97,12269426
28-Jul-08,72.41,73.60,70.25,70.55,8927799
25-Jul-08,70.54,72.35,69.07,71.96,9672606
24-Jul-08,72.92,73.73,69.96,70.08,9157989
23-Jul-08,73.50,75.00,72.60,73.25,12488398
22-Jul-08,69.60,74.23,67.90,74.05,16355726
21-Jul-08,73.91,74.94,71.57,71.90,13234270
18-Jul-08,74.24,74.49,72.12,73.40,11658339
17-Jul-08,73.70,75.06,71.35,75.06,16823018
16-Jul-08,68.33,72.56,66.51,72.23,23122191
15-Jul-08,71.26,71.31,67.29,68.42,21074684
14-Jul-08,76.09,76.18,72.50,72.58,10673519
11-Jul-08,75.60,77.45,74.00,74.55,13661299
10-Jul-08,75.76,77.62,73.89,77.25,13212757
9-Jul-08,79.00,79.10,75.40,75.87,13832529
8-Jul-08,74.89,79.50,72.25,79.06,23953132
7-Jul-08,78.50,79.94,74.00,75.62,19989289
3-Jul-08,79.36,79.81,77.25,78.07,7189465
2-Jul-08,81.90,82.40,79.30,79.42,8460983
1-Jul-08,79.64,81.41,79.20,81.41,11232653
30-Jun-08,82.01,82.84,80.30,81.31,12332415
27-Jun-08,78.80,82.87,78.55,82.60,44011594
26-Jun-08,80.60,80.74,78.02,79.10,19145922
25-Jun-08,83.36,84.42,81.86,82.06,12681160
24-Jun-08,80.06,82.94,78.51,82.66,12477092
23-Jun-08,83.85,84.35,81.02,81.06,7542506
20-Jun-08,82.97,84.50,82.75,83.57,10646181
19-Jun-08,83.48,84.40,81.62,84.27,9233412
18-Jun-08,83.72,84.70,83.44,83.86,8439424
17-Jun-08,84.10,84.98,83.68,84.67,8322483
16-Jun-08,81.48,83.50,81.10,83.27,8601706
13-Jun-08,80.26,81.81,80.15,81.53,7679436
12-Jun-08,78.95,80.77,78.55,79.56,11151319
11-Jun-08,81.00,81.00,77.60,77.74,14259070
10-Jun-08,80.30,82.87,79.61,80.31,9021514
9-Jun-08,84.00,84.95,80.56,82.14,11309911
6-Jun-08,85.90,85.99,83.55,83.65,10442944
5-Jun-08,86.46,87.24,85.59,87.24,6764868
4-Jun-08,87.08,88.10,85.28,85.48,10176128
3-Jun-08,87.01,87.95,86.03,87.56,12121063
2-Jun-08,86.21,86.95,84.60,86.07,9213955
30-May-08,86.02,87.56,85.81,86.36,18012046
29-May-08,83.43,86.95,83.01,85.25,25153257
28-May-08,80.29,81.95,79.55,81.92,13258672
27-May-08,76.92,78.94,74.36,78.74,15703674
23-May-08,75.84,77.31,75.12,76.35,10555933
22-May-08,80.57,80.60,76.16,77.31,21329340
21-May-08,82.68,83.43,80.52,80.85,10457818
20-May-08,82.88,83.84,81.91,82.74,10176585
19-May-08,82.27,84.74,82.15,83.32,11412820
16-May-08,82.71,82.85,81.26,82.37,8516633
15-May-08,82.53,82.93,81.11,82.25,9182059
14-May-08,83.30,84.35,81.45,82.23,12850077
13-May-08,81.83,83.50,80.79,82.38,13317832
12-May-08,83.65,84.48,78.10,81.90,36887727
9-May-08,85.81,86.67,82.52,82.86,23577947
8-May-08,89.50,89.75,85.94,87.30,23216674
7-May-08,88.83,89.84,87.66,88.50,25116124
6-May-08,85.47,88.15,84.75,87.53,18978236
5-May-08,82.85,85.50,80.82,85.06,17594234
2-May-08,87.29,87.50,81.00,82.75,34162124
1-May-08,84.39,87.64,83.90,85.40,29098835
30-Apr-08,81.40,84.81,81.07,83.45,36885814
29-Apr-08,74.15,80.88,71.00,80.88,49327033
28-Apr-08,76.50,77.29,74.90,75.63,33129322
25-Apr-08,76.00,76.08,73.91,75.10,25364987
24-Apr-08,71.20,72.99,70.04,72.30,9770604
23-Apr-08,70.95,71.70,69.69,70.08,9334153
22-Apr-08,71.92,72.40,70.00,70.28,11844560
21-Apr-08,69.48,72.50,68.85,70.97,14721301
18-Apr-08,68.01,70.45,67.20,69.00,26030743
17-Apr-08,66.26,67.75,66.01,67.04,5615554
16-Apr-08,64.56,66.95,64.56,66.14,6287187
15-Apr-08,66.29,66.55,64.00,64.35,5975843
14-Apr-08,66.70,67.24,65.53,65.68,7111548
11-Apr-08,65.25,66.77,65.25,66.11,6608602
10-Apr-08,66.16,66.73,65.11,66.11,5596283
9-Apr-08,68.44,68.72,65.61,65.79,12084944
8-Apr-08,64.90,68.24,64.81,68.09,13490957
7-Apr-08,65.10,65.80,64.02,65.04,7078367
4-Apr-08,64.90,65.32,63.75,64.48,9099011
3-Apr-08,61.95,66.29,61.82,65.50,25216907
2-Apr-08,61.72,62.32,60.50,62.32,10961640
1-Apr-08,63.06,63.68,60.31,61.61,15107970
31-Mar-08,62.60,63.48,62.05,62.36,5542662
28-Mar-08,63.37,63.44,62.16,62.76,6174579
27-Mar-08,64.05,64.74,62.65,62.91,9958761
26-Mar-08,62.73,64.48,61.57,63.96,10784854
25-Mar-08,60.58,64.25,59.82,63.25,21791298
24-Mar-08,67.24,67.70,59.00,59.73,37423746
20-Mar-08,58.40,65.00,57.50,64.35,49746236
19-Mar-08,65.00,69.00,55.00,56.50,177121472
