#########################################################
# Algorithm Parameters #
# Generations = 2000
# Population size = 100
# Resolution = 5
#########################################################
# Financial Parameters #
# Quarter = 1
# Crossover probabilities = 0.75 -> 0.25
# Mutation start probabilities = 0.9,0.0,0.6,0.5,0.6,0.9
# Mutation end probabilities = 0.4,0.4,0.1,0.1,0.1,0.4
######################################################### 
0|7.878706499988525|7|1.1255294999983607|1.0|GrossMargin10,1
5|7.878706499988525|7|1.1255294999983607|1.0|GrossMargin10,1
10|8.171655796322952|9|0.9079617551469946|1.3333333333333333|SGAExpensesChange,14
15|8.171655796322952|9|0.9079617551469946|1.3333333333333333|SGAExpensesChange,14
20|8.171655796322952|9|0.9079617551469946|1.3333333333333333|SGAExpensesChange,14
25|8.214180688460656|19|0.4323252993926661|1.0|EarningsPerShare09,6
30|8.214180688460656|17|0.48318709932121506|1.1428571428571428|TotalCurrentLiabilities10,34
35|8.606788096555738|29|0.29678579643295644|1.75|SGAExpensesChange,14
40|9.092052202614756|27|0.3367426741709169|1.3|TotalCurrentLiabilities10,34
45|9.308941391955738|33|0.28208913308956785|1.6|ReturnOnEquity10,22
50|9.308941391955738|23|0.40473658225894515|1.5714285714285714|ReturnOnEquity10,22
55|9.67558630307705|41|0.23598990983114757|1.5384615384615385|ReturnOnEquity10,22
60|9.687893413916392|33|0.2935725276944361|1.6|ReturnOnEquity10,22
65|9.687893413916392|33|0.2935725276944361|1.6|ReturnOnEquity10,22
70|9.944137242260657|37|0.2687604660070448|1.2857142857142858|OperatingMargin10,4
75|9.944137242260657|37|0.2687604660070448|1.2857142857142858|OperatingMargin10,4
80|10.286930423706558|75|0.13715907231608743|2.176470588235294|OperatingMargin10,4
85|10.286930423706558|69|0.14908594816966025|2.0|OperatingMargin10,4
90|10.3045350657|59|0.17465313670677965|1.7058823529411764|QuickRatio10,40
95|10.3045350657|51|0.20204970717058823|1.7857142857142858|QuickRatio10,40
100|10.541754214365572|53|0.19890102291255796|1.7333333333333334|OperatingMargin10,4
105|10.541754214365572|53|0.19890102291255796|1.7333333333333334|OperatingMargin10,4
110|10.541754214365572|41|0.2571159564479408|1.5384615384615385|OperatingMargin10,4
115|10.541754214365572|37|0.2849122760639344|1.6363636363636365|ReturnOnEquity10,22
120|10.541754214365572|37|0.2849122760639344|1.6363636363636365|ReturnOnEquity10,22
125|10.541754214365572|35|0.30119297755330204|1.4166666666666667|ReturnOnEquity10,22
130|10.541754214365572|33|0.3194470974050173|1.4545454545454546|OperatingMargin10,4
135|10.541754214365572|27|0.39043534127279894|1.3|ReturnOnEquity10,22
140|10.541754214365572|27|0.39043534127279894|1.3|ReturnOnEquity10,22
145|10.541754214365572|27|0.39043534127279894|1.3|ReturnOnEquity10,22
150|10.541754214365572|25|0.42167016857462286|1.3333333333333333|OperatingMarginChange,5
155|10.541754214365572|25|0.42167016857462286|1.3333333333333333|OperatingMarginChange,5
160|10.541754214365572|25|0.42167016857462286|1.3333333333333333|OperatingMarginChange,5
165|10.541754214365572|25|0.42167016857462286|1.3333333333333333|OperatingMarginChange,5
170|10.541754214365572|25|0.42167016857462286|1.3333333333333333|OperatingMarginChange,5
175|10.541754214365572|25|0.42167016857462286|1.3333333333333333|OperatingMarginChange,5
180|10.541754214365572|25|0.42167016857462286|1.3333333333333333|OperatingMarginChange,5
185|10.541754214365572|25|0.42167016857462286|1.3333333333333333|OperatingMarginChange,5
190|10.541754214365572|23|0.4583371397550248|1.2222222222222223|OperatingMarginChange,5
195|10.541754214365572|23|0.4583371397550248|1.2222222222222223|OperatingMarginChange,5
200|10.541754214365572|23|0.4583371397550248|1.2222222222222223|OperatingMarginChange,5
205|10.541754214365572|23|0.4583371397550248|1.2222222222222223|OperatingMarginChange,5
210|10.541754214365572|23|0.4583371397550248|1.2222222222222223|OperatingMarginChange,5
215|10.541754214365572|19|0.5548291691771353|1.2857142857142858|ReturnOnEquity10,22
220|10.541754214365572|19|0.5548291691771353|1.2857142857142858|ReturnOnEquity10,22
225|10.541754214365572|19|0.5548291691771353|1.2857142857142858|ReturnOnEquity10,22
230|10.541754214365572|19|0.5548291691771353|1.2857142857142858|ReturnOnEquity10,22
235|10.541754214365572|19|0.5548291691771353|1.2857142857142858|ReturnOnEquity10,22
240|10.541754214365572|19|0.5548291691771353|1.2857142857142858|ReturnOnEquity10,22
245|10.541754214365572|19|0.5548291691771353|1.2857142857142858|ReturnOnEquity10,22
250|10.541754214365572|19|0.5548291691771353|1.2857142857142858|ReturnOnEquity10,22
255|10.541754214365572|19|0.5548291691771353|1.2857142857142858|ReturnOnEquity10,22
260|10.541754214365572|19|0.5548291691771353|1.2857142857142858|ReturnOnEquity10,22
265|10.541754214365572|19|0.5548291691771353|1.2857142857142858|ReturnOnEquity10,22
270|10.541754214365572|19|0.5548291691771353|1.2857142857142858|ReturnOnEquity10,22
275|10.541754214365572|19|0.5548291691771353|1.2857142857142858|ReturnOnEquity10,22
280|10.541754214365572|19|0.5548291691771353|1.2857142857142858|ReturnOnEquity10,22
285|10.541754214365572|19|0.5548291691771353|1.2857142857142858|ReturnOnEquity10,22
290|10.541754214365572|19|0.5548291691771353|1.2857142857142858|ReturnOnEquity10,22
295|10.541754214365572|17|0.6201031890803277|1.3333333333333333|ReturnOnEquity10,22
300|10.541754214365572|17|0.6201031890803277|1.3333333333333333|ReturnOnEquity10,22
305|10.541754214365572|17|0.6201031890803277|1.3333333333333333|ReturnOnEquity10,22
310|10.541754214365572|17|0.6201031890803277|1.3333333333333333|ReturnOnEquity10,22
315|10.541754214365572|17|0.6201031890803277|1.3333333333333333|ReturnOnEquity10,22
320|10.541754214365572|17|0.6201031890803277|1.3333333333333333|ReturnOnEquity10,22
325|10.541754214365572|17|0.6201031890803277|1.3333333333333333|ReturnOnEquity10,22
330|10.541754214365572|17|0.6201031890803277|1.3333333333333333|ReturnOnEquity10,22
335|10.541754214365572|17|0.6201031890803277|1.3333333333333333|ReturnOnEquity10,22
340|10.541754214365572|17|0.6201031890803277|1.3333333333333333|ReturnOnEquity10,22
345|10.541754214365572|17|0.6201031890803277|1.3333333333333333|ReturnOnEquity10,22
350|10.541754214365572|17|0.6201031890803277|1.3333333333333333|ReturnOnEquity10,22
355|10.541754214365572|17|0.6201031890803277|1.3333333333333333|ReturnOnEquity10,22
360|10.541754214365572|17|0.6201031890803277|1.3333333333333333|ReturnOnEquity10,22
365|10.541754214365572|17|0.6201031890803277|1.3333333333333333|ReturnOnEquity10,22
370|10.541754214365572|17|0.6201031890803277|1.3333333333333333|ReturnOnEquity10,22
375|10.541754214365572|17|0.6201031890803277|1.3333333333333333|ReturnOnEquity10,22
380|10.541754214365572|17|0.6201031890803277|1.3333333333333333|ReturnOnEquity10,22
385|10.541754214365572|17|0.6201031890803277|1.3333333333333333|ReturnOnEquity10,22
390|10.541754214365572|17|0.6201031890803277|1.3333333333333333|ReturnOnEquity10,22
395|10.541754214365572|17|0.6201031890803277|1.3333333333333333|ReturnOnEquity10,22
400|10.541754214365572|17|0.6201031890803277|1.3333333333333333|ReturnOnEquity10,22
405|10.541754214365572|17|0.6201031890803277|1.3333333333333333|ReturnOnEquity10,22
410|10.541754214365572|17|0.6201031890803277|1.3333333333333333|ReturnOnEquity10,22
415|10.541754214365572|17|0.6201031890803277|1.3333333333333333|ReturnOnEquity10,22
420|10.541754214365572|17|0.6201031890803277|1.3333333333333333|ReturnOnEquity10,22
425|10.541754214365572|17|0.6201031890803277|1.3333333333333333|ReturnOnEquity10,22
430|10.541754214365572|17|0.6201031890803277|1.3333333333333333|ReturnOnEquity10,22
435|10.541754214365572|17|0.6201031890803277|1.3333333333333333|ReturnOnEquity10,22
440|10.541754214365572|17|0.6201031890803277|1.3333333333333333|ReturnOnEquity10,22
445|10.541754214365572|17|0.6201031890803277|1.3333333333333333|ReturnOnEquity10,22
450|10.541754214365572|17|0.6201031890803277|1.3333333333333333|ReturnOnEquity10,22
455|10.541754214365572|17|0.6201031890803277|1.3333333333333333|ReturnOnEquity10,22
460|10.541754214365572|17|0.6201031890803277|1.3333333333333333|ReturnOnEquity10,22
465|10.541754214365572|17|0.6201031890803277|1.3333333333333333|ReturnOnEquity10,22
470|10.541754214365572|17|0.6201031890803277|1.3333333333333333|ReturnOnEquity10,22
475|10.541754214365572|17|0.6201031890803277|1.3333333333333333|ReturnOnEquity10,22
480|10.541754214365572|17|0.6201031890803277|1.3333333333333333|ReturnOnEquity10,22
485|10.541754214365572|17|0.6201031890803277|1.3333333333333333|ReturnOnEquity10,22
490|10.541754214365572|17|0.6201031890803277|1.3333333333333333|ReturnOnEquity10,22
495|10.541754214365572|17|0.6201031890803277|1.3333333333333333|ReturnOnEquity10,22
500|10.541754214365572|17|0.6201031890803277|1.3333333333333333|ReturnOnEquity10,22
505|10.541754214365572|17|0.6201031890803277|1.3333333333333333|ReturnOnEquity10,22
510|10.541754214365572|17|0.6201031890803277|1.3333333333333333|ReturnOnEquity10,22
515|10.541754214365572|17|0.6201031890803277|1.3333333333333333|ReturnOnEquity10,22
520|10.541754214365572|17|0.6201031890803277|1.3333333333333333|ReturnOnEquity10,22
525|10.541754214365572|17|0.6201031890803277|1.3333333333333333|ReturnOnEquity10,22
530|10.541754214365572|17|0.6201031890803277|1.3333333333333333|ReturnOnEquity10,22
535|10.541754214365572|17|0.6201031890803277|1.3333333333333333|ReturnOnEquity10,22
540|10.541754214365572|17|0.6201031890803277|1.3333333333333333|ReturnOnEquity10,22
545|10.541754214365572|17|0.6201031890803277|1.3333333333333333|ReturnOnEquity10,22
550|10.541754214365572|15|0.7027836142910381|1.4|SGAExpensesChange,14
555|10.541754214365572|15|0.7027836142910381|1.4|SGAExpensesChange,14
560|10.541754214365572|15|0.7027836142910381|1.4|SGAExpensesChange,14
565|10.541754214365572|15|0.7027836142910381|1.4|SGAExpensesChange,14
570|10.541754214365572|15|0.7027836142910381|1.4|SGAExpensesChange,14
575|10.541754214365572|15|0.7027836142910381|1.4|SGAExpensesChange,14
580|10.541754214365572|15|0.7027836142910381|1.4|SGAExpensesChange,14
585|10.541754214365572|15|0.7027836142910381|1.4|SGAExpensesChange,14
590|10.541754214365572|15|0.7027836142910381|1.4|SGAExpensesChange,14
595|10.541754214365572|15|0.7027836142910381|1.4|SGAExpensesChange,14
600|10.541754214365572|15|0.7027836142910381|1.4|SGAExpensesChange,14
605|10.541754214365572|15|0.7027836142910381|1.4|SGAExpensesChange,14
610|10.541754214365572|15|0.7027836142910381|1.4|SGAExpensesChange,14
615|10.541754214365572|15|0.7027836142910381|1.4|SGAExpensesChange,14
620|10.541754214365572|15|0.7027836142910381|1.4|SGAExpensesChange,14
625|10.541754214365572|15|0.7027836142910381|1.4|SGAExpensesChange,14
630|10.541754214365572|15|0.7027836142910381|1.4|SGAExpensesChange,14
635|10.541754214365572|15|0.7027836142910381|1.4|SGAExpensesChange,14
640|10.541754214365572|15|0.7027836142910381|1.4|SGAExpensesChange,14
645|10.541754214365572|15|0.7027836142910381|1.4|SGAExpensesChange,14
650|10.541754214365572|15|0.7027836142910381|1.4|SGAExpensesChange,14
655|10.541754214365572|15|0.7027836142910381|1.4|SGAExpensesChange,14
660|10.541754214365572|15|0.7027836142910381|1.4|SGAExpensesChange,14
665|10.541754214365572|15|0.7027836142910381|1.4|SGAExpensesChange,14
670|10.541754214365572|15|0.7027836142910381|1.4|SGAExpensesChange,14
675|10.541754214365572|15|0.7027836142910381|1.4|SGAExpensesChange,14
680|10.541754214365572|15|0.7027836142910381|1.4|SGAExpensesChange,14
685|10.675161837434425|25|0.427006473497377|1.7142857142857142|ReturnOnEquity10,22
690|10.675161837434425|25|0.427006473497377|1.7142857142857142|ReturnOnEquity10,22
695|10.675161837434425|25|0.427006473497377|1.7142857142857142|ReturnOnEquity10,22
700|10.675161837434425|21|0.5083410398778297|1.6666666666666667|OperatingMarginChange,5
705|10.675161837434425|21|0.5083410398778297|1.6666666666666667|OperatingMarginChange,5
710|10.675161837434425|21|0.5083410398778297|1.6666666666666667|OperatingMarginChange,5
715|10.675161837434425|21|0.5083410398778297|1.6666666666666667|OperatingMarginChange,5
720|10.675161837434425|21|0.5083410398778297|1.6666666666666667|OperatingMarginChange,5
725|10.675161837434425|21|0.5083410398778297|1.6666666666666667|OperatingMarginChange,5
730|10.675161837434425|21|0.5083410398778297|1.6666666666666667|OperatingMarginChange,5
735|10.675161837434425|21|0.5083410398778297|1.6666666666666667|OperatingMarginChange,5
740|10.675161837434425|21|0.5083410398778297|1.6666666666666667|OperatingMarginChange,5
745|10.675161837434425|21|0.5083410398778297|1.6666666666666667|OperatingMarginChange,5
750|10.675161837434425|21|0.5083410398778297|1.6666666666666667|OperatingMarginChange,5
755|10.675161837434425|21|0.5083410398778297|1.6666666666666667|OperatingMarginChange,5
760|10.675161837434425|21|0.5083410398778297|1.6666666666666667|OperatingMarginChange,5
765|10.675161837434425|21|0.5083410398778297|1.6666666666666667|OperatingMarginChange,5
770|10.675161837434425|21|0.5083410398778297|1.6666666666666667|OperatingMarginChange,5
775|10.675161837434425|21|0.5083410398778297|1.6666666666666667|OperatingMarginChange,5
780|10.675161837434425|21|0.5083410398778297|1.6666666666666667|OperatingMarginChange,5
785|10.675161837434425|19|0.5618506230228645|1.5|SGAExpensesChange,14
790|10.675161837434425|19|0.5618506230228645|1.5|SGAExpensesChange,14
795|10.675161837434425|19|0.5618506230228645|1.5|SGAExpensesChange,14
800|10.675161837434425|19|0.5618506230228645|1.5|SGAExpensesChange,14
805|10.675161837434425|19|0.5618506230228645|1.5|SGAExpensesChange,14
810|10.675161837434425|19|0.5618506230228645|1.5|SGAExpensesChange,14
815|10.675161837434425|19|0.5618506230228645|1.5|SGAExpensesChange,14
820|10.675161837434425|19|0.5618506230228645|1.5|SGAExpensesChange,14
825|10.675161837434425|19|0.5618506230228645|1.5|SGAExpensesChange,14
830|10.675161837434425|17|0.627950696319672|1.3333333333333333|SGAExpensesChange,14
835|10.675161837434425|17|0.627950696319672|1.3333333333333333|SGAExpensesChange,14
840|10.675161837434425|17|0.627950696319672|1.3333333333333333|SGAExpensesChange,14
845|10.675161837434425|17|0.627950696319672|1.3333333333333333|SGAExpensesChange,14
850|10.675161837434425|17|0.627950696319672|1.3333333333333333|SGAExpensesChange,14
855|10.675161837434425|17|0.627950696319672|1.3333333333333333|SGAExpensesChange,14
860|10.675161837434425|17|0.627950696319672|1.3333333333333333|SGAExpensesChange,14
865|10.675161837434425|17|0.627950696319672|1.3333333333333333|SGAExpensesChange,14
870|10.675161837434425|17|0.627950696319672|1.3333333333333333|SGAExpensesChange,14
875|10.675161837434425|17|0.627950696319672|1.3333333333333333|SGAExpensesChange,14
880|10.675161837434425|17|0.627950696319672|1.3333333333333333|SGAExpensesChange,14
885|10.675161837434425|17|0.627950696319672|1.3333333333333333|SGAExpensesChange,14
890|10.675161837434425|17|0.627950696319672|1.3333333333333333|SGAExpensesChange,14
895|10.675161837434425|17|0.627950696319672|1.3333333333333333|SGAExpensesChange,14
900|10.675161837434425|17|0.627950696319672|1.3333333333333333|SGAExpensesChange,14
905|10.675161837434425|17|0.627950696319672|1.3333333333333333|SGAExpensesChange,14
910|10.675161837434425|17|0.627950696319672|1.3333333333333333|SGAExpensesChange,14
915|10.675161837434425|17|0.627950696319672|1.3333333333333333|SGAExpensesChange,14
920|10.675161837434425|17|0.627950696319672|1.3333333333333333|SGAExpensesChange,14
925|10.675161837434425|17|0.627950696319672|1.3333333333333333|SGAExpensesChange,14
930|10.675161837434425|17|0.627950696319672|1.3333333333333333|SGAExpensesChange,14
935|10.675161837434425|17|0.627950696319672|1.3333333333333333|SGAExpensesChange,14
940|10.675161837434425|17|0.627950696319672|1.3333333333333333|SGAExpensesChange,14
945|10.675161837434425|17|0.627950696319672|1.3333333333333333|SGAExpensesChange,14
950|10.675161837434425|17|0.627950696319672|1.3333333333333333|SGAExpensesChange,14
955|10.675161837434425|17|0.627950696319672|1.3333333333333333|SGAExpensesChange,14
960|10.675161837434425|17|0.627950696319672|1.3333333333333333|SGAExpensesChange,14
965|10.675161837434425|17|0.627950696319672|1.3333333333333333|SGAExpensesChange,14
970|10.675161837434425|17|0.627950696319672|1.3333333333333333|SGAExpensesChange,14
975|10.675161837434425|17|0.627950696319672|1.3333333333333333|SGAExpensesChange,14
980|10.675161837434425|17|0.627950696319672|1.3333333333333333|SGAExpensesChange,14
985|10.675161837434425|17|0.627950696319672|1.3333333333333333|SGAExpensesChange,14
990|10.675161837434425|17|0.627950696319672|1.3333333333333333|SGAExpensesChange,14
995|10.675161837434425|17|0.627950696319672|1.3333333333333333|SGAExpensesChange,14
1000|10.675161837434425|17|0.627950696319672|1.3333333333333333|SGAExpensesChange,14
1005|10.675161837434425|17|0.627950696319672|1.3333333333333333|SGAExpensesChange,14
1010|10.675161837434425|17|0.627950696319672|1.3333333333333333|SGAExpensesChange,14
1015|10.675161837434425|17|0.627950696319672|1.3333333333333333|SGAExpensesChange,14
1020|10.675161837434425|17|0.627950696319672|1.3333333333333333|SGAExpensesChange,14
1025|10.675161837434425|17|0.627950696319672|1.3333333333333333|SGAExpensesChange,14
1030|10.675161837434425|17|0.627950696319672|1.3333333333333333|SGAExpensesChange,14
1035|10.675161837434425|17|0.627950696319672|1.3333333333333333|SGAExpensesChange,14
1040|10.675161837434425|17|0.627950696319672|1.3333333333333333|SGAExpensesChange,14
1045|10.675161837434425|17|0.627950696319672|1.3333333333333333|SGAExpensesChange,14
1050|10.675161837434425|17|0.627950696319672|1.3333333333333333|SGAExpensesChange,14
1055|10.675161837434425|17|0.627950696319672|1.3333333333333333|SGAExpensesChange,14
1060|10.675161837434425|17|0.627950696319672|1.3333333333333333|SGAExpensesChange,14
1065|10.675161837434425|17|0.627950696319672|1.3333333333333333|SGAExpensesChange,14
1070|10.675161837434425|17|0.627950696319672|1.3333333333333333|SGAExpensesChange,14
1075|10.675161837434425|17|0.627950696319672|1.3333333333333333|SGAExpensesChange,14
1080|10.675161837434425|17|0.627950696319672|1.3333333333333333|SGAExpensesChange,14
1085|10.675161837434425|17|0.627950696319672|1.3333333333333333|SGAExpensesChange,14
1090|10.675161837434425|17|0.627950696319672|1.3333333333333333|SGAExpensesChange,14
1095|10.675161837434425|17|0.627950696319672|1.3333333333333333|SGAExpensesChange,14
1100|10.675161837434425|17|0.627950696319672|1.3333333333333333|SGAExpensesChange,14
1105|10.675161837434425|17|0.627950696319672|1.3333333333333333|SGAExpensesChange,14
1110|10.675161837434425|17|0.627950696319672|1.3333333333333333|SGAExpensesChange,14
1115|10.675161837434425|17|0.627950696319672|1.3333333333333333|SGAExpensesChange,14
1120|10.675161837434425|17|0.627950696319672|1.3333333333333333|SGAExpensesChange,14
1125|10.675161837434425|17|0.627950696319672|1.3333333333333333|SGAExpensesChange,14
1130|10.675161837434425|17|0.627950696319672|1.3333333333333333|SGAExpensesChange,14
1135|10.675161837434425|17|0.627950696319672|1.3333333333333333|SGAExpensesChange,14
1140|10.675161837434425|17|0.627950696319672|1.3333333333333333|SGAExpensesChange,14
1145|10.675161837434425|17|0.627950696319672|1.3333333333333333|SGAExpensesChange,14
1150|10.675161837434425|17|0.627950696319672|1.3333333333333333|SGAExpensesChange,14
1155|10.675161837434425|17|0.627950696319672|1.3333333333333333|SGAExpensesChange,14
1160|10.675161837434425|17|0.627950696319672|1.3333333333333333|SGAExpensesChange,14
1165|10.675161837434425|17|0.627950696319672|1.3333333333333333|SGAExpensesChange,14
1170|10.675161837434425|17|0.627950696319672|1.3333333333333333|SGAExpensesChange,14
1175|10.675161837434425|17|0.627950696319672|1.3333333333333333|SGAExpensesChange,14
1180|10.675161837434425|17|0.627950696319672|1.3333333333333333|SGAExpensesChange,14
1185|10.675161837434425|17|0.627950696319672|1.3333333333333333|SGAExpensesChange,14
1190|10.675161837434425|17|0.627950696319672|1.3333333333333333|SGAExpensesChange,14
1195|10.675161837434425|17|0.627950696319672|1.3333333333333333|SGAExpensesChange,14
1200|10.675161837434425|17|0.627950696319672|1.3333333333333333|SGAExpensesChange,14
1205|10.675161837434425|17|0.627950696319672|1.3333333333333333|SGAExpensesChange,14
1210|10.675161837434425|17|0.627950696319672|1.3333333333333333|SGAExpensesChange,14
1215|10.675161837434425|17|0.627950696319672|1.3333333333333333|SGAExpensesChange,14
1220|10.675161837434425|17|0.627950696319672|1.3333333333333333|SGAExpensesChange,14
1225|10.675161837434425|17|0.627950696319672|1.3333333333333333|SGAExpensesChange,14
1230|10.675161837434425|17|0.627950696319672|1.3333333333333333|SGAExpensesChange,14
1235|10.675161837434425|17|0.627950696319672|1.3333333333333333|SGAExpensesChange,14
1240|10.675161837434425|17|0.627950696319672|1.3333333333333333|SGAExpensesChange,14
1245|10.675161837434425|17|0.627950696319672|1.3333333333333333|SGAExpensesChange,14
1250|10.675161837434425|17|0.627950696319672|1.3333333333333333|SGAExpensesChange,14
1255|10.675161837434425|17|0.627950696319672|1.3333333333333333|SGAExpensesChange,14
1260|10.675161837434425|17|0.627950696319672|1.3333333333333333|SGAExpensesChange,14
1265|10.675161837434425|17|0.627950696319672|1.3333333333333333|SGAExpensesChange,14
1270|10.675161837434425|17|0.627950696319672|1.3333333333333333|SGAExpensesChange,14
1275|10.675161837434425|17|0.627950696319672|1.3333333333333333|SGAExpensesChange,14
1280|10.675161837434425|17|0.627950696319672|1.3333333333333333|SGAExpensesChange,14
1285|10.675161837434425|17|0.627950696319672|1.3333333333333333|SGAExpensesChange,14
1290|10.675161837434425|17|0.627950696319672|1.3333333333333333|SGAExpensesChange,14
1295|10.675161837434425|17|0.627950696319672|1.3333333333333333|SGAExpensesChange,14
1300|10.675161837434425|17|0.627950696319672|1.3333333333333333|SGAExpensesChange,14
1305|10.675161837434425|17|0.627950696319672|1.3333333333333333|SGAExpensesChange,14
1310|10.675161837434425|17|0.627950696319672|1.3333333333333333|SGAExpensesChange,14
1315|10.675161837434425|17|0.627950696319672|1.3333333333333333|SGAExpensesChange,14
1320|10.675161837434425|17|0.627950696319672|1.3333333333333333|SGAExpensesChange,14
1325|10.675161837434425|17|0.627950696319672|1.3333333333333333|SGAExpensesChange,14
1330|10.675161837434425|17|0.627950696319672|1.3333333333333333|SGAExpensesChange,14
1335|10.675161837434425|17|0.627950696319672|1.3333333333333333|SGAExpensesChange,14
1340|10.675161837434425|17|0.627950696319672|1.3333333333333333|SGAExpensesChange,14
1345|10.675161837434425|17|0.627950696319672|1.3333333333333333|SGAExpensesChange,14
1350|10.675161837434425|17|0.627950696319672|1.3333333333333333|SGAExpensesChange,14
1355|10.675161837434425|17|0.627950696319672|1.3333333333333333|SGAExpensesChange,14
1360|10.675161837434425|17|0.627950696319672|1.3333333333333333|SGAExpensesChange,14
1365|10.675161837434425|17|0.627950696319672|1.3333333333333333|SGAExpensesChange,14
1370|10.675161837434425|17|0.627950696319672|1.3333333333333333|SGAExpensesChange,14
1375|10.675161837434425|17|0.627950696319672|1.3333333333333333|SGAExpensesChange,14
1380|10.675161837434425|17|0.627950696319672|1.3333333333333333|SGAExpensesChange,14
1385|10.675161837434425|17|0.627950696319672|1.3333333333333333|SGAExpensesChange,14
1390|10.675161837434425|17|0.627950696319672|1.3333333333333333|SGAExpensesChange,14
1395|10.675161837434425|17|0.627950696319672|1.3333333333333333|SGAExpensesChange,14
1400|10.675161837434425|17|0.627950696319672|1.3333333333333333|SGAExpensesChange,14
1405|10.675161837434425|17|0.627950696319672|1.3333333333333333|SGAExpensesChange,14
1410|10.675161837434425|17|0.627950696319672|1.3333333333333333|SGAExpensesChange,14
1415|10.675161837434425|17|0.627950696319672|1.3333333333333333|SGAExpensesChange,14
1420|10.675161837434425|17|0.627950696319672|1.3333333333333333|SGAExpensesChange,14
1425|10.675161837434425|17|0.627950696319672|1.3333333333333333|SGAExpensesChange,14
1430|10.675161837434425|17|0.627950696319672|1.3333333333333333|SGAExpensesChange,14
1435|10.675161837434425|17|0.627950696319672|1.3333333333333333|SGAExpensesChange,14
1440|10.675161837434425|17|0.627950696319672|1.3333333333333333|SGAExpensesChange,14
1445|10.675161837434425|17|0.627950696319672|1.3333333333333333|SGAExpensesChange,14
1450|10.675161837434425|17|0.627950696319672|1.3333333333333333|SGAExpensesChange,14
1455|10.675161837434425|17|0.627950696319672|1.3333333333333333|SGAExpensesChange,14
1460|10.675161837434425|17|0.627950696319672|1.3333333333333333|SGAExpensesChange,14
1465|10.675161837434425|17|0.627950696319672|1.3333333333333333|SGAExpensesChange,14
1470|10.675161837434425|17|0.627950696319672|1.3333333333333333|SGAExpensesChange,14
1475|10.675161837434425|17|0.627950696319672|1.3333333333333333|SGAExpensesChange,14
1480|10.675161837434425|17|0.627950696319672|1.3333333333333333|SGAExpensesChange,14
1485|10.675161837434425|17|0.627950696319672|1.3333333333333333|SGAExpensesChange,14
1490|10.675161837434425|17|0.627950696319672|1.3333333333333333|SGAExpensesChange,14
1495|10.675161837434425|17|0.627950696319672|1.3333333333333333|SGAExpensesChange,14
1500|10.675161837434425|17|0.627950696319672|1.3333333333333333|SGAExpensesChange,14
1505|10.675161837434425|17|0.627950696319672|1.3333333333333333|SGAExpensesChange,14
1510|10.675161837434425|17|0.627950696319672|1.3333333333333333|SGAExpensesChange,14
1515|10.675161837434425|17|0.627950696319672|1.3333333333333333|SGAExpensesChange,14
1520|10.675161837434425|17|0.627950696319672|1.3333333333333333|SGAExpensesChange,14
1525|10.675161837434425|17|0.627950696319672|1.3333333333333333|SGAExpensesChange,14
1530|10.675161837434425|17|0.627950696319672|1.3333333333333333|SGAExpensesChange,14
1535|10.675161837434425|17|0.627950696319672|1.3333333333333333|SGAExpensesChange,14
1540|10.675161837434425|17|0.627950696319672|1.3333333333333333|SGAExpensesChange,14
1545|10.675161837434425|17|0.627950696319672|1.3333333333333333|SGAExpensesChange,14
1550|10.675161837434425|17|0.627950696319672|1.3333333333333333|SGAExpensesChange,14
1555|10.675161837434425|17|0.627950696319672|1.3333333333333333|SGAExpensesChange,14
1560|10.675161837434425|17|0.627950696319672|1.3333333333333333|SGAExpensesChange,14
1565|10.675161837434425|17|0.627950696319672|1.3333333333333333|SGAExpensesChange,14
1570|10.675161837434425|17|0.627950696319672|1.3333333333333333|SGAExpensesChange,14
1575|10.675161837434425|17|0.627950696319672|1.3333333333333333|SGAExpensesChange,14
1580|10.675161837434425|17|0.627950696319672|1.3333333333333333|SGAExpensesChange,14
1585|10.675161837434425|17|0.627950696319672|1.3333333333333333|SGAExpensesChange,14
1590|10.675161837434425|17|0.627950696319672|1.3333333333333333|SGAExpensesChange,14
1595|10.675161837434425|17|0.627950696319672|1.3333333333333333|SGAExpensesChange,14
1600|10.675161837434425|17|0.627950696319672|1.3333333333333333|SGAExpensesChange,14
1605|10.675161837434425|17|0.627950696319672|1.3333333333333333|SGAExpensesChange,14
1610|10.675161837434425|17|0.627950696319672|1.3333333333333333|SGAExpensesChange,14
1615|10.675161837434425|17|0.627950696319672|1.3333333333333333|SGAExpensesChange,14
1620|10.675161837434425|17|0.627950696319672|1.3333333333333333|SGAExpensesChange,14
1625|10.675161837434425|17|0.627950696319672|1.3333333333333333|SGAExpensesChange,14
1630|10.675161837434425|17|0.627950696319672|1.3333333333333333|SGAExpensesChange,14
1635|10.675161837434425|17|0.627950696319672|1.3333333333333333|SGAExpensesChange,14
1640|10.675161837434425|17|0.627950696319672|1.3333333333333333|SGAExpensesChange,14
1645|10.675161837434425|17|0.627950696319672|1.3333333333333333|SGAExpensesChange,14
1650|10.675161837434425|17|0.627950696319672|1.3333333333333333|SGAExpensesChange,14
1655|10.675161837434425|17|0.627950696319672|1.3333333333333333|SGAExpensesChange,14
1660|10.675161837434425|17|0.627950696319672|1.3333333333333333|SGAExpensesChange,14
1665|10.675161837434425|17|0.627950696319672|1.3333333333333333|SGAExpensesChange,14
1670|10.675161837434425|17|0.627950696319672|1.3333333333333333|SGAExpensesChange,14
1675|10.675161837434425|17|0.627950696319672|1.3333333333333333|SGAExpensesChange,14
1680|10.675161837434425|17|0.627950696319672|1.3333333333333333|SGAExpensesChange,14
1685|10.675161837434425|17|0.627950696319672|1.3333333333333333|SGAExpensesChange,14
1690|10.675161837434425|17|0.627950696319672|1.3333333333333333|SGAExpensesChange,14
1695|10.675161837434425|17|0.627950696319672|1.3333333333333333|SGAExpensesChange,14
1700|10.675161837434425|17|0.627950696319672|1.3333333333333333|SGAExpensesChange,14
1705|10.675161837434425|17|0.627950696319672|1.3333333333333333|SGAExpensesChange,14
1710|10.675161837434425|17|0.627950696319672|1.3333333333333333|SGAExpensesChange,14
1715|10.675161837434425|17|0.627950696319672|1.3333333333333333|SGAExpensesChange,14
1720|10.675161837434425|17|0.627950696319672|1.3333333333333333|SGAExpensesChange,14
1725|10.675161837434425|17|0.627950696319672|1.3333333333333333|SGAExpensesChange,14
1730|10.675161837434425|17|0.627950696319672|1.3333333333333333|SGAExpensesChange,14
1735|10.675161837434425|17|0.627950696319672|1.3333333333333333|SGAExpensesChange,14
1740|10.675161837434425|17|0.627950696319672|1.3333333333333333|SGAExpensesChange,14
1745|10.675161837434425|17|0.627950696319672|1.3333333333333333|SGAExpensesChange,14
1750|10.675161837434425|17|0.627950696319672|1.3333333333333333|SGAExpensesChange,14
1755|10.675161837434425|17|0.627950696319672|1.3333333333333333|SGAExpensesChange,14
1760|10.675161837434425|17|0.627950696319672|1.3333333333333333|SGAExpensesChange,14
1765|10.675161837434425|17|0.627950696319672|1.3333333333333333|SGAExpensesChange,14
1770|10.675161837434425|17|0.627950696319672|1.3333333333333333|SGAExpensesChange,14
1775|10.675161837434425|17|0.627950696319672|1.3333333333333333|SGAExpensesChange,14
1780|10.675161837434425|17|0.627950696319672|1.3333333333333333|SGAExpensesChange,14
1785|10.675161837434425|17|0.627950696319672|1.3333333333333333|SGAExpensesChange,14
1790|10.675161837434425|17|0.627950696319672|1.3333333333333333|SGAExpensesChange,14
1795|10.675161837434425|17|0.627950696319672|1.3333333333333333|SGAExpensesChange,14
1800|10.675161837434425|17|0.627950696319672|1.3333333333333333|SGAExpensesChange,14
1805|10.675161837434425|17|0.627950696319672|1.3333333333333333|SGAExpensesChange,14
1810|10.675161837434425|17|0.627950696319672|1.3333333333333333|SGAExpensesChange,14
1815|10.675161837434425|17|0.627950696319672|1.3333333333333333|SGAExpensesChange,14
1820|10.675161837434425|17|0.627950696319672|1.3333333333333333|SGAExpensesChange,14
1825|10.675161837434425|17|0.627950696319672|1.3333333333333333|SGAExpensesChange,14
1830|10.675161837434425|17|0.627950696319672|1.3333333333333333|SGAExpensesChange,14
1835|10.675161837434425|17|0.627950696319672|1.3333333333333333|SGAExpensesChange,14
1840|10.675161837434425|17|0.627950696319672|1.3333333333333333|SGAExpensesChange,14
1845|10.675161837434425|17|0.627950696319672|1.3333333333333333|SGAExpensesChange,14
1850|10.675161837434425|17|0.627950696319672|1.3333333333333333|SGAExpensesChange,14
1855|10.675161837434425|17|0.627950696319672|1.3333333333333333|SGAExpensesChange,14
1860|10.675161837434425|17|0.627950696319672|1.3333333333333333|SGAExpensesChange,14
1865|10.675161837434425|17|0.627950696319672|1.3333333333333333|SGAExpensesChange,14
1870|10.675161837434425|17|0.627950696319672|1.3333333333333333|SGAExpensesChange,14
1875|10.675161837434425|17|0.627950696319672|1.3333333333333333|SGAExpensesChange,14
1880|10.675161837434425|17|0.627950696319672|1.3333333333333333|SGAExpensesChange,14
1885|10.675161837434425|17|0.627950696319672|1.3333333333333333|SGAExpensesChange,14
1890|10.675161837434425|17|0.627950696319672|1.3333333333333333|SGAExpensesChange,14
1895|10.675161837434425|17|0.627950696319672|1.3333333333333333|SGAExpensesChange,14
1900|10.675161837434425|17|0.627950696319672|1.3333333333333333|SGAExpensesChange,14
1905|10.675161837434425|17|0.627950696319672|1.3333333333333333|SGAExpensesChange,14
1910|10.675161837434425|17|0.627950696319672|1.3333333333333333|SGAExpensesChange,14
1915|10.675161837434425|17|0.627950696319672|1.3333333333333333|SGAExpensesChange,14
1920|10.675161837434425|17|0.627950696319672|1.3333333333333333|SGAExpensesChange,14
1925|10.675161837434425|17|0.627950696319672|1.3333333333333333|SGAExpensesChange,14
1930|10.675161837434425|17|0.627950696319672|1.3333333333333333|SGAExpensesChange,14
1935|10.675161837434425|17|0.627950696319672|1.3333333333333333|SGAExpensesChange,14
1940|10.675161837434425|17|0.627950696319672|1.3333333333333333|SGAExpensesChange,14
1945|10.675161837434425|17|0.627950696319672|1.3333333333333333|SGAExpensesChange,14
1950|10.675161837434425|17|0.627950696319672|1.3333333333333333|SGAExpensesChange,14
1955|10.675161837434425|17|0.627950696319672|1.3333333333333333|SGAExpensesChange,14
1960|10.675161837434425|17|0.627950696319672|1.3333333333333333|SGAExpensesChange,14
1965|10.675161837434425|17|0.627950696319672|1.3333333333333333|SGAExpensesChange,14
1970|10.675161837434425|17|0.627950696319672|1.3333333333333333|SGAExpensesChange,14
1975|10.675161837434425|17|0.627950696319672|1.3333333333333333|SGAExpensesChange,14
1980|10.675161837434425|17|0.627950696319672|1.3333333333333333|SGAExpensesChange,14
1985|10.675161837434425|17|0.627950696319672|1.3333333333333333|SGAExpensesChange,14
1990|10.675161837434425|17|0.627950696319672|1.3333333333333333|SGAExpensesChange,14
1995|10.675161837434425|17|0.627950696319672|1.3333333333333333|SGAExpensesChange,14
2000|10.675161837434425|17|0.627950696319672|1.3333333333333333|SGAExpensesChange,14
