#########################################################
# Algorithm Parameters #
# Generations = 2000
# Population size = 100
# Resolution = 5
#########################################################
# Financial Parameters #
# Quarter = 4
# Crossover probabilities = 0.75 -> 0.25
# Mutation start probabilities = 0.9,0.0,0.6,0.5,0.6,0.9
# Mutation end probabilities = 0.4,0.4,0.1,0.1,0.1,0.4
######################################################### 
0|9.65593990851803|7|1.3794199869311472|1.0|ReturnOnInvestedCapital09,24
5|9.65593990851803|7|1.3794199869311472|1.0|ReturnOnInvestedCapital09,24
10|9.65593990851803|7|1.3794199869311472|1.0|ReturnOnInvestedCapital09,24
15|10.855234302232786|13|0.8350180232486758|1.0|OperatingMargin10,4
20|11.08064922437377|11|1.0073317476703427|1.0|OperatingMargin10,4
25|13.340121530272127|23|0.580005283924875|1.1|TotalCurrentAssetsChange,32
30|13.404939095832782|27|0.49647922577158454|1.4444444444444444|OperatingMargin10,4
35|13.799678729281966|31|0.4451509267510312|1.25|ReturnOnInvestedCapitalChange,26
40|13.927346812865569|29|0.48025333837467477|1.2727272727272727|OperatingMarginChange,5
45|14.213785655026228|49|0.2900772582658414|1.6|TotalCurrentAssetsChange,32
50|14.448778350967208|43|0.3360181011852839|1.3125|OperatingMargin10,4
55|14.448778350967208|43|0.3360181011852839|1.3125|OperatingMargin10,4
60|14.448778350967208|33|0.4378417682111275|1.2307692307692308|OperatingMargin10,4
65|15.195187197665568|57|0.26658223153799243|1.4736842105263157|TotalCurrentLiabilitiesChange,35
70|15.195187197665568|45|0.3376708266147904|1.2222222222222223|OperatingMargin10,4
75|15.195187197665568|33|0.46046021811107785|1.3333333333333333|OperatingMargin10,4
80|15.195187197665568|33|0.46046021811107785|1.3333333333333333|OperatingMargin10,4
85|15.195187197665568|33|0.46046021811107785|1.3333333333333333|OperatingMargin10,4
90|15.195187197665568|29|0.5239719723332954|1.0769230769230769|CapExSales09,27
95|15.195187197665568|27|0.5627847110246507|1.0833333333333333|EarningsPerShare09,6
100|15.195187197665568|27|0.5627847110246507|1.0833333333333333|EarningsPerShare09,6
105|15.195187197665568|27|0.5627847110246507|1.0833333333333333|EarningsPerShare09,6
110|15.195187197665568|27|0.5627847110246507|1.0833333333333333|EarningsPerShare09,6
115|15.195187197665568|25|0.6078074879066228|1.0909090909090908|CapExSalesChange,29
120|15.195187197665568|23|0.6606603129419812|1.2222222222222223|BookValuePerShareChange,11
125|15.195187197665568|23|0.6606603129419812|1.2222222222222223|BookValuePerShareChange,11
130|15.30433947475409|29|0.5277358439570377|1.0769230769230769|EarningsPerShare09,6
135|15.490517451373764|41|0.37781749881399423|1.5384615384615385|EarningsPerShare09,6
140|15.490517451373764|41|0.37781749881399423|1.5384615384615385|EarningsPerShare09,6
145|15.490517451373764|41|0.37781749881399423|1.5384615384615385|EarningsPerShare09,6
150|15.490517451373764|39|0.39719275516342983|1.5833333333333333|ResearchDevelopment10,16
155|15.490517451373764|37|0.4186626338209125|1.5|BookValuePerShareChange,11
160|15.490517451373764|37|0.4186626338209125|1.5|BookValuePerShareChange,11
165|15.490517451373764|37|0.4186626338209125|1.5|BookValuePerShareChange,11
170|15.490517451373764|37|0.4186626338209125|1.5|BookValuePerShareChange,11
175|15.490517451373764|37|0.4186626338209125|1.5|BookValuePerShareChange,11
180|15.490517451373764|37|0.4186626338209125|1.5|BookValuePerShareChange,11
185|15.490517451373764|35|0.44258621289639327|1.4166666666666667|BookValuePerShareChange,11
190|15.490517451373764|35|0.44258621289639327|1.4166666666666667|BookValuePerShareChange,11
195|15.490517451373764|33|0.4694096197385989|1.3333333333333333|BookValuePerShareChange,11
200|15.490517451373764|33|0.4694096197385989|1.3333333333333333|BookValuePerShareChange,11
205|15.490517451373764|33|0.4694096197385989|1.3333333333333333|BookValuePerShareChange,11
210|15.490517451373764|33|0.4694096197385989|1.3333333333333333|BookValuePerShareChange,11
215|15.490517451373764|29|0.5341557741853022|1.1666666666666667|EarningsPerShare09,6
220|15.490517451373764|29|0.5341557741853022|1.1666666666666667|EarningsPerShare09,6
225|15.490517451373764|29|0.5341557741853022|1.1666666666666667|EarningsPerShare09,6
230|15.490517451373764|29|0.5341557741853022|1.1666666666666667|EarningsPerShare09,6
235|15.490517451373764|27|0.5737228685693987|1.1818181818181819|ReturnOnAssetsChange,20
240|15.490517451373764|27|0.5737228685693987|1.1818181818181819|ReturnOnAssetsChange,20
245|15.490517451373764|27|0.5737228685693987|1.1818181818181819|ReturnOnAssetsChange,20
250|15.490517451373764|25|0.6196206980549506|1.0|OperatingMargin10,4
255|15.490517451373764|25|0.6196206980549506|1.0|OperatingMargin10,4
260|15.490517451373764|25|0.6196206980549506|1.0|OperatingMargin10,4
265|15.490517451373764|23|0.6735007587553811|1.1|ResearchDevelopment10,16
270|15.490517451373764|23|0.6735007587553811|1.1|ResearchDevelopment10,16
275|15.490517451373764|23|0.6735007587553811|1.1|ResearchDevelopment10,16
280|15.490517451373764|23|0.6735007587553811|1.1|ResearchDevelopment10,16
285|15.490517451373764|23|0.6735007587553811|1.1|ResearchDevelopment10,16
290|15.490517451373764|23|0.6735007587553811|1.1|ResearchDevelopment10,16
295|15.490517451373764|23|0.6735007587553811|1.1|ResearchDevelopment10,16
300|15.490517451373764|23|0.6735007587553811|1.1|ResearchDevelopment10,16
305|15.490517451373764|23|0.6735007587553811|1.1|ResearchDevelopment10,16
310|15.490517451373764|23|0.6735007587553811|1.1|ResearchDevelopment10,16
315|15.490517451373764|23|0.6735007587553811|1.1|ResearchDevelopment10,16
320|15.490517451373764|23|0.6735007587553811|1.1|ResearchDevelopment10,16
325|15.490517451373764|23|0.6735007587553811|1.1|ResearchDevelopment10,16
330|15.490517451373764|23|0.6735007587553811|1.1|ResearchDevelopment10,16
335|15.490517451373764|23|0.6735007587553811|1.1|ResearchDevelopment10,16
340|15.490517451373764|23|0.6735007587553811|1.1|ResearchDevelopment10,16
345|15.490517451373764|23|0.6735007587553811|1.1|ResearchDevelopment10,16
350|15.490517451373764|23|0.6735007587553811|1.1|ResearchDevelopment10,16
355|15.490517451373764|21|0.7376436881606554|1.25|ResearchDevelopment10,16
360|15.490517451373764|21|0.7376436881606554|1.25|ResearchDevelopment10,16
365|15.490517451373764|21|0.7376436881606554|1.25|ResearchDevelopment10,16
370|15.490517451373764|21|0.7376436881606554|1.25|ResearchDevelopment10,16
375|15.490517451373764|19|0.8152903921775665|1.2857142857142858|ResearchDevelopment10,16
380|15.490517451373764|19|0.8152903921775665|1.2857142857142858|ResearchDevelopment10,16
385|15.490517451373764|19|0.8152903921775665|1.2857142857142858|ResearchDevelopment10,16
390|15.490517451373764|19|0.8152903921775665|1.2857142857142858|ResearchDevelopment10,16
395|15.490517451373764|19|0.8152903921775665|1.2857142857142858|ResearchDevelopment10,16
400|15.490517451373764|19|0.8152903921775665|1.2857142857142858|ResearchDevelopment10,16
405|15.490517451373764|19|0.8152903921775665|1.2857142857142858|ResearchDevelopment10,16
410|15.490517451373764|19|0.8152903921775665|1.2857142857142858|ResearchDevelopment10,16
415|15.490517451373764|19|0.8152903921775665|1.2857142857142858|ResearchDevelopment10,16
420|15.490517451373764|19|0.8152903921775665|1.2857142857142858|ResearchDevelopment10,16
425|15.490517451373764|19|0.8152903921775665|1.2857142857142858|ResearchDevelopment10,16
430|15.490517451373764|19|0.8152903921775665|1.2857142857142858|ResearchDevelopment10,16
435|15.490517451373764|19|0.8152903921775665|1.2857142857142858|ResearchDevelopment10,16
440|15.490517451373764|19|0.8152903921775665|1.2857142857142858|ResearchDevelopment10,16
445|15.490517451373764|19|0.8152903921775665|1.2857142857142858|ResearchDevelopment10,16
450|15.490517451373764|19|0.8152903921775665|1.2857142857142858|ResearchDevelopment10,16
455|15.490517451373764|19|0.8152903921775665|1.2857142857142858|ResearchDevelopment10,16
460|15.490517451373764|19|0.8152903921775665|1.2857142857142858|ResearchDevelopment10,16
465|15.490517451373764|17|0.9112069089043391|1.6|ResearchDevelopment10,16
470|15.490517451373764|17|0.9112069089043391|1.6|ResearchDevelopment10,16
475|15.490517451373764|17|0.9112069089043391|1.6|ResearchDevelopment10,16
480|15.490517451373764|17|0.9112069089043391|1.6|ResearchDevelopment10,16
485|15.490517451373764|17|0.9112069089043391|1.6|ResearchDevelopment10,16
490|15.490517451373764|17|0.9112069089043391|1.6|ResearchDevelopment10,16
495|15.490517451373764|17|0.9112069089043391|1.6|ResearchDevelopment10,16
500|15.490517451373764|17|0.9112069089043391|1.6|ResearchDevelopment10,16
505|15.490517451373764|15|1.0327011634249177|1.4|ResearchDevelopment10,16
510|15.490517451373764|15|1.0327011634249177|1.4|ResearchDevelopment10,16
515|15.490517451373764|15|1.0327011634249177|1.4|ResearchDevelopment10,16
520|15.490517451373764|15|1.0327011634249177|1.4|ResearchDevelopment10,16
525|15.490517451373764|15|1.0327011634249177|1.4|ResearchDevelopment10,16
530|15.490517451373764|15|1.0327011634249177|1.4|ResearchDevelopment10,16
535|15.490517451373764|15|1.0327011634249177|1.4|ResearchDevelopment10,16
540|15.490517451373764|15|1.0327011634249177|1.4|ResearchDevelopment10,16
545|15.490517451373764|15|1.0327011634249177|1.4|ResearchDevelopment10,16
550|15.490517451373764|15|1.0327011634249177|1.4|ResearchDevelopment10,16
555|15.490517451373764|15|1.0327011634249177|1.4|ResearchDevelopment10,16
560|15.490517451373764|15|1.0327011634249177|1.4|ResearchDevelopment10,16
565|15.490517451373764|15|1.0327011634249177|1.4|ResearchDevelopment10,16
570|15.490517451373764|15|1.0327011634249177|1.4|ResearchDevelopment10,16
575|15.490517451373764|15|1.0327011634249177|1.4|ResearchDevelopment10,16
580|15.490517451373764|15|1.0327011634249177|1.4|ResearchDevelopment10,16
585|15.490517451373764|15|1.0327011634249177|1.4|ResearchDevelopment10,16
590|15.490517451373764|15|1.0327011634249177|1.4|ResearchDevelopment10,16
595|15.490517451373764|15|1.0327011634249177|1.4|ResearchDevelopment10,16
600|15.490517451373764|15|1.0327011634249177|1.4|ResearchDevelopment10,16
605|15.490517451373764|15|1.0327011634249177|1.4|ResearchDevelopment10,16
610|15.490517451373764|15|1.0327011634249177|1.4|ResearchDevelopment10,16
615|15.490517451373764|15|1.0327011634249177|1.4|ResearchDevelopment10,16
620|15.490517451373764|15|1.0327011634249177|1.4|ResearchDevelopment10,16
625|15.490517451373764|15|1.0327011634249177|1.4|ResearchDevelopment10,16
630|15.490517451373764|15|1.0327011634249177|1.4|ResearchDevelopment10,16
635|15.490517451373764|15|1.0327011634249177|1.4|ResearchDevelopment10,16
640|15.490517451373764|15|1.0327011634249177|1.4|ResearchDevelopment10,16
645|15.490517451373764|15|1.0327011634249177|1.4|ResearchDevelopment10,16
650|15.490517451373764|15|1.0327011634249177|1.4|ResearchDevelopment10,16
655|15.490517451373764|15|1.0327011634249177|1.4|ResearchDevelopment10,16
660|15.490517451373764|15|1.0327011634249177|1.4|ResearchDevelopment10,16
665|15.490517451373764|15|1.0327011634249177|1.4|ResearchDevelopment10,16
670|15.490517451373764|15|1.0327011634249177|1.4|ResearchDevelopment10,16
675|15.490517451373764|15|1.0327011634249177|1.4|ResearchDevelopment10,16
680|15.490517451373764|15|1.0327011634249177|1.4|ResearchDevelopment10,16
685|15.490517451373764|15|1.0327011634249177|1.4|ResearchDevelopment10,16
690|15.490517451373764|15|1.0327011634249177|1.4|ResearchDevelopment10,16
695|15.490517451373764|15|1.0327011634249177|1.4|ResearchDevelopment10,16
700|15.490517451373764|15|1.0327011634249177|1.4|ResearchDevelopment10,16
705|15.490517451373764|15|1.0327011634249177|1.4|ResearchDevelopment10,16
710|15.490517451373764|15|1.0327011634249177|1.4|ResearchDevelopment10,16
715|15.490517451373764|15|1.0327011634249177|1.4|ResearchDevelopment10,16
720|15.490517451373764|15|1.0327011634249177|1.4|ResearchDevelopment10,16
725|15.490517451373764|15|1.0327011634249177|1.4|ResearchDevelopment10,16
730|15.490517451373764|15|1.0327011634249177|1.4|ResearchDevelopment10,16
735|15.490517451373764|15|1.0327011634249177|1.4|ResearchDevelopment10,16
740|15.490517451373764|15|1.0327011634249177|1.4|ResearchDevelopment10,16
745|15.490517451373764|15|1.0327011634249177|1.4|ResearchDevelopment10,16
750|15.490517451373764|15|1.0327011634249177|1.4|ResearchDevelopment10,16
755|15.490517451373764|15|1.0327011634249177|1.4|ResearchDevelopment10,16
760|15.490517451373764|15|1.0327011634249177|1.4|ResearchDevelopment10,16
765|15.490517451373764|15|1.0327011634249177|1.4|ResearchDevelopment10,16
770|15.490517451373764|15|1.0327011634249177|1.4|ResearchDevelopment10,16
775|15.490517451373764|15|1.0327011634249177|1.4|ResearchDevelopment10,16
780|15.490517451373764|15|1.0327011634249177|1.4|ResearchDevelopment10,16
785|15.490517451373764|15|1.0327011634249177|1.4|ResearchDevelopment10,16
790|15.490517451373764|15|1.0327011634249177|1.4|ResearchDevelopment10,16
795|15.490517451373764|15|1.0327011634249177|1.4|ResearchDevelopment10,16
800|15.490517451373764|15|1.0327011634249177|1.4|ResearchDevelopment10,16
805|15.490517451373764|15|1.0327011634249177|1.4|ResearchDevelopment10,16
810|15.490517451373764|15|1.0327011634249177|1.4|ResearchDevelopment10,16
815|15.490517451373764|15|1.0327011634249177|1.4|ResearchDevelopment10,16
820|15.490517451373764|15|1.0327011634249177|1.4|ResearchDevelopment10,16
825|15.490517451373764|15|1.0327011634249177|1.4|ResearchDevelopment10,16
830|15.490517451373764|15|1.0327011634249177|1.4|ResearchDevelopment10,16
835|15.490517451373764|15|1.0327011634249177|1.4|ResearchDevelopment10,16
840|15.490517451373764|15|1.0327011634249177|1.4|ResearchDevelopment10,16
845|15.490517451373764|15|1.0327011634249177|1.4|ResearchDevelopment10,16
850|15.490517451373764|15|1.0327011634249177|1.4|ResearchDevelopment10,16
855|15.490517451373764|15|1.0327011634249177|1.4|ResearchDevelopment10,16
860|15.490517451373764|15|1.0327011634249177|1.4|ResearchDevelopment10,16
865|15.490517451373764|15|1.0327011634249177|1.4|ResearchDevelopment10,16
870|15.490517451373764|15|1.0327011634249177|1.4|ResearchDevelopment10,16
875|15.490517451373764|15|1.0327011634249177|1.4|ResearchDevelopment10,16
880|15.490517451373764|15|1.0327011634249177|1.4|ResearchDevelopment10,16
885|15.490517451373764|15|1.0327011634249177|1.4|ResearchDevelopment10,16
890|15.490517451373764|15|1.0327011634249177|1.4|ResearchDevelopment10,16
895|15.490517451373764|15|1.0327011634249177|1.4|ResearchDevelopment10,16
900|15.490517451373764|15|1.0327011634249177|1.4|ResearchDevelopment10,16
905|15.490517451373764|15|1.0327011634249177|1.4|ResearchDevelopment10,16
910|15.490517451373764|15|1.0327011634249177|1.4|ResearchDevelopment10,16
915|15.490517451373764|15|1.0327011634249177|1.4|ResearchDevelopment10,16
920|15.490517451373764|15|1.0327011634249177|1.4|ResearchDevelopment10,16
925|15.490517451373764|15|1.0327011634249177|1.4|ResearchDevelopment10,16
930|15.490517451373764|15|1.0327011634249177|1.4|ResearchDevelopment10,16
935|15.490517451373764|15|1.0327011634249177|1.4|ResearchDevelopment10,16
940|15.490517451373764|15|1.0327011634249177|1.4|ResearchDevelopment10,16
945|15.490517451373764|15|1.0327011634249177|1.4|ResearchDevelopment10,16
950|15.490517451373764|15|1.0327011634249177|1.4|ResearchDevelopment10,16
955|15.490517451373764|15|1.0327011634249177|1.4|ResearchDevelopment10,16
960|15.490517451373764|15|1.0327011634249177|1.4|ResearchDevelopment10,16
965|15.490517451373764|15|1.0327011634249177|1.4|ResearchDevelopment10,16
970|15.490517451373764|15|1.0327011634249177|1.4|ResearchDevelopment10,16
975|15.490517451373764|15|1.0327011634249177|1.4|ResearchDevelopment10,16
980|15.490517451373764|15|1.0327011634249177|1.4|ResearchDevelopment10,16
985|15.490517451373764|15|1.0327011634249177|1.4|ResearchDevelopment10,16
990|15.490517451373764|15|1.0327011634249177|1.4|ResearchDevelopment10,16
995|15.490517451373764|15|1.0327011634249177|1.4|ResearchDevelopment10,16
1000|15.490517451373764|15|1.0327011634249177|1.4|ResearchDevelopment10,16
1005|15.490517451373764|15|1.0327011634249177|1.4|ResearchDevelopment10,16
1010|15.490517451373764|15|1.0327011634249177|1.4|ResearchDevelopment10,16
1015|15.490517451373764|15|1.0327011634249177|1.4|ResearchDevelopment10,16
1020|15.490517451373764|15|1.0327011634249177|1.4|ResearchDevelopment10,16
1025|15.490517451373764|15|1.0327011634249177|1.4|ResearchDevelopment10,16
1030|15.490517451373764|15|1.0327011634249177|1.4|ResearchDevelopment10,16
1035|15.490517451373764|15|1.0327011634249177|1.4|ResearchDevelopment10,16
1040|15.490517451373764|15|1.0327011634249177|1.4|ResearchDevelopment10,16
1045|15.490517451373764|15|1.0327011634249177|1.4|ResearchDevelopment10,16
1050|15.490517451373764|15|1.0327011634249177|1.4|ResearchDevelopment10,16
1055|15.490517451373764|15|1.0327011634249177|1.4|ResearchDevelopment10,16
1060|15.490517451373764|15|1.0327011634249177|1.4|ResearchDevelopment10,16
1065|15.681190636098357|23|0.6817908972216677|1.8333333333333333|ResearchDevelopment10,16
1070|15.681190636098357|23|0.6817908972216677|1.8333333333333333|ResearchDevelopment10,16
1075|15.681190636098357|19|0.8253258229525451|1.8|ResearchDevelopment10,16
1080|15.681190636098357|19|0.8253258229525451|1.8|ResearchDevelopment10,16
1085|15.681190636098357|19|0.8253258229525451|1.8|ResearchDevelopment10,16
1090|15.681190636098357|19|0.8253258229525451|1.8|ResearchDevelopment10,16
1095|15.681190636098357|19|0.8253258229525451|1.8|ResearchDevelopment10,16
1100|15.681190636098357|19|0.8253258229525451|1.8|ResearchDevelopment10,16
1105|15.681190636098357|19|0.8253258229525451|1.8|ResearchDevelopment10,16
1110|15.681190636098357|19|0.8253258229525451|1.8|ResearchDevelopment10,16
1115|15.681190636098357|19|0.8253258229525451|1.8|ResearchDevelopment10,16
1120|15.681190636098357|19|0.8253258229525451|1.8|ResearchDevelopment10,16
1125|15.681190636098357|19|0.8253258229525451|1.8|ResearchDevelopment10,16
1130|15.681190636098357|19|0.8253258229525451|1.8|ResearchDevelopment10,16
1135|15.681190636098357|19|0.8253258229525451|1.8|ResearchDevelopment10,16
1140|15.681190636098357|19|0.8253258229525451|1.8|ResearchDevelopment10,16
1145|15.681190636098357|19|0.8253258229525451|1.8|ResearchDevelopment10,16
1150|15.681190636098357|19|0.8253258229525451|1.8|ResearchDevelopment10,16
1155|15.681190636098357|19|0.8253258229525451|1.8|ResearchDevelopment10,16
1160|15.681190636098357|19|0.8253258229525451|1.8|ResearchDevelopment10,16
1165|15.681190636098357|19|0.8253258229525451|1.8|ResearchDevelopment10,16
1170|15.681190636098357|19|0.8253258229525451|1.8|ResearchDevelopment10,16
1175|15.681190636098357|19|0.8253258229525451|1.8|ResearchDevelopment10,16
1180|15.758996158481965|25|0.6303598463392786|2.0|ResearchDevelopment10,16
1185|15.758996158481965|25|0.6303598463392786|2.0|ResearchDevelopment10,16
1190|16.24092396716721|29|0.5600318609368004|2.0|ResearchDevelopment10,16
1195|16.318729489550815|27|0.6043973885018821|2.1666666666666665|ResearchDevelopment10,16
1200|16.318729489550815|27|0.6043973885018821|2.1666666666666665|ResearchDevelopment10,16
1205|16.318729489550815|27|0.6043973885018821|2.1666666666666665|ResearchDevelopment10,16
1210|16.496015280232783|51|0.32345128000456436|2.5|ResearchDevelopment10,16
1215|16.496015280232783|49|0.33665337306597515|2.0|ResearchDevelopment10,16
1220|16.57382080261639|57|0.29076878601081385|3.5|ResearchDevelopment10,16
1225|16.57382080261639|57|0.29076878601081385|3.5|ResearchDevelopment10,16
1230|16.57382080261639|53|0.3127136000493658|3.25|ResearchDevelopment10,16
1235|16.57382080261639|51|0.3249768784826743|2.7777777777777777|ResearchDevelopment10,16
1240|16.57382080261639|49|0.33824124086972224|2.6666666666666665|ResearchDevelopment10,16
1245|16.57382080261639|43|0.3854376930841021|2.1|ResearchDevelopment10,16
1250|16.57382080261639|43|0.3854376930841021|2.1|ResearchDevelopment10,16
1255|16.57382080261639|43|0.3854376930841021|2.1|ResearchDevelopment10,16
1260|16.886912277285244|65|0.259798650419773|3.2|ResearchDevelopment10,16
1265|16.886912277285244|65|0.259798650419773|3.2|ResearchDevelopment10,16
1270|16.886912277285244|65|0.259798650419773|3.2|ResearchDevelopment10,16
1275|16.886912277285244|41|0.4118759092020791|2.2222222222222223|ResearchDevelopment10,16
1280|16.886912277285244|39|0.43299775069962165|2.111111111111111|ResearchDevelopment10,16
1285|16.886912277285244|39|0.43299775069962165|2.111111111111111|ResearchDevelopment10,16
1290|16.886912277285244|39|0.43299775069962165|2.111111111111111|ResearchDevelopment10,16
1295|16.886912277285244|39|0.43299775069962165|2.111111111111111|ResearchDevelopment10,16
1300|16.886912277285244|37|0.45640303452122283|2.5714285714285716|ResearchDevelopment10,16
1305|16.886912277285244|35|0.48248320792243554|2.125|ResearchDevelopment10,16
1310|16.886912277285244|35|0.48248320792243554|2.125|ResearchDevelopment10,16
1315|16.886912277285244|33|0.5117246144631892|1.7777777777777777|ResearchDevelopment10,16
1320|16.886912277285244|33|0.5117246144631892|1.7777777777777777|ResearchDevelopment10,16
1325|16.886912277285244|33|0.5117246144631892|1.7777777777777777|ResearchDevelopment10,16
1330|16.886912277285244|33|0.5117246144631892|1.7777777777777777|ResearchDevelopment10,16
1335|16.886912277285244|33|0.5117246144631892|1.7777777777777777|ResearchDevelopment10,16
1340|16.886912277285244|31|0.5447391057188788|1.875|ResearchDevelopment10,16
1345|16.886912277285244|31|0.5447391057188788|1.875|ResearchDevelopment10,16
1350|16.886912277285244|29|0.5823073199063877|2.0|ResearchDevelopment10,16
1355|16.886912277285244|29|0.5823073199063877|2.0|ResearchDevelopment10,16
1360|16.886912277285244|29|0.5823073199063877|2.0|ResearchDevelopment10,16
1365|16.886912277285244|27|0.6254411954550091|1.8571428571428572|ResearchDevelopment10,16
1370|16.886912277285244|27|0.6254411954550091|1.8571428571428572|ResearchDevelopment10,16
1375|16.886912277285244|25|0.6754764910914097|1.7142857142857142|ResearchDevelopment10,16
1380|16.886912277285244|25|0.6754764910914097|1.7142857142857142|ResearchDevelopment10,16
1385|16.886912277285244|25|0.6754764910914097|1.7142857142857142|ResearchDevelopment10,16
1390|16.886912277285244|25|0.6754764910914097|1.7142857142857142|ResearchDevelopment10,16
1395|16.886912277285244|25|0.6754764910914097|1.7142857142857142|ResearchDevelopment10,16
1400|16.886912277285244|25|0.6754764910914097|1.7142857142857142|ResearchDevelopment10,16
1405|16.886912277285244|23|0.7342135772732715|1.5714285714285714|ResearchDevelopment10,16
1410|16.886912277285244|23|0.7342135772732715|1.5714285714285714|ResearchDevelopment10,16
1415|16.886912277285244|23|0.7342135772732715|1.5714285714285714|ResearchDevelopment10,16
1420|16.886912277285244|23|0.7342135772732715|1.5714285714285714|ResearchDevelopment10,16
1425|16.886912277285244|23|0.7342135772732715|1.5714285714285714|ResearchDevelopment10,16
1430|16.886912277285244|23|0.7342135772732715|1.5714285714285714|ResearchDevelopment10,16
1435|16.886912277285244|23|0.7342135772732715|1.5714285714285714|ResearchDevelopment10,16
1440|16.886912277285244|23|0.7342135772732715|1.5714285714285714|ResearchDevelopment10,16
1445|16.886912277285244|23|0.7342135772732715|1.5714285714285714|ResearchDevelopment10,16
1450|16.886912277285244|23|0.7342135772732715|1.5714285714285714|ResearchDevelopment10,16
1455|16.886912277285244|23|0.7342135772732715|1.5714285714285714|ResearchDevelopment10,16
1460|16.886912277285244|23|0.7342135772732715|1.5714285714285714|ResearchDevelopment10,16
1465|16.886912277285244|23|0.7342135772732715|1.5714285714285714|ResearchDevelopment10,16
1470|16.886912277285244|23|0.7342135772732715|1.5714285714285714|ResearchDevelopment10,16
1475|16.886912277285244|23|0.7342135772732715|1.5714285714285714|ResearchDevelopment10,16
1480|16.886912277285244|21|0.804138679870726|1.6666666666666667|ResearchDevelopment10,16
1485|16.886912277285244|21|0.804138679870726|1.6666666666666667|ResearchDevelopment10,16
1490|16.886912277285244|21|0.804138679870726|1.6666666666666667|ResearchDevelopment10,16
1495|16.886912277285244|21|0.804138679870726|1.6666666666666667|ResearchDevelopment10,16
1500|16.886912277285244|21|0.804138679870726|1.6666666666666667|ResearchDevelopment10,16
1505|16.886912277285244|21|0.804138679870726|1.6666666666666667|ResearchDevelopment10,16
1510|16.886912277285244|21|0.804138679870726|1.6666666666666667|ResearchDevelopment10,16
1515|16.886912277285244|21|0.804138679870726|1.6666666666666667|ResearchDevelopment10,16
1520|16.886912277285244|21|0.804138679870726|1.6666666666666667|ResearchDevelopment10,16
1525|16.886912277285244|21|0.804138679870726|1.6666666666666667|ResearchDevelopment10,16
1530|16.886912277285244|21|0.804138679870726|1.6666666666666667|ResearchDevelopment10,16
1535|16.886912277285244|21|0.804138679870726|1.6666666666666667|ResearchDevelopment10,16
1540|16.886912277285244|21|0.804138679870726|1.6666666666666667|ResearchDevelopment10,16
1545|16.886912277285244|21|0.804138679870726|1.6666666666666667|ResearchDevelopment10,16
1550|16.886912277285244|21|0.804138679870726|1.6666666666666667|ResearchDevelopment10,16
1555|16.886912277285244|21|0.804138679870726|1.6666666666666667|ResearchDevelopment10,16
1560|16.886912277285244|21|0.804138679870726|1.6666666666666667|ResearchDevelopment10,16
1565|16.886912277285244|21|0.804138679870726|1.6666666666666667|ResearchDevelopment10,16
1570|16.886912277285244|21|0.804138679870726|1.6666666666666667|ResearchDevelopment10,16
1575|16.886912277285244|21|0.804138679870726|1.6666666666666667|ResearchDevelopment10,16
1580|16.886912277285244|21|0.804138679870726|1.6666666666666667|ResearchDevelopment10,16
1585|16.886912277285244|21|0.804138679870726|1.6666666666666667|ResearchDevelopment10,16
1590|16.886912277285244|21|0.804138679870726|1.6666666666666667|ResearchDevelopment10,16
1595|16.886912277285244|21|0.804138679870726|1.6666666666666667|ResearchDevelopment10,16
1600|16.886912277285244|21|0.804138679870726|1.6666666666666667|ResearchDevelopment10,16
1605|16.886912277285244|21|0.804138679870726|1.6666666666666667|ResearchDevelopment10,16
1610|16.886912277285244|21|0.804138679870726|1.6666666666666667|ResearchDevelopment10,16
1615|16.886912277285244|21|0.804138679870726|1.6666666666666667|ResearchDevelopment10,16
1620|16.886912277285244|21|0.804138679870726|1.6666666666666667|ResearchDevelopment10,16
1625|16.886912277285244|21|0.804138679870726|1.6666666666666667|ResearchDevelopment10,16
1630|16.886912277285244|21|0.804138679870726|1.6666666666666667|ResearchDevelopment10,16
1635|16.886912277285244|21|0.804138679870726|1.6666666666666667|ResearchDevelopment10,16
1640|16.886912277285244|21|0.804138679870726|1.6666666666666667|ResearchDevelopment10,16
1645|16.886912277285244|21|0.804138679870726|1.6666666666666667|ResearchDevelopment10,16
1650|16.886912277285244|21|0.804138679870726|1.6666666666666667|ResearchDevelopment10,16
1655|16.886912277285244|21|0.804138679870726|1.6666666666666667|ResearchDevelopment10,16
1660|16.886912277285244|21|0.804138679870726|1.6666666666666667|ResearchDevelopment10,16
1665|16.886912277285244|21|0.804138679870726|1.6666666666666667|ResearchDevelopment10,16
1670|16.886912277285244|21|0.804138679870726|1.6666666666666667|ResearchDevelopment10,16
1675|16.886912277285244|21|0.804138679870726|1.6666666666666667|ResearchDevelopment10,16
1680|16.886912277285244|21|0.804138679870726|1.6666666666666667|ResearchDevelopment10,16
1685|16.886912277285244|21|0.804138679870726|1.6666666666666667|ResearchDevelopment10,16
1690|16.886912277285244|21|0.804138679870726|1.6666666666666667|ResearchDevelopment10,16
1695|16.886912277285244|21|0.804138679870726|1.6666666666666667|ResearchDevelopment10,16
1700|16.886912277285244|21|0.804138679870726|1.6666666666666667|ResearchDevelopment10,16
1705|16.886912277285244|21|0.804138679870726|1.6666666666666667|ResearchDevelopment10,16
1710|16.886912277285244|21|0.804138679870726|1.6666666666666667|ResearchDevelopment10,16
1715|16.886912277285244|21|0.804138679870726|1.6666666666666667|ResearchDevelopment10,16
1720|16.886912277285244|21|0.804138679870726|1.6666666666666667|ResearchDevelopment10,16
1725|16.886912277285244|21|0.804138679870726|1.6666666666666667|ResearchDevelopment10,16
1730|16.886912277285244|21|0.804138679870726|1.6666666666666667|ResearchDevelopment10,16
1735|16.886912277285244|21|0.804138679870726|1.6666666666666667|ResearchDevelopment10,16
1740|16.886912277285244|21|0.804138679870726|1.6666666666666667|ResearchDevelopment10,16
1745|16.886912277285244|21|0.804138679870726|1.6666666666666667|ResearchDevelopment10,16
1750|16.886912277285244|21|0.804138679870726|1.6666666666666667|ResearchDevelopment10,16
1755|16.886912277285244|21|0.804138679870726|1.6666666666666667|ResearchDevelopment10,16
1760|16.886912277285244|21|0.804138679870726|1.6666666666666667|ResearchDevelopment10,16
1765|16.886912277285244|21|0.804138679870726|1.6666666666666667|ResearchDevelopment10,16
1770|16.886912277285244|21|0.804138679870726|1.6666666666666667|ResearchDevelopment10,16
1775|16.886912277285244|21|0.804138679870726|1.6666666666666667|ResearchDevelopment10,16
1780|16.886912277285244|21|0.804138679870726|1.6666666666666667|ResearchDevelopment10,16
1785|16.886912277285244|21|0.804138679870726|1.6666666666666667|ResearchDevelopment10,16
1790|16.886912277285244|21|0.804138679870726|1.6666666666666667|ResearchDevelopment10,16
1795|16.886912277285244|21|0.804138679870726|1.6666666666666667|ResearchDevelopment10,16
1800|16.886912277285244|21|0.804138679870726|1.6666666666666667|ResearchDevelopment10,16
1805|16.886912277285244|21|0.804138679870726|1.6666666666666667|ResearchDevelopment10,16
1810|16.886912277285244|21|0.804138679870726|1.6666666666666667|ResearchDevelopment10,16
1815|16.886912277285244|21|0.804138679870726|1.6666666666666667|ResearchDevelopment10,16
1820|16.886912277285244|21|0.804138679870726|1.6666666666666667|ResearchDevelopment10,16
1825|16.886912277285244|21|0.804138679870726|1.6666666666666667|ResearchDevelopment10,16
1830|16.886912277285244|21|0.804138679870726|1.6666666666666667|ResearchDevelopment10,16
1835|16.886912277285244|21|0.804138679870726|1.6666666666666667|ResearchDevelopment10,16
1840|16.886912277285244|21|0.804138679870726|1.6666666666666667|ResearchDevelopment10,16
1845|16.886912277285244|21|0.804138679870726|1.6666666666666667|ResearchDevelopment10,16
1850|16.886912277285244|21|0.804138679870726|1.6666666666666667|ResearchDevelopment10,16
1855|16.886912277285244|21|0.804138679870726|1.6666666666666667|ResearchDevelopment10,16
1860|16.886912277285244|21|0.804138679870726|1.6666666666666667|ResearchDevelopment10,16
1865|16.886912277285244|21|0.804138679870726|1.6666666666666667|ResearchDevelopment10,16
1870|16.886912277285244|21|0.804138679870726|1.6666666666666667|ResearchDevelopment10,16
1875|16.886912277285244|21|0.804138679870726|1.6666666666666667|ResearchDevelopment10,16
1880|16.886912277285244|21|0.804138679870726|1.6666666666666667|ResearchDevelopment10,16
1885|16.886912277285244|21|0.804138679870726|1.6666666666666667|ResearchDevelopment10,16
1890|16.886912277285244|21|0.804138679870726|1.6666666666666667|ResearchDevelopment10,16
1895|16.886912277285244|21|0.804138679870726|1.6666666666666667|ResearchDevelopment10,16
1900|16.886912277285244|21|0.804138679870726|1.6666666666666667|ResearchDevelopment10,16
1905|16.886912277285244|21|0.804138679870726|1.6666666666666667|ResearchDevelopment10,16
1910|16.886912277285244|21|0.804138679870726|1.6666666666666667|ResearchDevelopment10,16
1915|16.886912277285244|21|0.804138679870726|1.6666666666666667|ResearchDevelopment10,16
1920|16.886912277285244|21|0.804138679870726|1.6666666666666667|ResearchDevelopment10,16
1925|16.886912277285244|21|0.804138679870726|1.6666666666666667|ResearchDevelopment10,16
1930|16.886912277285244|21|0.804138679870726|1.6666666666666667|ResearchDevelopment10,16
1935|16.886912277285244|21|0.804138679870726|1.6666666666666667|ResearchDevelopment10,16
1940|16.886912277285244|21|0.804138679870726|1.6666666666666667|ResearchDevelopment10,16
1945|16.886912277285244|21|0.804138679870726|1.6666666666666667|ResearchDevelopment10,16
1950|16.886912277285244|21|0.804138679870726|1.6666666666666667|ResearchDevelopment10,16
1955|16.886912277285244|21|0.804138679870726|1.6666666666666667|ResearchDevelopment10,16
1960|16.886912277285244|21|0.804138679870726|1.6666666666666667|ResearchDevelopment10,16
1965|16.886912277285244|21|0.804138679870726|1.6666666666666667|ResearchDevelopment10,16
1970|16.886912277285244|21|0.804138679870726|1.6666666666666667|ResearchDevelopment10,16
1975|16.886912277285244|21|0.804138679870726|1.6666666666666667|ResearchDevelopment10,16
1980|16.886912277285244|21|0.804138679870726|1.6666666666666667|ResearchDevelopment10,16
1985|16.886912277285244|21|0.804138679870726|1.6666666666666667|ResearchDevelopment10,16
1990|16.886912277285244|21|0.804138679870726|1.6666666666666667|ResearchDevelopment10,16
1995|16.886912277285244|21|0.804138679870726|1.6666666666666667|ResearchDevelopment10,16
2000|16.886912277285244|21|0.804138679870726|1.6666666666666667|ResearchDevelopment10,16
