#########################################################
# Algorithm Parameters #
# Generations = 2000
# Population size = 100
# Resolution = 5
#########################################################
# Financial Parameters #
# Quarter = 4
# Crossover probabilities = 0.75 -> 0.25
# Mutation start probabilities = 0.9,0.0,0.6,0.5,0.6,0.9
# Mutation end probabilities = 0.4,0.4,0.1,0.1,0.1,0.4
######################################################### 
0|9.413485420390165|9|1.0459428244877962|1.0|GrossMargin09,0
5|9.413485420390165|9|1.0459428244877962|1.0|GrossMargin09,0
10|9.736403269596723|13|0.7489540976612864|1.2|EarningsPerShare09,6
15|10.692895062354095|15|0.7128596708236064|1.1666666666666667|EarningsPerShare09,6
20|10.911151106609841|19|0.5742711108742021|1.125|ReturnOnInvestedCapital10,25
25|11.304823772203278|13|0.8696018286310214|1.0|OperatingMargin09,3
30|12.092708371554101|47|0.2572916674798745|1.3529411764705883|CurrentRatio09,36
35|12.447385823042621|41|0.3035947761717713|1.5384615384615385|EarningsPerShare09,6
40|12.583105434829507|49|0.25679807009856137|1.7142857142857142|EarningsPerShare09,6
45|13.113652188298362|45|0.2914144930732969|1.2941176470588236|CurrentRatio09,36
50|13.517493393154096|69|0.19590570135005936|1.7894736842105263|EarningsPerShare09,6
55|14.0859485296|83|0.16971022324819277|1.9523809523809523|CurrentRatio09,36
60|14.273571158436066|127|0.11239032408217375|3.0|CurrentRatio09,36
65|14.49898608057705|87|0.16665501242042585|1.9545454545454546|CurrentRatio09,36
70|14.82885429249508|97|0.15287478652056785|2.526315789473684|CurrentRatio09,36
75|15.330611770760655|89|0.17225406484000735|2.2|CurrentRatio09,36
80|15.363507479416395|183|0.08395359278369614|3.25|CurrentRatio09,36
85|15.934099335065573|193|0.08256010018168691|3.4285714285714284|CurrentRatio09,36
90|15.934099335065573|147|0.10839523357187465|2.7037037037037037|CurrentRatio09,36
95|16.247294030468854|185|0.08782321097550733|3.4074074074074074|CurrentRatio09,36
100|16.247294030468854|183|0.08878302748890084|3.25|CurrentRatio09,36
105|16.454844510914754|173|0.09511470815557661|2.9655172413793105|CurrentRatio09,36
110|16.55439449145246|187|0.08852617375108267|3.206896551724138|CurrentRatio09,36
115|16.768039206318033|185|0.09063804976388126|3.4074074074074074|CurrentRatio09,36
120|16.768039206318033|185|0.09063804976388126|3.4074074074074074|CurrentRatio09,36
125|16.849724745160657|193|0.08730427329098786|3.096774193548387|CurrentRatio09,36
130|16.914542310721313|235|0.07197677579030345|3.9|CurrentRatio09,36
135|16.914542310721313|235|0.07197677579030345|3.9|CurrentRatio09,36
140|16.914542310721313|195|0.08674124261908366|3.2333333333333334|CurrentRatio09,36
145|17.13966774630164|237|0.07231927319114616|3.5757575757575757|CurrentRatio09,36
150|17.13966774630164|231|0.07419769587143567|3.59375|CurrentRatio09,36
155|17.20875501313115|163|0.10557518412963895|2.6129032258064515|CurrentRatio09,36
160|17.20875501313115|163|0.10557518412963895|2.6129032258064515|CurrentRatio09,36
165|17.20875501313115|139|0.12380399290022409|2.3793103448275863|CurrentRatio09,36
170|17.20875501313115|125|0.13767004010504919|2.1379310344827585|EarningsPerShare09,6
175|17.20875501313115|103|0.16707529138962282|1.9615384615384615|EarningsPerShare09,6
180|17.227886674836068|123|0.1400641193076103|2.44|EarningsPerShare09,6
185|17.433880448711477|117|0.1490075252026622|2.230769230769231|EarningsPerShare09,6
190|17.433880448711477|115|0.15159896042357807|2.1923076923076925|EarningsPerShare09,6
195|17.433880448711477|113|0.15428212786470333|2.1538461538461537|CurrentRatio09,36
200|17.433880448711477|107|0.16293346213749044|1.962962962962963|EarningsPerShare09,6
205|17.433880448711477|101|0.17261267771001462|2.380952380952381|EarningsPerShare09,6
210|17.453012110416395|109|0.16011937715978344|2.347826086956522|EarningsPerShare09,6
215|17.453012110416395|109|0.16011937715978344|2.347826086956522|EarningsPerShare09,6
220|17.453012110416395|105|0.16621916295634662|2.4761904761904763|CurrentRatio09,36
225|17.453012110416395|105|0.16621916295634662|2.4761904761904763|CurrentRatio09,36
230|17.453012110416395|95|0.18371591695175152|2.35|CurrentRatio09,36
235|17.453012110416395|95|0.18371591695175152|2.35|CurrentRatio09,36
240|17.453012110416395|89|0.19610125966759995|2.0|CurrentRatio09,36
245|17.453012110416395|89|0.19610125966759995|2.0|CurrentRatio09,36
250|17.453012110416395|85|0.2053295542401929|2.0|EarningsPerShare09,6
255|17.453012110416395|85|0.2053295542401929|2.0|EarningsPerShare09,6
260|17.453012110416395|79|0.22092420392932147|1.8571428571428572|CurrentRatio09,36
265|17.453012110416395|79|0.22092420392932147|1.8571428571428572|CurrentRatio09,36
270|17.453012110416395|77|0.22666249494047266|1.9|EarningsPerShare09,6
275|17.453012110416395|73|0.23908235767693692|1.8|EarningsPerShare09,6
280|17.453012110416395|73|0.23908235767693692|1.8|EarningsPerShare09,6
285|17.453012110416395|73|0.23908235767693692|1.8|EarningsPerShare09,6
290|17.453012110416395|73|0.23908235767693692|1.8|EarningsPerShare09,6
295|17.453012110416395|71|0.2458170719776957|1.8421052631578947|ReturnOnInvestedCapital10,25
300|17.453012110416395|65|0.2685078786217907|1.6842105263157894|EarningsPerShare09,6
305|17.453012110416395|65|0.2685078786217907|1.6842105263157894|EarningsPerShare09,6
310|17.453012110416395|65|0.2685078786217907|1.6842105263157894|EarningsPerShare09,6
315|17.453012110416395|65|0.2685078786217907|1.6842105263157894|EarningsPerShare09,6
320|17.453012110416395|65|0.2685078786217907|1.6842105263157894|EarningsPerShare09,6
325|17.453012110416395|65|0.2685078786217907|1.6842105263157894|EarningsPerShare09,6
330|17.453012110416395|65|0.2685078786217907|1.6842105263157894|EarningsPerShare09,6
335|17.453012110416395|65|0.2685078786217907|1.6842105263157894|EarningsPerShare09,6
340|17.453012110416395|65|0.2685078786217907|1.6842105263157894|EarningsPerShare09,6
345|17.453012110416395|65|0.2685078786217907|1.6842105263157894|EarningsPerShare09,6
350|17.453012110416395|65|0.2685078786217907|1.6842105263157894|EarningsPerShare09,6
355|17.453012110416395|65|0.2685078786217907|1.6842105263157894|EarningsPerShare09,6
360|17.453012110416395|65|0.2685078786217907|1.6842105263157894|EarningsPerShare09,6
365|17.453012110416395|65|0.2685078786217907|1.6842105263157894|EarningsPerShare09,6
370|17.453012110416395|65|0.2685078786217907|1.6842105263157894|EarningsPerShare09,6
375|17.453012110416395|63|0.2770319382605777|1.631578947368421|EarningsPerShare09,6
380|17.453012110416395|63|0.2770319382605777|1.631578947368421|EarningsPerShare09,6
385|17.453012110416395|63|0.2770319382605777|1.631578947368421|EarningsPerShare09,6
390|17.453012110416395|61|0.286114952629777|1.5789473684210527|CurrentRatio09,36
395|17.453012110416395|61|0.286114952629777|1.5789473684210527|CurrentRatio09,36
400|17.453012110416395|61|0.286114952629777|1.5789473684210527|CurrentRatio09,36
405|17.453012110416395|61|0.286114952629777|1.5789473684210527|CurrentRatio09,36
410|17.453012110416395|61|0.286114952629777|1.5789473684210527|CurrentRatio09,36
415|17.453012110416395|59|0.29581376458332875|1.5263157894736843|OperatingMarginChange,5
420|17.453012110416395|59|0.29581376458332875|1.5263157894736843|OperatingMarginChange,5
425|17.453012110416395|59|0.29581376458332875|1.5263157894736843|OperatingMarginChange,5
430|17.453012110416395|59|0.29581376458332875|1.5263157894736843|OperatingMarginChange,5
435|17.453012110416395|59|0.29581376458332875|1.5263157894736843|OperatingMarginChange,5
440|17.453012110416395|59|0.29581376458332875|1.5263157894736843|OperatingMarginChange,5
445|17.453012110416395|57|0.3061931949195859|1.5555555555555556|EarningsPerShare09,6
450|17.453012110416395|57|0.3061931949195859|1.5555555555555556|EarningsPerShare09,6
455|17.453012110416395|57|0.3061931949195859|1.5555555555555556|EarningsPerShare09,6
460|17.453012110416395|57|0.3061931949195859|1.5555555555555556|EarningsPerShare09,6
465|17.453012110416395|57|0.3061931949195859|1.5555555555555556|EarningsPerShare09,6
470|17.453012110416395|57|0.3061931949195859|1.5555555555555556|EarningsPerShare09,6
475|17.453012110416395|53|0.3293021152908754|1.4444444444444444|CurrentRatio09,36
480|17.64163958829508|93|0.18969504933650624|2.5555555555555554|CurrentRatio09,36
485|17.64163958829508|93|0.18969504933650624|2.5555555555555554|CurrentRatio09,36
490|17.64163958829508|93|0.18969504933650624|2.5555555555555554|CurrentRatio09,36
495|17.64163958829508|91|0.19386417129994596|2.5|CurrentRatio09,36
500|17.64163958829508|85|0.20754870103876566|2.210526315789474|CurrentRatio09,36
505|17.64163958829508|83|0.21254987455777208|2.1578947368421053|CurrentRatio09,36
510|17.64163958829508|83|0.21254987455777208|2.1578947368421053|CurrentRatio09,36
515|17.64163958829508|79|0.22331189352272254|1.95|CurrentRatio09,36
520|17.64163958829508|79|0.22331189352272254|1.95|CurrentRatio09,36
525|17.64163958829508|77|0.22911220244539068|2.111111111111111|ReturnOnEquity09,21
530|17.64163958829508|77|0.22911220244539068|2.111111111111111|ReturnOnEquity09,21
535|17.64163958829508|71|0.2484737970182406|1.9444444444444444|ReturnOnEquity09,21
540|17.64163958829508|71|0.2484737970182406|1.9444444444444444|ReturnOnEquity09,21
545|17.64163958829508|71|0.2484737970182406|1.9444444444444444|ReturnOnEquity09,21
550|17.64163958829508|69|0.25567593606224753|2.0|ReturnOnEquity09,21
555|17.64163958829508|69|0.25567593606224753|2.0|ReturnOnEquity09,21
560|17.64163958829508|69|0.25567593606224753|2.0|ReturnOnEquity09,21
565|17.64163958829508|69|0.25567593606224753|2.0|ReturnOnEquity09,21
570|17.64163958829508|69|0.25567593606224753|2.0|ReturnOnEquity09,21
575|17.64163958829508|67|0.263308053556643|1.9411764705882353|ReturnOnEquity09,21
580|17.64163958829508|67|0.263308053556643|1.9411764705882353|ReturnOnEquity09,21
585|17.64163958829508|67|0.263308053556643|1.9411764705882353|ReturnOnEquity09,21
590|17.64163958829508|67|0.263308053556643|1.9411764705882353|ReturnOnEquity09,21
595|17.64163958829508|67|0.263308053556643|1.9411764705882353|ReturnOnEquity09,21
600|17.64163958829508|67|0.263308053556643|1.9411764705882353|ReturnOnEquity09,21
605|17.64163958829508|67|0.263308053556643|1.9411764705882353|ReturnOnEquity09,21
610|17.64163958829508|67|0.263308053556643|1.9411764705882353|ReturnOnEquity09,21
615|17.64163958829508|67|0.263308053556643|1.9411764705882353|ReturnOnEquity09,21
620|17.64163958829508|65|0.27140983981992434|2.0|ReturnOnEquity09,21
625|17.64163958829508|61|0.28920720636549313|2.0|OperatingMarginChange,5
630|17.64163958829508|61|0.28920720636549313|2.0|OperatingMarginChange,5
635|17.64163958829508|61|0.28920720636549313|2.0|OperatingMarginChange,5
640|17.64163958829508|61|0.28920720636549313|2.0|OperatingMarginChange,5
645|17.64163958829508|61|0.28920720636549313|2.0|OperatingMarginChange,5
650|17.64163958829508|61|0.28920720636549313|2.0|OperatingMarginChange,5
655|17.64163958829508|59|0.29901084047957766|1.8125|ReturnOnEquity09,21
660|17.64163958829508|59|0.29901084047957766|1.8125|ReturnOnEquity09,21
665|17.64163958829508|59|0.29901084047957766|1.8125|ReturnOnEquity09,21
670|17.64163958829508|57|0.3095024489174576|1.75|ReturnOnEquity09,21
675|17.64163958829508|57|0.3095024489174576|1.75|ReturnOnEquity09,21
680|17.64163958829508|57|0.3095024489174576|1.75|ReturnOnEquity09,21
685|17.64163958829508|57|0.3095024489174576|1.75|ReturnOnEquity09,21
690|17.64163958829508|57|0.3095024489174576|1.75|ReturnOnEquity09,21
695|17.64163958829508|57|0.3095024489174576|1.75|ReturnOnEquity09,21
700|17.64163958829508|57|0.3095024489174576|1.75|ReturnOnEquity09,21
705|17.64163958829508|55|0.3207570834235469|1.8|ReturnOnEquity09,21
710|17.64163958829508|55|0.3207570834235469|1.8|ReturnOnEquity09,21
715|17.64163958829508|55|0.3207570834235469|1.8|ReturnOnEquity09,21
720|17.64163958829508|55|0.3207570834235469|1.8|ReturnOnEquity09,21
725|17.64163958829508|55|0.3207570834235469|1.8|ReturnOnEquity09,21
730|17.64163958829508|55|0.3207570834235469|1.8|ReturnOnEquity09,21
735|17.64163958829508|55|0.3207570834235469|1.8|ReturnOnEquity09,21
740|17.64163958829508|55|0.3207570834235469|1.8|ReturnOnEquity09,21
745|17.64163958829508|55|0.3207570834235469|1.8|ReturnOnEquity09,21
750|17.64163958829508|53|0.33286112430745435|1.8571428571428572|ReturnOnEquity09,21
755|17.64163958829508|53|0.33286112430745435|1.8571428571428572|ReturnOnEquity09,21
760|17.64163958829508|53|0.33286112430745435|1.8571428571428572|ReturnOnEquity09,21
765|17.64163958829508|53|0.33286112430745435|1.8571428571428572|ReturnOnEquity09,21
770|17.64163958829508|51|0.34591450173127614|1.7857142857142858|ReturnOnEquity09,21
775|17.64163958829508|51|0.34591450173127614|1.7857142857142858|ReturnOnEquity09,21
780|17.64163958829508|51|0.34591450173127614|1.7857142857142858|ReturnOnEquity09,21
785|17.64163958829508|51|0.34591450173127614|1.7857142857142858|ReturnOnEquity09,21
790|17.64163958829508|51|0.34591450173127614|1.7857142857142858|ReturnOnEquity09,21
795|17.64163958829508|51|0.34591450173127614|1.7857142857142858|ReturnOnEquity09,21
800|17.719445110678695|69|0.25680355232867674|2.125|TotalCurrentAssetsChange,32
805|17.719445110678695|69|0.25680355232867674|2.125|TotalCurrentAssetsChange,32
810|17.719445110678695|69|0.25680355232867674|2.125|TotalCurrentAssetsChange,32
815|17.719445110678695|69|0.25680355232867674|2.125|TotalCurrentAssetsChange,32
820|17.719445110678695|69|0.25680355232867674|2.125|TotalCurrentAssetsChange,32
825|17.719445110678695|69|0.25680355232867674|2.125|TotalCurrentAssetsChange,32
830|17.719445110678695|69|0.25680355232867674|2.125|TotalCurrentAssetsChange,32
835|17.719445110678695|67|0.2644693300101298|1.9411764705882353|ReturnOnEquity09,21
840|17.719445110678695|67|0.2644693300101298|1.9411764705882353|ReturnOnEquity09,21
845|17.719445110678695|67|0.2644693300101298|1.9411764705882353|ReturnOnEquity09,21
850|17.719445110678695|67|0.2644693300101298|1.9411764705882353|ReturnOnEquity09,21
855|17.719445110678695|67|0.2644693300101298|1.9411764705882353|ReturnOnEquity09,21
860|17.719445110678695|65|0.2726068478565953|1.8823529411764706|ReturnOnEquity09,21
865|17.719445110678695|65|0.2726068478565953|1.8823529411764706|ReturnOnEquity09,21
870|17.719445110678695|63|0.28126103350283643|2.066666666666667|TotalCurrentAssetsChange,32
875|17.719445110678695|63|0.28126103350283643|2.066666666666667|TotalCurrentAssetsChange,32
880|17.719445110678695|63|0.28126103350283643|2.066666666666667|TotalCurrentAssetsChange,32
885|17.719445110678695|63|0.28126103350283643|2.066666666666667|TotalCurrentAssetsChange,32
890|17.719445110678695|61|0.29048270673243765|2.0|TotalCurrentAssetsChange,32
895|17.719445110678695|61|0.29048270673243765|2.0|TotalCurrentAssetsChange,32
900|17.719445110678695|61|0.29048270673243765|2.0|TotalCurrentAssetsChange,32
905|17.719445110678695|59|0.30032957814709654|1.9333333333333333|TotalCurrentAssetsChange,32
910|17.719445110678695|59|0.30032957814709654|1.9333333333333333|TotalCurrentAssetsChange,32
915|17.719445110678695|59|0.30032957814709654|1.9333333333333333|TotalCurrentAssetsChange,32
920|17.719445110678695|59|0.30032957814709654|1.9333333333333333|TotalCurrentAssetsChange,32
925|17.719445110678695|59|0.30032957814709654|1.9333333333333333|TotalCurrentAssetsChange,32
930|17.719445110678695|59|0.30032957814709654|1.9333333333333333|TotalCurrentAssetsChange,32
935|17.719445110678695|59|0.30032957814709654|1.9333333333333333|TotalCurrentAssetsChange,32
940|17.719445110678695|57|0.3108674580820824|2.0|TotalCurrentAssetsChange,32
945|17.719445110678695|57|0.3108674580820824|2.0|TotalCurrentAssetsChange,32
950|17.719445110678695|57|0.3108674580820824|2.0|TotalCurrentAssetsChange,32
955|17.719445110678695|57|0.3108674580820824|2.0|TotalCurrentAssetsChange,32
960|17.719445110678695|57|0.3108674580820824|2.0|TotalCurrentAssetsChange,32
965|17.719445110678695|57|0.3108674580820824|2.0|TotalCurrentAssetsChange,32
970|17.719445110678695|53|0.3343291530316735|1.7333333333333334|TotalCurrentAssetsChange,32
975|17.719445110678695|53|0.3343291530316735|1.7333333333333334|TotalCurrentAssetsChange,32
980|17.719445110678695|53|0.3343291530316735|1.7333333333333334|TotalCurrentAssetsChange,32
985|17.719445110678695|51|0.34744010020938615|1.6666666666666667|TotalCurrentAssetsChange,32
990|17.719445110678695|51|0.34744010020938615|1.6666666666666667|TotalCurrentAssetsChange,32
995|17.719445110678695|51|0.34744010020938615|1.6666666666666667|TotalCurrentAssetsChange,32
1000|17.719445110678695|51|0.34744010020938615|1.6666666666666667|TotalCurrentAssetsChange,32
1005|17.719445110678695|51|0.34744010020938615|1.6666666666666667|TotalCurrentAssetsChange,32
1010|17.719445110678695|51|0.34744010020938615|1.6666666666666667|TotalCurrentAssetsChange,32
1015|17.719445110678695|51|0.34744010020938615|1.6666666666666667|TotalCurrentAssetsChange,32
1020|17.719445110678695|49|0.3616213287893611|1.7142857142857142|TotalCurrentAssetsChange,32
1025|17.719445110678695|49|0.3616213287893611|1.7142857142857142|TotalCurrentAssetsChange,32
1030|17.719445110678695|49|0.3616213287893611|1.7142857142857142|TotalCurrentAssetsChange,32
1035|17.719445110678695|49|0.3616213287893611|1.7142857142857142|TotalCurrentAssetsChange,32
1040|17.719445110678695|49|0.3616213287893611|1.7142857142857142|TotalCurrentAssetsChange,32
1045|17.719445110678695|49|0.3616213287893611|1.7142857142857142|TotalCurrentAssetsChange,32
1050|17.719445110678695|49|0.3616213287893611|1.7142857142857142|TotalCurrentAssetsChange,32
1055|17.719445110678695|47|0.37700947043997224|1.6428571428571428|TotalCurrentAssetsChange,32
1060|17.719445110678695|47|0.37700947043997224|1.6428571428571428|TotalCurrentAssetsChange,32
1065|17.719445110678695|47|0.37700947043997224|1.6428571428571428|TotalCurrentAssetsChange,32
1070|17.719445110678695|47|0.37700947043997224|1.6428571428571428|TotalCurrentAssetsChange,32
1075|17.719445110678695|47|0.37700947043997224|1.6428571428571428|TotalCurrentAssetsChange,32
1080|17.719445110678695|47|0.37700947043997224|1.6428571428571428|TotalCurrentAssetsChange,32
1085|17.719445110678695|47|0.37700947043997224|1.6428571428571428|TotalCurrentAssetsChange,32
1090|17.719445110678695|47|0.37700947043997224|1.6428571428571428|TotalCurrentAssetsChange,32
1095|17.719445110678695|47|0.37700947043997224|1.6428571428571428|TotalCurrentAssetsChange,32
1100|17.719445110678695|47|0.37700947043997224|1.6428571428571428|TotalCurrentAssetsChange,32
1105|17.719445110678695|47|0.37700947043997224|1.6428571428571428|TotalCurrentAssetsChange,32
1110|17.719445110678695|47|0.37700947043997224|1.6428571428571428|TotalCurrentAssetsChange,32
1115|17.719445110678695|47|0.37700947043997224|1.6428571428571428|TotalCurrentAssetsChange,32
1120|17.719445110678695|47|0.37700947043997224|1.6428571428571428|TotalCurrentAssetsChange,32
1125|17.719445110678695|47|0.37700947043997224|1.6428571428571428|TotalCurrentAssetsChange,32
1130|17.719445110678695|47|0.37700947043997224|1.6428571428571428|TotalCurrentAssetsChange,32
1135|17.719445110678695|47|0.37700947043997224|1.6428571428571428|TotalCurrentAssetsChange,32
1140|17.719445110678695|47|0.37700947043997224|1.6428571428571428|TotalCurrentAssetsChange,32
1145|17.719445110678695|47|0.37700947043997224|1.6428571428571428|TotalCurrentAssetsChange,32
1150|17.719445110678695|47|0.37700947043997224|1.6428571428571428|TotalCurrentAssetsChange,32
1155|17.719445110678695|47|0.37700947043997224|1.6428571428571428|TotalCurrentAssetsChange,32
1160|17.719445110678695|47|0.37700947043997224|1.6428571428571428|TotalCurrentAssetsChange,32
1165|17.719445110678695|47|0.37700947043997224|1.6428571428571428|TotalCurrentAssetsChange,32
1170|17.719445110678695|47|0.37700947043997224|1.6428571428571428|TotalCurrentAssetsChange,32
1175|17.719445110678695|45|0.393765446903971|1.5714285714285714|CurrentRatio09,36
1180|17.719445110678695|45|0.393765446903971|1.5714285714285714|CurrentRatio09,36
1185|17.719445110678695|45|0.393765446903971|1.5714285714285714|CurrentRatio09,36
1190|17.719445110678695|45|0.393765446903971|1.5714285714285714|CurrentRatio09,36
1195|17.719445110678695|45|0.393765446903971|1.5714285714285714|CurrentRatio09,36
1200|17.719445110678695|43|0.4120801188529929|1.5|TotalCurrentAssetsChange,32
1205|17.719445110678695|43|0.4120801188529929|1.5|TotalCurrentAssetsChange,32
1210|17.719445110678695|43|0.4120801188529929|1.5|TotalCurrentAssetsChange,32
1215|17.719445110678695|43|0.4120801188529929|1.5|TotalCurrentAssetsChange,32
1220|17.719445110678695|43|0.4120801188529929|1.5|TotalCurrentAssetsChange,32
1225|17.719445110678695|43|0.4120801188529929|1.5|TotalCurrentAssetsChange,32
1230|17.719445110678695|43|0.4120801188529929|1.5|TotalCurrentAssetsChange,32
1235|17.719445110678695|43|0.4120801188529929|1.5|TotalCurrentAssetsChange,32
1240|17.719445110678695|43|0.4120801188529929|1.5|TotalCurrentAssetsChange,32
1245|17.719445110678695|43|0.4120801188529929|1.5|TotalCurrentAssetsChange,32
1250|17.719445110678695|43|0.4120801188529929|1.5|TotalCurrentAssetsChange,32
1255|17.719445110678695|43|0.4120801188529929|1.5|TotalCurrentAssetsChange,32
1260|17.719445110678695|43|0.4120801188529929|1.5|TotalCurrentAssetsChange,32
1265|17.719445110678695|43|0.4120801188529929|1.5|TotalCurrentAssetsChange,32
1270|17.719445110678695|43|0.4120801188529929|1.5|TotalCurrentAssetsChange,32
1275|17.719445110678695|43|0.4120801188529929|1.5|TotalCurrentAssetsChange,32
1280|17.719445110678695|43|0.4120801188529929|1.5|TotalCurrentAssetsChange,32
1285|17.719445110678695|39|0.4543447464276588|1.3571428571428572|CurrentRatio09,36
1290|17.719445110678695|39|0.4543447464276588|1.3571428571428572|CurrentRatio09,36
1295|17.719445110678695|39|0.4543447464276588|1.3571428571428572|CurrentRatio09,36
1300|17.719445110678695|39|0.4543447464276588|1.3571428571428572|CurrentRatio09,36
1305|17.719445110678695|39|0.4543447464276588|1.3571428571428572|CurrentRatio09,36
1310|17.719445110678695|39|0.4543447464276588|1.3571428571428572|CurrentRatio09,36
1315|17.719445110678695|39|0.4543447464276588|1.3571428571428572|CurrentRatio09,36
1320|17.719445110678695|39|0.4543447464276588|1.3571428571428572|CurrentRatio09,36
1325|17.719445110678695|39|0.4543447464276588|1.3571428571428572|CurrentRatio09,36
1330|17.719445110678695|39|0.4543447464276588|1.3571428571428572|CurrentRatio09,36
1335|17.719445110678695|39|0.4543447464276588|1.3571428571428572|CurrentRatio09,36
1340|17.719445110678695|39|0.4543447464276588|1.3571428571428572|CurrentRatio09,36
1345|17.719445110678695|39|0.4543447464276588|1.3571428571428572|CurrentRatio09,36
1350|17.719445110678695|39|0.4543447464276588|1.3571428571428572|CurrentRatio09,36
1355|17.719445110678695|39|0.4543447464276588|1.3571428571428572|CurrentRatio09,36
1360|17.719445110678695|39|0.4543447464276588|1.3571428571428572|CurrentRatio09,36
1365|17.719445110678695|39|0.4543447464276588|1.3571428571428572|CurrentRatio09,36
1370|17.719445110678695|39|0.4543447464276588|1.3571428571428572|CurrentRatio09,36
1375|17.719445110678695|39|0.4543447464276588|1.3571428571428572|CurrentRatio09,36
1380|17.719445110678695|39|0.4543447464276588|1.3571428571428572|CurrentRatio09,36
1385|17.719445110678695|39|0.4543447464276588|1.3571428571428572|CurrentRatio09,36
1390|17.719445110678695|39|0.4543447464276588|1.3571428571428572|CurrentRatio09,36
1395|17.719445110678695|39|0.4543447464276588|1.3571428571428572|CurrentRatio09,36
1400|17.719445110678695|39|0.4543447464276588|1.3571428571428572|CurrentRatio09,36
1405|17.719445110678695|39|0.4543447464276588|1.3571428571428572|CurrentRatio09,36
1410|17.719445110678695|39|0.4543447464276588|1.3571428571428572|CurrentRatio09,36
1415|17.719445110678695|39|0.4543447464276588|1.3571428571428572|CurrentRatio09,36
1420|17.719445110678695|39|0.4543447464276588|1.3571428571428572|CurrentRatio09,36
1425|17.719445110678695|39|0.4543447464276588|1.3571428571428572|CurrentRatio09,36
1430|17.719445110678695|39|0.4543447464276588|1.3571428571428572|CurrentRatio09,36
1435|17.719445110678695|39|0.4543447464276588|1.3571428571428572|CurrentRatio09,36
1440|17.719445110678695|39|0.4543447464276588|1.3571428571428572|CurrentRatio09,36
1445|17.719445110678695|39|0.4543447464276588|1.3571428571428572|CurrentRatio09,36
1450|17.719445110678695|39|0.4543447464276588|1.3571428571428572|CurrentRatio09,36
1455|17.719445110678695|39|0.4543447464276588|1.3571428571428572|CurrentRatio09,36
1460|17.719445110678695|39|0.4543447464276588|1.3571428571428572|CurrentRatio09,36
1465|17.719445110678695|39|0.4543447464276588|1.3571428571428572|CurrentRatio09,36
1470|17.719445110678695|39|0.4543447464276588|1.3571428571428572|CurrentRatio09,36
1475|17.719445110678695|39|0.4543447464276588|1.3571428571428572|CurrentRatio09,36
1480|17.719445110678695|39|0.4543447464276588|1.3571428571428572|CurrentRatio09,36
1485|17.719445110678695|39|0.4543447464276588|1.3571428571428572|CurrentRatio09,36
1490|17.719445110678695|39|0.4543447464276588|1.3571428571428572|CurrentRatio09,36
1495|17.719445110678695|39|0.4543447464276588|1.3571428571428572|CurrentRatio09,36
1500|17.719445110678695|39|0.4543447464276588|1.3571428571428572|CurrentRatio09,36
1505|17.719445110678695|39|0.4543447464276588|1.3571428571428572|CurrentRatio09,36
1510|17.719445110678695|39|0.4543447464276588|1.3571428571428572|CurrentRatio09,36
1515|17.719445110678695|39|0.4543447464276588|1.3571428571428572|CurrentRatio09,36
1520|17.719445110678695|39|0.4543447464276588|1.3571428571428572|CurrentRatio09,36
1525|17.719445110678695|39|0.4543447464276588|1.3571428571428572|CurrentRatio09,36
1530|17.719445110678695|39|0.4543447464276588|1.3571428571428572|CurrentRatio09,36
1535|17.719445110678695|39|0.4543447464276588|1.3571428571428572|CurrentRatio09,36
1540|17.719445110678695|39|0.4543447464276588|1.3571428571428572|CurrentRatio09,36
1545|17.719445110678695|39|0.4543447464276588|1.3571428571428572|CurrentRatio09,36
1550|17.719445110678695|39|0.4543447464276588|1.3571428571428572|CurrentRatio09,36
1555|17.719445110678695|39|0.4543447464276588|1.3571428571428572|CurrentRatio09,36
1560|17.719445110678695|39|0.4543447464276588|1.3571428571428572|CurrentRatio09,36
1565|17.719445110678695|39|0.4543447464276588|1.3571428571428572|CurrentRatio09,36
1570|17.719445110678695|39|0.4543447464276588|1.3571428571428572|CurrentRatio09,36
1575|17.719445110678695|39|0.4543447464276588|1.3571428571428572|CurrentRatio09,36
1580|17.719445110678695|39|0.4543447464276588|1.3571428571428572|CurrentRatio09,36
1585|17.719445110678695|39|0.4543447464276588|1.3571428571428572|CurrentRatio09,36
1590|17.719445110678695|39|0.4543447464276588|1.3571428571428572|CurrentRatio09,36
1595|17.719445110678695|39|0.4543447464276588|1.3571428571428572|CurrentRatio09,36
1600|17.719445110678695|39|0.4543447464276588|1.3571428571428572|CurrentRatio09,36
1605|17.719445110678695|39|0.4543447464276588|1.3571428571428572|CurrentRatio09,36
1610|17.719445110678695|39|0.4543447464276588|1.3571428571428572|CurrentRatio09,36
1615|17.719445110678695|39|0.4543447464276588|1.3571428571428572|CurrentRatio09,36
1620|17.719445110678695|39|0.4543447464276588|1.3571428571428572|CurrentRatio09,36
1625|17.719445110678695|39|0.4543447464276588|1.3571428571428572|CurrentRatio09,36
1630|17.719445110678695|39|0.4543447464276588|1.3571428571428572|CurrentRatio09,36
1635|17.719445110678695|39|0.4543447464276588|1.3571428571428572|CurrentRatio09,36
1640|17.719445110678695|39|0.4543447464276588|1.3571428571428572|CurrentRatio09,36
1645|17.719445110678695|39|0.4543447464276588|1.3571428571428572|CurrentRatio09,36
1650|17.719445110678695|39|0.4543447464276588|1.3571428571428572|CurrentRatio09,36
1655|17.719445110678695|39|0.4543447464276588|1.3571428571428572|CurrentRatio09,36
1660|17.719445110678695|39|0.4543447464276588|1.3571428571428572|CurrentRatio09,36
1665|17.719445110678695|39|0.4543447464276588|1.3571428571428572|CurrentRatio09,36
1670|17.719445110678695|39|0.4543447464276588|1.3571428571428572|CurrentRatio09,36
1675|17.719445110678695|39|0.4543447464276588|1.3571428571428572|CurrentRatio09,36
1680|17.719445110678695|39|0.4543447464276588|1.3571428571428572|CurrentRatio09,36
1685|17.719445110678695|39|0.4543447464276588|1.3571428571428572|CurrentRatio09,36
1690|17.719445110678695|39|0.4543447464276588|1.3571428571428572|CurrentRatio09,36
1695|17.719445110678695|39|0.4543447464276588|1.3571428571428572|CurrentRatio09,36
1700|17.719445110678695|39|0.4543447464276588|1.3571428571428572|CurrentRatio09,36
1705|17.719445110678695|39|0.4543447464276588|1.3571428571428572|CurrentRatio09,36
1710|17.719445110678695|39|0.4543447464276588|1.3571428571428572|CurrentRatio09,36
1715|17.719445110678695|39|0.4543447464276588|1.3571428571428572|CurrentRatio09,36
1720|17.719445110678695|39|0.4543447464276588|1.3571428571428572|CurrentRatio09,36
1725|17.719445110678695|39|0.4543447464276588|1.3571428571428572|CurrentRatio09,36
1730|17.719445110678695|39|0.4543447464276588|1.3571428571428572|CurrentRatio09,36
1735|17.719445110678695|39|0.4543447464276588|1.3571428571428572|CurrentRatio09,36
1740|17.719445110678695|39|0.4543447464276588|1.3571428571428572|CurrentRatio09,36
1745|17.719445110678695|39|0.4543447464276588|1.3571428571428572|CurrentRatio09,36
1750|17.719445110678695|39|0.4543447464276588|1.3571428571428572|CurrentRatio09,36
1755|17.719445110678695|39|0.4543447464276588|1.3571428571428572|CurrentRatio09,36
1760|17.719445110678695|39|0.4543447464276588|1.3571428571428572|CurrentRatio09,36
1765|17.719445110678695|39|0.4543447464276588|1.3571428571428572|CurrentRatio09,36
1770|17.719445110678695|39|0.4543447464276588|1.3571428571428572|CurrentRatio09,36
1775|17.719445110678695|39|0.4543447464276588|1.3571428571428572|CurrentRatio09,36
1780|17.719445110678695|39|0.4543447464276588|1.3571428571428572|CurrentRatio09,36
1785|17.719445110678695|39|0.4543447464276588|1.3571428571428572|CurrentRatio09,36
1790|17.719445110678695|39|0.4543447464276588|1.3571428571428572|CurrentRatio09,36
1795|17.719445110678695|39|0.4543447464276588|1.3571428571428572|CurrentRatio09,36
1800|17.719445110678695|39|0.4543447464276588|1.3571428571428572|CurrentRatio09,36
1805|17.719445110678695|39|0.4543447464276588|1.3571428571428572|CurrentRatio09,36
1810|17.719445110678695|39|0.4543447464276588|1.3571428571428572|CurrentRatio09,36
1815|17.719445110678695|39|0.4543447464276588|1.3571428571428572|CurrentRatio09,36
1820|17.719445110678695|39|0.4543447464276588|1.3571428571428572|CurrentRatio09,36
1825|17.719445110678695|39|0.4543447464276588|1.3571428571428572|CurrentRatio09,36
1830|17.719445110678695|39|0.4543447464276588|1.3571428571428572|CurrentRatio09,36
1835|17.719445110678695|39|0.4543447464276588|1.3571428571428572|CurrentRatio09,36
1840|17.719445110678695|39|0.4543447464276588|1.3571428571428572|CurrentRatio09,36
1845|17.719445110678695|39|0.4543447464276588|1.3571428571428572|CurrentRatio09,36
1850|17.719445110678695|39|0.4543447464276588|1.3571428571428572|CurrentRatio09,36
1855|17.719445110678695|39|0.4543447464276588|1.3571428571428572|CurrentRatio09,36
1860|17.719445110678695|39|0.4543447464276588|1.3571428571428572|CurrentRatio09,36
1865|17.719445110678695|39|0.4543447464276588|1.3571428571428572|CurrentRatio09,36
1870|17.719445110678695|39|0.4543447464276588|1.3571428571428572|CurrentRatio09,36
1875|17.719445110678695|39|0.4543447464276588|1.3571428571428572|CurrentRatio09,36
1880|17.719445110678695|39|0.4543447464276588|1.3571428571428572|CurrentRatio09,36
1885|17.719445110678695|39|0.4543447464276588|1.3571428571428572|CurrentRatio09,36
1890|17.719445110678695|39|0.4543447464276588|1.3571428571428572|CurrentRatio09,36
1895|17.719445110678695|39|0.4543447464276588|1.3571428571428572|CurrentRatio09,36
1900|17.719445110678695|39|0.4543447464276588|1.3571428571428572|CurrentRatio09,36
1905|17.719445110678695|39|0.4543447464276588|1.3571428571428572|CurrentRatio09,36
1910|17.719445110678695|39|0.4543447464276588|1.3571428571428572|CurrentRatio09,36
1915|17.719445110678695|39|0.4543447464276588|1.3571428571428572|CurrentRatio09,36
1920|17.719445110678695|39|0.4543447464276588|1.3571428571428572|CurrentRatio09,36
1925|17.719445110678695|39|0.4543447464276588|1.3571428571428572|CurrentRatio09,36
1930|17.719445110678695|39|0.4543447464276588|1.3571428571428572|CurrentRatio09,36
1935|17.719445110678695|39|0.4543447464276588|1.3571428571428572|CurrentRatio09,36
1940|17.719445110678695|39|0.4543447464276588|1.3571428571428572|CurrentRatio09,36
1945|17.719445110678695|39|0.4543447464276588|1.3571428571428572|CurrentRatio09,36
1950|17.719445110678695|39|0.4543447464276588|1.3571428571428572|CurrentRatio09,36
1955|17.719445110678695|39|0.4543447464276588|1.3571428571428572|CurrentRatio09,36
1960|17.719445110678695|39|0.4543447464276588|1.3571428571428572|CurrentRatio09,36
1965|17.719445110678695|39|0.4543447464276588|1.3571428571428572|CurrentRatio09,36
1970|17.719445110678695|39|0.4543447464276588|1.3571428571428572|CurrentRatio09,36
1975|17.719445110678695|39|0.4543447464276588|1.3571428571428572|CurrentRatio09,36
1980|17.719445110678695|39|0.4543447464276588|1.3571428571428572|CurrentRatio09,36
1985|17.719445110678695|39|0.4543447464276588|1.3571428571428572|CurrentRatio09,36
1990|17.719445110678695|39|0.4543447464276588|1.3571428571428572|CurrentRatio09,36
1995|17.719445110678695|39|0.4543447464276588|1.3571428571428572|CurrentRatio09,36
2000|17.719445110678695|39|0.4543447464276588|1.3571428571428572|CurrentRatio09,36
