#########################################################
# Algorithm Parameters #
# Generations = 2000
# Population size = 100
# Resolution = 5
#########################################################
# Financial Parameters #
# Quarter = 1
# Crossover probabilities = 0.75 -> 0.25
# Mutation start probabilities = 0.9,0.0,0.6,0.5,0.6,0.9
# Mutation end probabilities = 0.4,0.4,0.1,0.1,0.1,0.4
######################################################### 
0|7.555520605683609|7|1.0793600865262298|1.0|ReturnOnEquity09,21
5|7.878706499988525|15|0.525247099999235|1.0|BookValuePerShare09,9
10|8.096949610880328|13|0.6228422777600252|1.0|ReturnOnAssets10,19
15|8.367832980234427|21|0.39846823715402035|1.0|ReturnOnEquity09,21
20|9.324444301283608|25|0.3729777720513443|1.3333333333333333|OperatingMargin09,3
25|9.324444301283608|21|0.44402115720398133|1.4285714285714286|ReturnOnEquity10,22
30|9.834282786959017|29|0.33911319955031094|1.2727272727272727|ReturnOnEquity10,22
35|9.834282786959017|29|0.33911319955031094|1.2727272727272727|ReturnOnEquity10,22
40|9.834282786959017|29|0.33911319955031094|1.2727272727272727|ReturnOnEquity10,22
45|9.89380802517869|39|0.25368738526099205|1.5833333333333333|ReturnOnEquity10,22
50|9.89380802517869|39|0.25368738526099205|1.5833333333333333|ReturnOnEquity10,22
55|9.89380802517869|39|0.25368738526099205|1.5833333333333333|ReturnOnEquity10,22
60|9.89380802517869|39|0.25368738526099205|1.5833333333333333|ReturnOnEquity10,22
65|9.89380802517869|33|0.2998123643993542|1.2307692307692308|EarningsPerShare09,6
70|9.89380802517869|33|0.2998123643993542|1.2307692307692308|EarningsPerShare09,6
75|9.89380802517869|33|0.2998123643993542|1.2307692307692308|EarningsPerShare09,6
80|9.89380802517869|33|0.2998123643993542|1.2307692307692308|EarningsPerShare09,6
85|9.89380802517869|33|0.2998123643993542|1.2307692307692308|EarningsPerShare09,6
90|9.89380802517869|33|0.2998123643993542|1.2307692307692308|EarningsPerShare09,6
95|9.89380802517869|31|0.3191550975864093|1.25|CurrentRatio09,36
100|9.89380802517869|31|0.3191550975864093|1.25|CurrentRatio09,36
105|9.89380802517869|31|0.3191550975864093|1.25|CurrentRatio09,36
110|9.89380802517869|31|0.3191550975864093|1.25|CurrentRatio09,36
115|9.89380802517869|31|0.3191550975864093|1.25|CurrentRatio09,36
120|9.89380802517869|29|0.34116579397167895|1.1666666666666667|TotalCurrentLiabilitiesChange,35
125|9.89380802517869|27|0.3664373342658774|1.1818181818181819|TotalCurrentLiabilitiesChange,35
130|9.89380802517869|27|0.3664373342658774|1.1818181818181819|TotalCurrentLiabilitiesChange,35
135|9.89380802517869|27|0.3664373342658774|1.1818181818181819|TotalCurrentLiabilitiesChange,35
140|9.89380802517869|27|0.3664373342658774|1.1818181818181819|TotalCurrentLiabilitiesChange,35
145|9.89380802517869|25|0.3957523210071476|1.2|ReturnOnInvestedCapital09,24
150|9.89380802517869|25|0.3957523210071476|1.2|ReturnOnInvestedCapital09,24
155|9.89380802517869|25|0.3957523210071476|1.2|ReturnOnInvestedCapital09,24
160|9.89380802517869|25|0.3957523210071476|1.2|ReturnOnInvestedCapital09,24
165|9.89380802517869|25|0.3957523210071476|1.2|ReturnOnInvestedCapital09,24
170|9.89380802517869|25|0.3957523210071476|1.2|ReturnOnInvestedCapital09,24
175|9.89380802517869|23|0.43016556631211694|1.1|ReturnOnInvestedCapital09,24
180|9.89380802517869|23|0.43016556631211694|1.1|ReturnOnInvestedCapital09,24
185|9.89380802517869|23|0.43016556631211694|1.1|ReturnOnInvestedCapital09,24
190|9.89380802517869|23|0.43016556631211694|1.1|ReturnOnInvestedCapital09,24
195|9.89380802517869|23|0.43016556631211694|1.1|ReturnOnInvestedCapital09,24
200|9.89380802517869|23|0.43016556631211694|1.1|ReturnOnInvestedCapital09,24
205|9.89380802517869|23|0.43016556631211694|1.1|ReturnOnInvestedCapital09,24
210|9.89380802517869|23|0.43016556631211694|1.1|ReturnOnInvestedCapital09,24
215|9.89380802517869|23|0.43016556631211694|1.1|ReturnOnInvestedCapital09,24
220|9.89380802517869|23|0.43016556631211694|1.1|ReturnOnInvestedCapital09,24
225|9.89380802517869|23|0.43016556631211694|1.1|ReturnOnInvestedCapital09,24
230|9.89380802517869|23|0.43016556631211694|1.1|ReturnOnInvestedCapital09,24
235|9.89380802517869|23|0.43016556631211694|1.1|ReturnOnInvestedCapital09,24
240|9.89380802517869|23|0.43016556631211694|1.1|ReturnOnInvestedCapital09,24
245|9.89380802517869|23|0.43016556631211694|1.1|ReturnOnInvestedCapital09,24
250|9.89380802517869|23|0.43016556631211694|1.1|ReturnOnInvestedCapital09,24
255|9.89380802517869|23|0.43016556631211694|1.1|ReturnOnInvestedCapital09,24
260|9.89380802517869|23|0.43016556631211694|1.1|ReturnOnInvestedCapital09,24
265|9.89380802517869|23|0.43016556631211694|1.1|ReturnOnInvestedCapital09,24
270|9.89380802517869|23|0.43016556631211694|1.1|ReturnOnInvestedCapital09,24
275|9.89380802517869|23|0.43016556631211694|1.1|ReturnOnInvestedCapital09,24
280|9.89380802517869|23|0.43016556631211694|1.1|ReturnOnInvestedCapital09,24
285|9.89380802517869|23|0.43016556631211694|1.1|ReturnOnInvestedCapital09,24
290|9.89380802517869|23|0.43016556631211694|1.1|ReturnOnInvestedCapital09,24
295|9.89380802517869|23|0.43016556631211694|1.1|ReturnOnInvestedCapital09,24
300|9.89380802517869|23|0.43016556631211694|1.1|ReturnOnInvestedCapital09,24
305|9.89380802517869|23|0.43016556631211694|1.1|ReturnOnInvestedCapital09,24
310|9.89380802517869|23|0.43016556631211694|1.1|ReturnOnInvestedCapital09,24
315|9.89380802517869|23|0.43016556631211694|1.1|ReturnOnInvestedCapital09,24
320|9.89380802517869|23|0.43016556631211694|1.1|ReturnOnInvestedCapital09,24
325|9.89380802517869|23|0.43016556631211694|1.1|ReturnOnInvestedCapital09,24
330|9.89380802517869|23|0.43016556631211694|1.1|ReturnOnInvestedCapital09,24
335|9.89380802517869|23|0.43016556631211694|1.1|ReturnOnInvestedCapital09,24
340|9.89380802517869|23|0.43016556631211694|1.1|ReturnOnInvestedCapital09,24
345|9.89380802517869|23|0.43016556631211694|1.1|ReturnOnInvestedCapital09,24
350|9.89380802517869|23|0.43016556631211694|1.1|ReturnOnInvestedCapital09,24
355|9.89380802517869|23|0.43016556631211694|1.1|ReturnOnInvestedCapital09,24
360|9.89380802517869|23|0.43016556631211694|1.1|ReturnOnInvestedCapital09,24
365|9.89380802517869|23|0.43016556631211694|1.1|ReturnOnInvestedCapital09,24
370|9.89380802517869|23|0.43016556631211694|1.1|ReturnOnInvestedCapital09,24
375|9.904626274716396|25|0.3961850509886558|1.0|GrossMargin09,0
380|9.904626274716396|25|0.3961850509886558|1.0|GrossMargin09,0
385|10.20092769808033|25|0.4080371079232132|1.0909090909090908|CurrentRatio09,36
390|10.20092769808033|25|0.4080371079232132|1.0909090909090908|CurrentRatio09,36
395|10.260452936300002|25|0.4104181174520001|1.0909090909090908|ResearchDevelopment09,15
400|10.293500941791805|41|0.2510609985802879|1.5384615384615385|TotalCurrentAssetsChange,32
405|10.293500941791805|41|0.2510609985802879|1.5384615384615385|TotalCurrentAssetsChange,32
410|10.34645566192623|37|0.27963393680881704|1.2857142857142858|ResearchDevelopment09,15
415|10.34645566192623|37|0.27963393680881704|1.2857142857142858|ResearchDevelopment09,15
420|10.34645566192623|37|0.27963393680881704|1.2857142857142858|ResearchDevelopment09,15
425|10.34645566192623|37|0.27963393680881704|1.2857142857142858|ResearchDevelopment09,15
430|10.34645566192623|37|0.27963393680881704|1.2857142857142858|ResearchDevelopment09,15
435|10.34645566192623|37|0.27963393680881704|1.2857142857142858|ResearchDevelopment09,15
440|10.34645566192623|35|0.295613018912178|1.1333333333333333|ReturnOnInvestedCapital09,24
445|10.34645566192623|33|0.31352895945231|1.3333333333333333|ReturnOnInvestedCapital09,24
450|10.34645566192623|33|0.31352895945231|1.3333333333333333|ReturnOnInvestedCapital09,24
455|10.34645566192623|33|0.31352895945231|1.3333333333333333|ReturnOnInvestedCapital09,24
460|10.34645566192623|33|0.31352895945231|1.3333333333333333|ReturnOnInvestedCapital09,24
465|10.34645566192623|27|0.3832020615528233|1.1818181818181819|ReturnOnInvestedCapital09,24
470|10.34645566192623|27|0.3832020615528233|1.1818181818181819|ReturnOnInvestedCapital09,24
475|10.34645566192623|27|0.3832020615528233|1.1818181818181819|ReturnOnInvestedCapital09,24
480|10.34645566192623|25|0.4138582264770492|1.2|ReturnOnInvestedCapital09,24
485|10.34645566192623|25|0.4138582264770492|1.2|ReturnOnInvestedCapital09,24
490|10.34645566192623|25|0.4138582264770492|1.2|ReturnOnInvestedCapital09,24
495|10.34645566192623|25|0.4138582264770492|1.2|ReturnOnInvestedCapital09,24
500|10.34645566192623|25|0.4138582264770492|1.2|ReturnOnInvestedCapital09,24
505|10.34645566192623|25|0.4138582264770492|1.2|ReturnOnInvestedCapital09,24
510|10.34645566192623|25|0.4138582264770492|1.2|ReturnOnInvestedCapital09,24
515|10.34645566192623|25|0.4138582264770492|1.2|ReturnOnInvestedCapital09,24
520|10.34645566192623|23|0.4498458983446187|1.1|QuickRatio10,40
525|10.34645566192623|23|0.4498458983446187|1.1|QuickRatio10,40
530|10.34645566192623|23|0.4498458983446187|1.1|QuickRatio10,40
535|10.463686739506558|29|0.3608167841209158|1.2727272727272727|ReturnOnInvestedCapital09,24
540|10.463686739506558|29|0.3608167841209158|1.2727272727272727|ReturnOnInvestedCapital09,24
545|10.463686739506558|29|0.3608167841209158|1.2727272727272727|ReturnOnInvestedCapital09,24
550|10.463686739506558|29|0.3608167841209158|1.2727272727272727|ReturnOnInvestedCapital09,24
555|10.463686739506558|29|0.3608167841209158|1.2727272727272727|ReturnOnInvestedCapital09,24
560|10.463686739506558|27|0.3875439533150577|1.3|ReturnOnInvestedCapital09,24
565|10.463686739506558|27|0.3875439533150577|1.3|ReturnOnInvestedCapital09,24
570|10.463686739506558|27|0.3875439533150577|1.3|ReturnOnInvestedCapital09,24
575|10.463686739506558|27|0.3875439533150577|1.3|ReturnOnInvestedCapital09,24
580|10.463686739506558|27|0.3875439533150577|1.3|ReturnOnInvestedCapital09,24
585|10.463686739506558|25|0.41854746958026234|1.2|TotalCurrentLiabilitiesChange,35
590|10.463686739506558|25|0.41854746958026234|1.2|TotalCurrentLiabilitiesChange,35
595|10.463686739506558|25|0.41854746958026234|1.2|TotalCurrentLiabilitiesChange,35
600|10.463686739506558|25|0.41854746958026234|1.2|TotalCurrentLiabilitiesChange,35
605|10.463686739506558|25|0.41854746958026234|1.2|TotalCurrentLiabilitiesChange,35
610|10.463686739506558|25|0.41854746958026234|1.2|TotalCurrentLiabilitiesChange,35
615|10.463686739506558|25|0.41854746958026234|1.2|TotalCurrentLiabilitiesChange,35
620|10.463686739506558|25|0.41854746958026234|1.2|TotalCurrentLiabilitiesChange,35
625|10.463686739506558|25|0.41854746958026234|1.2|TotalCurrentLiabilitiesChange,35
630|10.463686739506558|25|0.41854746958026234|1.2|TotalCurrentLiabilitiesChange,35
635|10.463686739506558|25|0.41854746958026234|1.2|TotalCurrentLiabilitiesChange,35
640|10.463686739506558|25|0.41854746958026234|1.2|TotalCurrentLiabilitiesChange,35
645|10.463686739506558|25|0.41854746958026234|1.2|TotalCurrentLiabilitiesChange,35
650|10.463686739506558|25|0.41854746958026234|1.2|TotalCurrentLiabilitiesChange,35
655|10.463686739506558|25|0.41854746958026234|1.2|TotalCurrentLiabilitiesChange,35
660|10.463686739506558|25|0.41854746958026234|1.2|TotalCurrentLiabilitiesChange,35
665|10.463686739506558|25|0.41854746958026234|1.2|TotalCurrentLiabilitiesChange,35
670|10.463686739506558|25|0.41854746958026234|1.2|TotalCurrentLiabilitiesChange,35
675|10.463686739506558|25|0.41854746958026234|1.2|TotalCurrentLiabilitiesChange,35
680|10.463686739506558|25|0.41854746958026234|1.2|TotalCurrentLiabilitiesChange,35
685|10.463686739506558|25|0.41854746958026234|1.2|TotalCurrentLiabilitiesChange,35
690|10.463686739506558|25|0.41854746958026234|1.2|TotalCurrentLiabilitiesChange,35
695|10.463686739506558|25|0.41854746958026234|1.2|TotalCurrentLiabilitiesChange,35
700|10.463686739506558|25|0.41854746958026234|1.2|TotalCurrentLiabilitiesChange,35
705|10.463686739506558|25|0.41854746958026234|1.2|TotalCurrentLiabilitiesChange,35
710|10.463686739506558|25|0.41854746958026234|1.2|TotalCurrentLiabilitiesChange,35
715|10.463686739506558|25|0.41854746958026234|1.2|TotalCurrentLiabilitiesChange,35
720|10.463686739506558|25|0.41854746958026234|1.2|TotalCurrentLiabilitiesChange,35
725|10.463686739506558|25|0.41854746958026234|1.2|TotalCurrentLiabilitiesChange,35
730|10.463686739506558|25|0.41854746958026234|1.2|TotalCurrentLiabilitiesChange,35
735|10.463686739506558|25|0.41854746958026234|1.2|TotalCurrentLiabilitiesChange,35
740|10.463686739506558|25|0.41854746958026234|1.2|TotalCurrentLiabilitiesChange,35
745|10.463686739506558|25|0.41854746958026234|1.2|TotalCurrentLiabilitiesChange,35
750|10.463686739506558|25|0.41854746958026234|1.2|TotalCurrentLiabilitiesChange,35
755|10.463686739506558|25|0.41854746958026234|1.2|TotalCurrentLiabilitiesChange,35
760|10.463686739506558|25|0.41854746958026234|1.2|TotalCurrentLiabilitiesChange,35
765|10.463686739506558|25|0.41854746958026234|1.2|TotalCurrentLiabilitiesChange,35
770|10.463686739506558|25|0.41854746958026234|1.2|TotalCurrentLiabilitiesChange,35
775|10.463686739506558|25|0.41854746958026234|1.2|TotalCurrentLiabilitiesChange,35
780|10.463686739506558|23|0.45494290171767643|1.2222222222222223|TotalCurrentLiabilitiesChange,35
785|10.463686739506558|23|0.45494290171767643|1.2222222222222223|TotalCurrentLiabilitiesChange,35
790|10.470257257591806|43|0.24349435482771642|1.9090909090909092|QuickRatio10,40
795|10.470257257591806|39|0.2684681348100463|1.7272727272727273|TotalCurrentLiabilitiesChange,35
800|10.470257257591806|39|0.2684681348100463|1.7272727272727273|TotalCurrentLiabilitiesChange,35
805|10.470257257591806|27|0.38778730583673354|1.3|TotalCurrentLiabilitiesChange,35
810|10.470257257591806|27|0.38778730583673354|1.3|TotalCurrentLiabilitiesChange,35
815|10.60366488066066|47|0.22560989107788637|2.090909090909091|QuickRatio10,40
820|10.60366488066066|47|0.22560989107788637|2.090909090909091|QuickRatio10,40
825|10.60366488066066|47|0.22560989107788637|2.090909090909091|QuickRatio10,40
830|10.60366488066066|47|0.22560989107788637|2.090909090909091|QuickRatio10,40
835|10.60366488066066|41|0.2586259726990405|1.8181818181818181|QuickRatio10,40
840|10.60366488066066|41|0.2586259726990405|1.8181818181818181|QuickRatio10,40
845|10.60366488066066|41|0.2586259726990405|1.8181818181818181|QuickRatio10,40
850|10.60366488066066|41|0.2586259726990405|1.8181818181818181|QuickRatio10,40
855|10.60366488066066|41|0.2586259726990405|1.8181818181818181|QuickRatio10,40
860|10.60366488066066|39|0.2718888430938631|1.7272727272727273|QuickRatio10,40
865|10.60366488066066|39|0.2718888430938631|1.7272727272727273|QuickRatio10,40
870|10.60366488066066|39|0.2718888430938631|1.7272727272727273|QuickRatio10,40
875|10.60366488066066|39|0.2718888430938631|1.7272727272727273|QuickRatio10,40
880|10.60366488066066|39|0.2718888430938631|1.7272727272727273|QuickRatio10,40
885|10.60366488066066|39|0.2718888430938631|1.7272727272727273|QuickRatio10,40
890|10.60366488066066|39|0.2718888430938631|1.7272727272727273|QuickRatio10,40
895|10.60366488066066|39|0.2718888430938631|1.7272727272727273|QuickRatio10,40
900|10.60366488066066|37|0.28658553731515296|1.5|QuickRatio10,40
905|10.60366488066066|37|0.28658553731515296|1.5|QuickRatio10,40
910|10.60366488066066|37|0.28658553731515296|1.5|QuickRatio10,40
915|10.60366488066066|37|0.28658553731515296|1.5|QuickRatio10,40
920|10.60366488066066|37|0.28658553731515296|1.5|QuickRatio10,40
925|10.60366488066066|37|0.28658553731515296|1.5|QuickRatio10,40
930|10.60366488066066|37|0.28658553731515296|1.5|QuickRatio10,40
935|10.60366488066066|37|0.28658553731515296|1.5|QuickRatio10,40
940|10.60366488066066|37|0.28658553731515296|1.5|QuickRatio10,40
945|10.60366488066066|35|0.3029618537331617|1.4166666666666667|QuickRatio10,40
950|10.60366488066066|35|0.3029618537331617|1.4166666666666667|QuickRatio10,40
955|10.60366488066066|35|0.3029618537331617|1.4166666666666667|QuickRatio10,40
960|10.60366488066066|35|0.3029618537331617|1.4166666666666667|QuickRatio10,40
965|10.60366488066066|35|0.3029618537331617|1.4166666666666667|QuickRatio10,40
970|10.60366488066066|35|0.3029618537331617|1.4166666666666667|QuickRatio10,40
975|10.60366488066066|33|0.32132317820183814|1.4545454545454546|QuickRatio10,40
980|10.60366488066066|33|0.32132317820183814|1.4545454545454546|QuickRatio10,40
985|10.60366488066066|33|0.32132317820183814|1.4545454545454546|QuickRatio10,40
990|10.60366488066066|33|0.32132317820183814|1.4545454545454546|QuickRatio10,40
995|10.60366488066066|33|0.32132317820183814|1.4545454545454546|QuickRatio10,40
1000|10.60366488066066|33|0.32132317820183814|1.4545454545454546|QuickRatio10,40
1005|10.60366488066066|33|0.32132317820183814|1.4545454545454546|QuickRatio10,40
1010|10.60366488066066|33|0.32132317820183814|1.4545454545454546|QuickRatio10,40
1015|10.60366488066066|33|0.32132317820183814|1.4545454545454546|QuickRatio10,40
1020|10.60366488066066|33|0.32132317820183814|1.4545454545454546|QuickRatio10,40
1025|10.60366488066066|33|0.32132317820183814|1.4545454545454546|QuickRatio10,40
1030|10.60366488066066|33|0.32132317820183814|1.4545454545454546|QuickRatio10,40
1035|10.60366488066066|33|0.32132317820183814|1.4545454545454546|QuickRatio10,40
1040|10.60366488066066|33|0.32132317820183814|1.4545454545454546|QuickRatio10,40
1045|10.60366488066066|31|0.3420537058277632|1.3636363636363635|QuickRatio10,40
1050|10.60366488066066|31|0.3420537058277632|1.3636363636363635|QuickRatio10,40
1055|10.60366488066066|31|0.3420537058277632|1.3636363636363635|QuickRatio10,40
1060|10.60366488066066|31|0.3420537058277632|1.3636363636363635|QuickRatio10,40
1065|10.60366488066066|31|0.3420537058277632|1.3636363636363635|QuickRatio10,40
1070|10.60366488066066|31|0.3420537058277632|1.3636363636363635|QuickRatio10,40
1075|10.60366488066066|31|0.3420537058277632|1.3636363636363635|QuickRatio10,40
1080|10.60366488066066|31|0.3420537058277632|1.3636363636363635|QuickRatio10,40
1085|10.60366488066066|31|0.3420537058277632|1.3636363636363635|QuickRatio10,40
1090|10.60366488066066|31|0.3420537058277632|1.3636363636363635|QuickRatio10,40
1095|10.60366488066066|31|0.3420537058277632|1.3636363636363635|QuickRatio10,40
1100|10.60366488066066|31|0.3420537058277632|1.3636363636363635|QuickRatio10,40
1105|10.60366488066066|29|0.3656436165745055|1.2727272727272727|TotalCurrentAssetsChange,32
1110|10.60366488066066|29|0.3656436165745055|1.2727272727272727|TotalCurrentAssetsChange,32
1115|10.60366488066066|29|0.3656436165745055|1.2727272727272727|TotalCurrentAssetsChange,32
1120|10.60366488066066|29|0.3656436165745055|1.2727272727272727|TotalCurrentAssetsChange,32
1125|10.60366488066066|29|0.3656436165745055|1.2727272727272727|TotalCurrentAssetsChange,32
1130|10.60366488066066|29|0.3656436165745055|1.2727272727272727|TotalCurrentAssetsChange,32
1135|10.60366488066066|29|0.3656436165745055|1.2727272727272727|TotalCurrentAssetsChange,32
1140|10.60366488066066|29|0.3656436165745055|1.2727272727272727|TotalCurrentAssetsChange,32
1145|10.60366488066066|29|0.3656436165745055|1.2727272727272727|TotalCurrentAssetsChange,32
1150|10.60366488066066|29|0.3656436165745055|1.2727272727272727|TotalCurrentAssetsChange,32
1155|10.60366488066066|29|0.3656436165745055|1.2727272727272727|TotalCurrentAssetsChange,32
1160|10.60366488066066|29|0.3656436165745055|1.2727272727272727|TotalCurrentAssetsChange,32
1165|10.60366488066066|29|0.3656436165745055|1.2727272727272727|TotalCurrentAssetsChange,32
1170|10.60366488066066|29|0.3656436165745055|1.2727272727272727|TotalCurrentAssetsChange,32
1175|10.60366488066066|29|0.3656436165745055|1.2727272727272727|TotalCurrentAssetsChange,32
1180|10.60366488066066|29|0.3656436165745055|1.2727272727272727|TotalCurrentAssetsChange,32
1185|10.60366488066066|29|0.3656436165745055|1.2727272727272727|TotalCurrentAssetsChange,32
1190|10.60366488066066|27|0.39272832891335774|1.3|TotalCurrentAssetsChange,32
1195|10.60366488066066|27|0.39272832891335774|1.3|TotalCurrentAssetsChange,32
1200|10.60366488066066|27|0.39272832891335774|1.3|TotalCurrentAssetsChange,32
1205|10.60366488066066|25|0.4241465952264264|1.2|TotalCurrentLiabilitiesChange,35
1210|10.60366488066066|25|0.4241465952264264|1.2|TotalCurrentLiabilitiesChange,35
1215|10.60366488066066|25|0.4241465952264264|1.2|TotalCurrentLiabilitiesChange,35
1220|10.60366488066066|25|0.4241465952264264|1.2|TotalCurrentLiabilitiesChange,35
1225|10.60366488066066|25|0.4241465952264264|1.2|TotalCurrentLiabilitiesChange,35
1230|10.60366488066066|25|0.4241465952264264|1.2|TotalCurrentLiabilitiesChange,35
1235|10.60366488066066|25|0.4241465952264264|1.2|TotalCurrentLiabilitiesChange,35
1240|10.60366488066066|25|0.4241465952264264|1.2|TotalCurrentLiabilitiesChange,35
1245|10.60366488066066|25|0.4241465952264264|1.2|TotalCurrentLiabilitiesChange,35
1250|10.60366488066066|25|0.4241465952264264|1.2|TotalCurrentLiabilitiesChange,35
1255|10.60366488066066|25|0.4241465952264264|1.2|TotalCurrentLiabilitiesChange,35
1260|10.60366488066066|25|0.4241465952264264|1.2|TotalCurrentLiabilitiesChange,35
1265|10.60366488066066|25|0.4241465952264264|1.2|TotalCurrentLiabilitiesChange,35
1270|10.60366488066066|25|0.4241465952264264|1.2|TotalCurrentLiabilitiesChange,35
1275|10.60366488066066|25|0.4241465952264264|1.2|TotalCurrentLiabilitiesChange,35
1280|10.60366488066066|25|0.4241465952264264|1.2|TotalCurrentLiabilitiesChange,35
1285|10.60366488066066|25|0.4241465952264264|1.2|TotalCurrentLiabilitiesChange,35
1290|10.60366488066066|25|0.4241465952264264|1.2|TotalCurrentLiabilitiesChange,35
1295|10.60366488066066|25|0.4241465952264264|1.2|TotalCurrentLiabilitiesChange,35
1300|10.60366488066066|25|0.4241465952264264|1.2|TotalCurrentLiabilitiesChange,35
1305|10.60366488066066|25|0.4241465952264264|1.2|TotalCurrentLiabilitiesChange,35
1310|10.60366488066066|25|0.4241465952264264|1.2|TotalCurrentLiabilitiesChange,35
1315|10.60366488066066|25|0.4241465952264264|1.2|TotalCurrentLiabilitiesChange,35
1320|10.60366488066066|25|0.4241465952264264|1.2|TotalCurrentLiabilitiesChange,35
1325|10.60366488066066|25|0.4241465952264264|1.2|TotalCurrentLiabilitiesChange,35
1330|10.60366488066066|25|0.4241465952264264|1.2|TotalCurrentLiabilitiesChange,35
1335|10.60366488066066|25|0.4241465952264264|1.2|TotalCurrentLiabilitiesChange,35
1340|10.60366488066066|25|0.4241465952264264|1.2|TotalCurrentLiabilitiesChange,35
1345|10.60366488066066|25|0.4241465952264264|1.2|TotalCurrentLiabilitiesChange,35
1350|10.60366488066066|25|0.4241465952264264|1.2|TotalCurrentLiabilitiesChange,35
1355|10.60366488066066|25|0.4241465952264264|1.2|TotalCurrentLiabilitiesChange,35
1360|10.60366488066066|25|0.4241465952264264|1.2|TotalCurrentLiabilitiesChange,35
1365|10.60366488066066|25|0.4241465952264264|1.2|TotalCurrentLiabilitiesChange,35
1370|10.60366488066066|25|0.4241465952264264|1.2|TotalCurrentLiabilitiesChange,35
1375|10.60366488066066|25|0.4241465952264264|1.2|TotalCurrentLiabilitiesChange,35
1380|10.60366488066066|25|0.4241465952264264|1.2|TotalCurrentLiabilitiesChange,35
1385|10.60366488066066|25|0.4241465952264264|1.2|TotalCurrentLiabilitiesChange,35
1390|10.60366488066066|25|0.4241465952264264|1.2|TotalCurrentLiabilitiesChange,35
1395|10.60366488066066|25|0.4241465952264264|1.2|TotalCurrentLiabilitiesChange,35
1400|10.60366488066066|25|0.4241465952264264|1.2|TotalCurrentLiabilitiesChange,35
1405|10.60366488066066|25|0.4241465952264264|1.2|TotalCurrentLiabilitiesChange,35
1410|10.60366488066066|25|0.4241465952264264|1.2|TotalCurrentLiabilitiesChange,35
1415|10.60366488066066|25|0.4241465952264264|1.2|TotalCurrentLiabilitiesChange,35
1420|10.60366488066066|25|0.4241465952264264|1.2|TotalCurrentLiabilitiesChange,35
1425|10.60366488066066|25|0.4241465952264264|1.2|TotalCurrentLiabilitiesChange,35
1430|10.60366488066066|25|0.4241465952264264|1.2|TotalCurrentLiabilitiesChange,35
1435|10.60366488066066|25|0.4241465952264264|1.2|TotalCurrentLiabilitiesChange,35
1440|10.60366488066066|25|0.4241465952264264|1.2|TotalCurrentLiabilitiesChange,35
1445|10.60366488066066|25|0.4241465952264264|1.2|TotalCurrentLiabilitiesChange,35
1450|10.60366488066066|25|0.4241465952264264|1.2|TotalCurrentLiabilitiesChange,35
1455|10.60366488066066|25|0.4241465952264264|1.2|TotalCurrentLiabilitiesChange,35
1460|10.60366488066066|25|0.4241465952264264|1.2|TotalCurrentLiabilitiesChange,35
1465|10.60366488066066|25|0.4241465952264264|1.2|TotalCurrentLiabilitiesChange,35
1470|10.60366488066066|25|0.4241465952264264|1.2|TotalCurrentLiabilitiesChange,35
1475|10.60366488066066|25|0.4241465952264264|1.2|TotalCurrentLiabilitiesChange,35
1480|10.60366488066066|25|0.4241465952264264|1.2|TotalCurrentLiabilitiesChange,35
1485|10.60366488066066|25|0.4241465952264264|1.2|TotalCurrentLiabilitiesChange,35
1490|10.60366488066066|25|0.4241465952264264|1.2|TotalCurrentLiabilitiesChange,35
1495|10.60366488066066|25|0.4241465952264264|1.2|TotalCurrentLiabilitiesChange,35
1500|10.60366488066066|25|0.4241465952264264|1.2|TotalCurrentLiabilitiesChange,35
1505|10.60366488066066|25|0.4241465952264264|1.2|TotalCurrentLiabilitiesChange,35
1510|10.60366488066066|25|0.4241465952264264|1.2|TotalCurrentLiabilitiesChange,35
1515|10.60366488066066|25|0.4241465952264264|1.2|TotalCurrentLiabilitiesChange,35
1520|10.60366488066066|25|0.4241465952264264|1.2|TotalCurrentLiabilitiesChange,35
1525|10.60366488066066|25|0.4241465952264264|1.2|TotalCurrentLiabilitiesChange,35
1530|10.60366488066066|25|0.4241465952264264|1.2|TotalCurrentLiabilitiesChange,35
1535|10.60366488066066|25|0.4241465952264264|1.2|TotalCurrentLiabilitiesChange,35
1540|10.60366488066066|25|0.4241465952264264|1.2|TotalCurrentLiabilitiesChange,35
1545|10.60366488066066|25|0.4241465952264264|1.2|TotalCurrentLiabilitiesChange,35
1550|10.60366488066066|25|0.4241465952264264|1.2|TotalCurrentLiabilitiesChange,35
1555|10.60366488066066|25|0.4241465952264264|1.2|TotalCurrentLiabilitiesChange,35
1560|10.60366488066066|25|0.4241465952264264|1.2|TotalCurrentLiabilitiesChange,35
1565|10.60366488066066|25|0.4241465952264264|1.2|TotalCurrentLiabilitiesChange,35
1570|10.60366488066066|25|0.4241465952264264|1.2|TotalCurrentLiabilitiesChange,35
1575|10.60366488066066|25|0.4241465952264264|1.2|TotalCurrentLiabilitiesChange,35
1580|10.60366488066066|25|0.4241465952264264|1.2|TotalCurrentLiabilitiesChange,35
1585|10.60366488066066|25|0.4241465952264264|1.2|TotalCurrentLiabilitiesChange,35
1590|10.60366488066066|25|0.4241465952264264|1.2|TotalCurrentLiabilitiesChange,35
1595|10.60366488066066|25|0.4241465952264264|1.2|TotalCurrentLiabilitiesChange,35
1600|10.60366488066066|25|0.4241465952264264|1.2|TotalCurrentLiabilitiesChange,35
1605|10.60366488066066|25|0.4241465952264264|1.2|TotalCurrentLiabilitiesChange,35
1610|10.60366488066066|25|0.4241465952264264|1.2|TotalCurrentLiabilitiesChange,35
1615|10.60366488066066|25|0.4241465952264264|1.2|TotalCurrentLiabilitiesChange,35
1620|10.60366488066066|25|0.4241465952264264|1.2|TotalCurrentLiabilitiesChange,35
1625|10.60366488066066|25|0.4241465952264264|1.2|TotalCurrentLiabilitiesChange,35
1630|10.60366488066066|25|0.4241465952264264|1.2|TotalCurrentLiabilitiesChange,35
1635|10.60366488066066|25|0.4241465952264264|1.2|TotalCurrentLiabilitiesChange,35
1640|10.60366488066066|25|0.4241465952264264|1.2|TotalCurrentLiabilitiesChange,35
1645|10.60366488066066|25|0.4241465952264264|1.2|TotalCurrentLiabilitiesChange,35
1650|10.60366488066066|25|0.4241465952264264|1.2|TotalCurrentLiabilitiesChange,35
1655|10.60366488066066|25|0.4241465952264264|1.2|TotalCurrentLiabilitiesChange,35
1660|10.60366488066066|25|0.4241465952264264|1.2|TotalCurrentLiabilitiesChange,35
1665|10.60366488066066|25|0.4241465952264264|1.2|TotalCurrentLiabilitiesChange,35
1670|10.60366488066066|25|0.4241465952264264|1.2|TotalCurrentLiabilitiesChange,35
1675|10.60366488066066|25|0.4241465952264264|1.2|TotalCurrentLiabilitiesChange,35
1680|10.60366488066066|25|0.4241465952264264|1.2|TotalCurrentLiabilitiesChange,35
1685|10.60366488066066|25|0.4241465952264264|1.2|TotalCurrentLiabilitiesChange,35
1690|10.60366488066066|25|0.4241465952264264|1.2|TotalCurrentLiabilitiesChange,35
1695|10.60366488066066|25|0.4241465952264264|1.2|TotalCurrentLiabilitiesChange,35
1700|10.60366488066066|25|0.4241465952264264|1.2|TotalCurrentLiabilitiesChange,35
1705|10.60366488066066|25|0.4241465952264264|1.2|TotalCurrentLiabilitiesChange,35
1710|10.60366488066066|25|0.4241465952264264|1.2|TotalCurrentLiabilitiesChange,35
1715|10.60366488066066|25|0.4241465952264264|1.2|TotalCurrentLiabilitiesChange,35
1720|10.60366488066066|25|0.4241465952264264|1.2|TotalCurrentLiabilitiesChange,35
1725|10.60366488066066|25|0.4241465952264264|1.2|TotalCurrentLiabilitiesChange,35
1730|10.60366488066066|25|0.4241465952264264|1.2|TotalCurrentLiabilitiesChange,35
1735|10.60366488066066|25|0.4241465952264264|1.2|TotalCurrentLiabilitiesChange,35
1740|10.60366488066066|25|0.4241465952264264|1.2|TotalCurrentLiabilitiesChange,35
1745|10.60366488066066|25|0.4241465952264264|1.2|TotalCurrentLiabilitiesChange,35
1750|10.60366488066066|25|0.4241465952264264|1.2|TotalCurrentLiabilitiesChange,35
1755|10.60366488066066|25|0.4241465952264264|1.2|TotalCurrentLiabilitiesChange,35
1760|10.60366488066066|25|0.4241465952264264|1.2|TotalCurrentLiabilitiesChange,35
1765|10.60366488066066|25|0.4241465952264264|1.2|TotalCurrentLiabilitiesChange,35
1770|10.60366488066066|25|0.4241465952264264|1.2|TotalCurrentLiabilitiesChange,35
1775|10.60366488066066|25|0.4241465952264264|1.2|TotalCurrentLiabilitiesChange,35
1780|10.60366488066066|25|0.4241465952264264|1.2|TotalCurrentLiabilitiesChange,35
1785|10.60366488066066|25|0.4241465952264264|1.2|TotalCurrentLiabilitiesChange,35
1790|10.60366488066066|25|0.4241465952264264|1.2|TotalCurrentLiabilitiesChange,35
1795|10.60366488066066|25|0.4241465952264264|1.2|TotalCurrentLiabilitiesChange,35
1800|10.60366488066066|25|0.4241465952264264|1.2|TotalCurrentLiabilitiesChange,35
1805|10.60366488066066|25|0.4241465952264264|1.2|TotalCurrentLiabilitiesChange,35
1810|10.60366488066066|25|0.4241465952264264|1.2|TotalCurrentLiabilitiesChange,35
1815|10.60366488066066|25|0.4241465952264264|1.2|TotalCurrentLiabilitiesChange,35
1820|10.60366488066066|25|0.4241465952264264|1.2|TotalCurrentLiabilitiesChange,35
1825|10.60366488066066|25|0.4241465952264264|1.2|TotalCurrentLiabilitiesChange,35
1830|10.60366488066066|25|0.4241465952264264|1.2|TotalCurrentLiabilitiesChange,35
1835|10.60366488066066|25|0.4241465952264264|1.2|TotalCurrentLiabilitiesChange,35
1840|10.60366488066066|25|0.4241465952264264|1.2|TotalCurrentLiabilitiesChange,35
1845|10.60366488066066|25|0.4241465952264264|1.2|TotalCurrentLiabilitiesChange,35
1850|10.60366488066066|25|0.4241465952264264|1.2|TotalCurrentLiabilitiesChange,35
1855|10.60366488066066|25|0.4241465952264264|1.2|TotalCurrentLiabilitiesChange,35
1860|10.60366488066066|25|0.4241465952264264|1.2|TotalCurrentLiabilitiesChange,35
1865|10.60366488066066|25|0.4241465952264264|1.2|TotalCurrentLiabilitiesChange,35
1870|10.60366488066066|25|0.4241465952264264|1.2|TotalCurrentLiabilitiesChange,35
1875|10.60366488066066|25|0.4241465952264264|1.2|TotalCurrentLiabilitiesChange,35
1880|10.60366488066066|25|0.4241465952264264|1.2|TotalCurrentLiabilitiesChange,35
1885|10.60366488066066|25|0.4241465952264264|1.2|TotalCurrentLiabilitiesChange,35
1890|10.60366488066066|25|0.4241465952264264|1.2|TotalCurrentLiabilitiesChange,35
1895|10.60366488066066|25|0.4241465952264264|1.2|TotalCurrentLiabilitiesChange,35
1900|10.60366488066066|25|0.4241465952264264|1.2|TotalCurrentLiabilitiesChange,35
1905|10.60366488066066|25|0.4241465952264264|1.2|TotalCurrentLiabilitiesChange,35
1910|10.60366488066066|25|0.4241465952264264|1.2|TotalCurrentLiabilitiesChange,35
1915|10.60366488066066|25|0.4241465952264264|1.2|TotalCurrentLiabilitiesChange,35
1920|10.60366488066066|25|0.4241465952264264|1.2|TotalCurrentLiabilitiesChange,35
1925|10.60366488066066|25|0.4241465952264264|1.2|TotalCurrentLiabilitiesChange,35
1930|10.60366488066066|25|0.4241465952264264|1.2|TotalCurrentLiabilitiesChange,35
1935|10.60366488066066|25|0.4241465952264264|1.2|TotalCurrentLiabilitiesChange,35
1940|10.60366488066066|25|0.4241465952264264|1.2|TotalCurrentLiabilitiesChange,35
1945|10.60366488066066|25|0.4241465952264264|1.2|TotalCurrentLiabilitiesChange,35
1950|10.60366488066066|25|0.4241465952264264|1.2|TotalCurrentLiabilitiesChange,35
1955|10.60366488066066|25|0.4241465952264264|1.2|TotalCurrentLiabilitiesChange,35
1960|10.60366488066066|25|0.4241465952264264|1.2|TotalCurrentLiabilitiesChange,35
1965|10.60366488066066|25|0.4241465952264264|1.2|TotalCurrentLiabilitiesChange,35
1970|10.60366488066066|25|0.4241465952264264|1.2|TotalCurrentLiabilitiesChange,35
1975|10.60366488066066|25|0.4241465952264264|1.2|TotalCurrentLiabilitiesChange,35
1980|10.60366488066066|25|0.4241465952264264|1.2|TotalCurrentLiabilitiesChange,35
1985|10.60366488066066|25|0.4241465952264264|1.2|TotalCurrentLiabilitiesChange,35
1990|10.60366488066066|25|0.4241465952264264|1.2|TotalCurrentLiabilitiesChange,35
1995|10.60366488066066|25|0.4241465952264264|1.2|TotalCurrentLiabilitiesChange,35
2000|10.60366488066066|25|0.4241465952264264|1.2|TotalCurrentLiabilitiesChange,35
