#########################################################
# Algorithm Parameters #
# Generations = 2000
# Population size = 100
# Resolution = 5
#########################################################
# Financial Parameters #
# Quarter = 4
# Crossover probabilities = 0.75 -> 0.25
# Mutation start probabilities = 0.9,0.0,0.6,0.5,0.6,0.9
# Mutation end probabilities = 0.4,0.4,0.1,0.1,0.1,0.4
######################################################### 
0|6.648896346495084|7|0.9498423352135834|1.5|ResearchDevelopmentChange,17
5|9.4595483120459|13|0.7276575624650692|1.0|GrossMarginChange,2
10|11.08064922437377|13|0.8523576326441362|1.0|OperatingMargin10,4
15|11.203121048029507|17|0.6590071204723239|1.0|GrossMarginChange,2
20|12.870284852013112|25|0.5148113940805245|1.0909090909090908|TotalCurrentLiabilities09,33
25|13.340121530272127|15|0.8893414353514751|1.1666666666666667|TotalCurrentLiabilities09,33
30|13.340121530272127|15|0.8893414353514751|1.1666666666666667|TotalCurrentLiabilities09,33
35|13.514091372921307|29|0.4660031507903899|1.0769230769230769|TotalCurrentAssetsChange,32
40|13.514091372921307|29|0.4660031507903899|1.0769230769230769|TotalCurrentAssetsChange,32
45|13.514091372921307|19|0.7112679669958583|1.2857142857142858|BookValuePerShare10,10
50|13.635451783980326|37|0.3685257238913602|1.6363636363636365|BookValuePerShare10,10
55|13.635451783980326|37|0.3685257238913602|1.6363636363636365|BookValuePerShare10,10
60|13.713257306363934|47|0.2917714320502965|1.4375|BookValuePerShare10,10
65|13.713257306363934|47|0.2917714320502965|1.4375|BookValuePerShare10,10
70|13.713257306363934|25|0.5485302922545574|1.0909090909090908|TotalCurrentLiabilities09,33
75|14.062546666547536|43|0.32703596898947757|1.5|SGAExpenses09,12
80|14.062546666547536|43|0.32703596898947757|1.5|SGAExpenses09,12
85|14.293745716947537|59|0.24226687655843285|1.8125|BookValuePerShare10,10
90|14.519160639088522|57|0.25472211647523724|1.6470588235294117|BookValuePerShare10,10
95|14.519160639088522|43|0.337654898583454|1.5|ReturnOnAssets09,18
100|14.519160639088522|43|0.337654898583454|1.5|ReturnOnAssets09,18
105|14.519160639088522|43|0.337654898583454|1.5|ReturnOnAssets09,18
110|14.583978204649178|73|0.1997805233513586|2.25|ResearchDevelopment10,16
115|14.583978204649178|63|0.23149171753411393|2.2142857142857144|ResearchDevelopment10,16
120|14.857628531675408|121|0.12279031844359842|3.3333333333333335|TotalCurrentLiabilities09,33
125|14.857628531675408|71|0.20926237368556913|1.9444444444444444|ResearchDevelopment10,16
130|16.392031359524587|123|0.13326854763841128|3.388888888888889|ResearchDevelopment10,16
135|16.392031359524587|99|0.1655760743386322|2.7222222222222223|TotalCurrentLiabilities09,33
140|16.392031359524587|89|0.18418012763510772|2.4444444444444446|ResearchDevelopment10,16
145|16.392031359524587|81|0.2023707575249949|2.2222222222222223|ResearchDevelopment10,16
150|16.392031359524587|81|0.2023707575249949|2.2222222222222223|ResearchDevelopment10,16
155|16.392031359524587|77|0.21288352414966996|2.111111111111111|TotalCurrentLiabilities09,33
160|16.392031359524587|67|0.24465718447051624|1.8333333333333333|SGAExpenses09,12
165|16.392031359524587|65|0.2521850978388398|1.5238095238095237|OperatingMargin10,4
170|16.392031359524587|61|0.26872182556597685|1.6666666666666667|BookValuePerShareChange,11
175|16.392031359524587|57|0.2875794975355191|2.1538461538461537|SGAExpenses09,12
180|16.392031359524587|57|0.2875794975355191|2.1538461538461537|SGAExpenses09,12
185|16.698388020140982|73|0.22874504137179427|1.894736842105263|SGAExpenses09,12
190|16.698388020140982|73|0.22874504137179427|1.894736842105263|SGAExpenses09,12
195|16.698388020140982|69|0.24200562348030408|1.7894736842105263|TotalCurrentLiabilities09,33
200|16.698388020140982|63|0.2650537780974759|1.4761904761904763|SGAExpenses09,12
205|16.698388020140982|51|0.3274193729439408|1.25|SGAExpenses09,12
210|16.698388020140982|51|0.3274193729439408|1.25|SGAExpenses09,12
215|16.698388020140982|49|0.340783428982469|1.3333333333333333|SGAExpenses09,12
220|16.802183547885246|61|0.275445631932545|1.4285714285714286|ReturnOnEquity10,22
225|16.802183547885246|59|0.284782771998055|1.380952380952381|OperatingMargin09,3
230|16.802183547885246|57|0.29477514996289905|1.4|ReturnOnEquity10,22
235|16.802183547885246|57|0.29477514996289905|1.4|ReturnOnEquity10,22
240|16.802183547885246|55|0.3054942463251863|1.2857142857142858|SGAExpenses09,12
245|16.802183547885246|51|0.32945457937029893|1.25|SGAExpenses09,12
250|16.802183547885246|51|0.32945457937029893|1.25|SGAExpenses09,12
255|16.802183547885246|51|0.32945457937029893|1.25|SGAExpenses09,12
260|16.802183547885246|49|0.34290170505888257|1.263157894736842|SGAExpenses09,12
265|16.802183547885246|47|0.3574932669762818|1.2105263157894737|SGAExpenses09,12
270|16.802183547885246|45|0.37338185661967216|1.4666666666666666|SGAExpenses09,12
275|16.802183547885246|45|0.37338185661967216|1.4666666666666666|SGAExpenses09,12
280|16.802183547885246|41|0.4098093548264694|1.1764705882352942|SGAExpenses09,12
285|16.802183547885246|41|0.4098093548264694|1.1764705882352942|SGAExpenses09,12
290|16.802183547885246|41|0.4098093548264694|1.1764705882352942|SGAExpenses09,12
295|16.802183547885246|41|0.4098093548264694|1.1764705882352942|SGAExpenses09,12
300|16.802183547885246|41|0.4098093548264694|1.1764705882352942|SGAExpenses09,12
305|16.802183547885246|37|0.4541130688617634|1.3846153846153846|SGAExpenses09,12
310|16.802183547885246|37|0.4541130688617634|1.3846153846153846|SGAExpenses09,12
315|16.802183547885246|37|0.4541130688617634|1.3846153846153846|SGAExpenses09,12
320|16.802183547885246|37|0.4541130688617634|1.3846153846153846|SGAExpenses09,12
325|16.802183547885246|37|0.4541130688617634|1.3846153846153846|SGAExpenses09,12
330|16.802183547885246|37|0.4541130688617634|1.3846153846153846|SGAExpenses09,12
335|16.802183547885246|37|0.4541130688617634|1.3846153846153846|SGAExpenses09,12
340|16.802183547885246|37|0.4541130688617634|1.3846153846153846|SGAExpenses09,12
345|16.802183547885246|37|0.4541130688617634|1.3846153846153846|SGAExpenses09,12
350|16.802183547885246|37|0.4541130688617634|1.3846153846153846|SGAExpenses09,12
355|16.802183547885246|35|0.4800623870824356|1.4166666666666667|GrossMargin10,1
360|16.802183547885246|35|0.4800623870824356|1.4166666666666667|GrossMargin10,1
365|16.802183547885246|35|0.4800623870824356|1.4166666666666667|GrossMargin10,1
370|16.802183547885246|35|0.4800623870824356|1.4166666666666667|GrossMargin10,1
375|16.802183547885246|35|0.4800623870824356|1.4166666666666667|GrossMargin10,1
380|16.802183547885246|35|0.4800623870824356|1.4166666666666667|GrossMargin10,1
385|16.802183547885246|35|0.4800623870824356|1.4166666666666667|GrossMargin10,1
390|16.802183547885246|35|0.4800623870824356|1.4166666666666667|GrossMargin10,1
395|16.802183547885246|35|0.4800623870824356|1.4166666666666667|GrossMargin10,1
400|16.802183547885246|35|0.4800623870824356|1.4166666666666667|GrossMargin10,1
405|16.802183547885246|33|0.5091570772086438|1.4545454545454546|GrossMargin10,1
410|16.802183547885246|33|0.5091570772086438|1.4545454545454546|GrossMargin10,1
415|16.802183547885246|33|0.5091570772086438|1.4545454545454546|GrossMargin10,1
420|16.802183547885246|33|0.5091570772086438|1.4545454545454546|GrossMargin10,1
425|16.802183547885246|33|0.5091570772086438|1.4545454545454546|GrossMargin10,1
430|16.802183547885246|33|0.5091570772086438|1.4545454545454546|GrossMargin10,1
435|16.802183547885246|33|0.5091570772086438|1.4545454545454546|GrossMargin10,1
440|16.802183547885246|33|0.5091570772086438|1.4545454545454546|GrossMargin10,1
445|16.802183547885246|33|0.5091570772086438|1.4545454545454546|GrossMargin10,1
450|16.802183547885246|33|0.5091570772086438|1.4545454545454546|GrossMargin10,1
455|16.802183547885246|33|0.5091570772086438|1.4545454545454546|GrossMargin10,1
460|16.802183547885246|33|0.5091570772086438|1.4545454545454546|GrossMargin10,1
465|16.802183547885246|31|0.542005920899524|1.6666666666666667|SGAExpenses09,12
470|16.802183547885246|31|0.542005920899524|1.6666666666666667|SGAExpenses09,12
475|16.802183547885246|31|0.542005920899524|1.6666666666666667|SGAExpenses09,12
480|16.802183547885246|31|0.542005920899524|1.6666666666666667|SGAExpenses09,12
485|16.802183547885246|31|0.542005920899524|1.6666666666666667|SGAExpenses09,12
490|16.802183547885246|31|0.542005920899524|1.6666666666666667|SGAExpenses09,12
495|16.802183547885246|31|0.542005920899524|1.6666666666666667|SGAExpenses09,12
500|16.802183547885246|31|0.542005920899524|1.6666666666666667|SGAExpenses09,12
505|16.802183547885246|31|0.542005920899524|1.6666666666666667|SGAExpenses09,12
510|16.802183547885246|29|0.5793856395822499|1.5555555555555556|GrossMargin10,1
515|16.802183547885246|29|0.5793856395822499|1.5555555555555556|GrossMargin10,1
520|16.802183547885246|29|0.5793856395822499|1.5555555555555556|GrossMargin10,1
525|16.802183547885246|27|0.6223030943661202|1.3|GrossMargin10,1
530|16.802183547885246|27|0.6223030943661202|1.3|GrossMargin10,1
535|16.802183547885246|27|0.6223030943661202|1.3|GrossMargin10,1
540|16.802183547885246|27|0.6223030943661202|1.3|GrossMargin10,1
545|16.802183547885246|27|0.6223030943661202|1.3|GrossMargin10,1
550|16.802183547885246|27|0.6223030943661202|1.3|GrossMargin10,1
555|16.802183547885246|27|0.6223030943661202|1.3|GrossMargin10,1
560|16.802183547885246|27|0.6223030943661202|1.3|GrossMargin10,1
565|16.802183547885246|27|0.6223030943661202|1.3|GrossMargin10,1
570|16.802183547885246|27|0.6223030943661202|1.3|GrossMargin10,1
575|16.802183547885246|25|0.6720873419154099|1.2|GrossMargin10,1
580|16.802183547885246|25|0.6720873419154099|1.2|GrossMargin10,1
585|16.802183547885246|25|0.6720873419154099|1.2|GrossMargin10,1
590|16.802183547885246|25|0.6720873419154099|1.2|GrossMargin10,1
595|16.802183547885246|25|0.6720873419154099|1.2|GrossMargin10,1
600|16.802183547885246|25|0.6720873419154099|1.2|GrossMargin10,1
605|16.802183547885246|23|0.7305297194732716|1.1|SGAExpenses09,12
610|16.802183547885246|23|0.7305297194732716|1.1|SGAExpenses09,12
615|16.802183547885246|23|0.7305297194732716|1.1|SGAExpenses09,12
620|16.802183547885246|23|0.7305297194732716|1.1|SGAExpenses09,12
625|16.802183547885246|23|0.7305297194732716|1.1|SGAExpenses09,12
630|16.802183547885246|23|0.7305297194732716|1.1|SGAExpenses09,12
635|16.802183547885246|23|0.7305297194732716|1.1|SGAExpenses09,12
640|16.802183547885246|23|0.7305297194732716|1.1|SGAExpenses09,12
645|16.802183547885246|23|0.7305297194732716|1.1|SGAExpenses09,12
650|16.802183547885246|23|0.7305297194732716|1.1|SGAExpenses09,12
655|16.802183547885246|23|0.7305297194732716|1.1|SGAExpenses09,12
660|16.802183547885246|21|0.800103978470726|1.1111111111111112|SGAExpenses09,12
665|16.802183547885246|21|0.800103978470726|1.1111111111111112|SGAExpenses09,12
670|16.802183547885246|21|0.800103978470726|1.1111111111111112|SGAExpenses09,12
675|16.802183547885246|21|0.800103978470726|1.1111111111111112|SGAExpenses09,12
680|16.802183547885246|21|0.800103978470726|1.1111111111111112|SGAExpenses09,12
685|16.802183547885246|21|0.800103978470726|1.1111111111111112|SGAExpenses09,12
690|16.802183547885246|21|0.800103978470726|1.1111111111111112|SGAExpenses09,12
695|16.802183547885246|21|0.800103978470726|1.1111111111111112|SGAExpenses09,12
700|16.802183547885246|21|0.800103978470726|1.1111111111111112|SGAExpenses09,12
705|16.802183547885246|21|0.800103978470726|1.1111111111111112|SGAExpenses09,12
710|16.802183547885246|21|0.800103978470726|1.1111111111111112|SGAExpenses09,12
715|16.802183547885246|21|0.800103978470726|1.1111111111111112|SGAExpenses09,12
720|16.802183547885246|21|0.800103978470726|1.1111111111111112|SGAExpenses09,12
725|16.802183547885246|21|0.800103978470726|1.1111111111111112|SGAExpenses09,12
730|16.802183547885246|21|0.800103978470726|1.1111111111111112|SGAExpenses09,12
735|16.802183547885246|21|0.800103978470726|1.1111111111111112|SGAExpenses09,12
740|16.802183547885246|21|0.800103978470726|1.1111111111111112|SGAExpenses09,12
745|16.802183547885246|21|0.800103978470726|1.1111111111111112|SGAExpenses09,12
750|16.802183547885246|21|0.800103978470726|1.1111111111111112|SGAExpenses09,12
755|16.802183547885246|21|0.800103978470726|1.1111111111111112|SGAExpenses09,12
760|16.802183547885246|21|0.800103978470726|1.1111111111111112|SGAExpenses09,12
765|16.802183547885246|21|0.800103978470726|1.1111111111111112|SGAExpenses09,12
770|16.802183547885246|21|0.800103978470726|1.1111111111111112|SGAExpenses09,12
775|16.802183547885246|21|0.800103978470726|1.1111111111111112|SGAExpenses09,12
780|16.802183547885246|21|0.800103978470726|1.1111111111111112|SGAExpenses09,12
785|16.802183547885246|21|0.800103978470726|1.1111111111111112|SGAExpenses09,12
790|16.802183547885246|21|0.800103978470726|1.1111111111111112|SGAExpenses09,12
795|16.802183547885246|21|0.800103978470726|1.1111111111111112|SGAExpenses09,12
800|16.802183547885246|21|0.800103978470726|1.1111111111111112|SGAExpenses09,12
805|16.802183547885246|21|0.800103978470726|1.1111111111111112|SGAExpenses09,12
810|16.802183547885246|19|0.8843254498886971|1.0|GrossMargin10,1
815|16.802183547885246|19|0.8843254498886971|1.0|GrossMargin10,1
820|16.802183547885246|19|0.8843254498886971|1.0|GrossMargin10,1
825|16.802183547885246|19|0.8843254498886971|1.0|GrossMargin10,1
830|16.802183547885246|19|0.8843254498886971|1.0|GrossMargin10,1
835|16.802183547885246|19|0.8843254498886971|1.0|GrossMargin10,1
840|16.802183547885246|19|0.8843254498886971|1.0|GrossMargin10,1
845|16.802183547885246|19|0.8843254498886971|1.0|GrossMargin10,1
850|16.802183547885246|19|0.8843254498886971|1.0|GrossMargin10,1
855|16.802183547885246|19|0.8843254498886971|1.0|GrossMargin10,1
860|16.802183547885246|19|0.8843254498886971|1.0|GrossMargin10,1
865|16.802183547885246|19|0.8843254498886971|1.0|GrossMargin10,1
870|16.802183547885246|19|0.8843254498886971|1.0|GrossMargin10,1
875|16.802183547885246|19|0.8843254498886971|1.0|GrossMargin10,1
880|16.802183547885246|19|0.8843254498886971|1.0|GrossMargin10,1
885|16.802183547885246|19|0.8843254498886971|1.0|GrossMargin10,1
890|16.802183547885246|19|0.8843254498886971|1.0|GrossMargin10,1
895|16.802183547885246|19|0.8843254498886971|1.0|GrossMargin10,1
900|16.802183547885246|19|0.8843254498886971|1.0|GrossMargin10,1
905|16.802183547885246|19|0.8843254498886971|1.0|GrossMargin10,1
910|16.802183547885246|19|0.8843254498886971|1.0|GrossMargin10,1
915|16.802183547885246|19|0.8843254498886971|1.0|GrossMargin10,1
920|16.802183547885246|19|0.8843254498886971|1.0|GrossMargin10,1
925|16.802183547885246|19|0.8843254498886971|1.0|GrossMargin10,1
930|16.802183547885246|19|0.8843254498886971|1.0|GrossMargin10,1
935|16.802183547885246|19|0.8843254498886971|1.0|GrossMargin10,1
940|16.802183547885246|19|0.8843254498886971|1.0|GrossMargin10,1
945|16.802183547885246|19|0.8843254498886971|1.0|GrossMargin10,1
950|16.802183547885246|19|0.8843254498886971|1.0|GrossMargin10,1
955|16.802183547885246|19|0.8843254498886971|1.0|GrossMargin10,1
960|16.802183547885246|19|0.8843254498886971|1.0|GrossMargin10,1
965|16.802183547885246|19|0.8843254498886971|1.0|GrossMargin10,1
970|16.802183547885246|19|0.8843254498886971|1.0|GrossMargin10,1
975|16.802183547885246|19|0.8843254498886971|1.0|GrossMargin10,1
980|16.802183547885246|19|0.8843254498886971|1.0|GrossMargin10,1
985|16.802183547885246|19|0.8843254498886971|1.0|GrossMargin10,1
990|16.802183547885246|19|0.8843254498886971|1.0|GrossMargin10,1
995|16.802183547885246|19|0.8843254498886971|1.0|GrossMargin10,1
1000|16.802183547885246|19|0.8843254498886971|1.0|GrossMargin10,1
1005|16.802183547885246|19|0.8843254498886971|1.0|GrossMargin10,1
1010|16.802183547885246|19|0.8843254498886971|1.0|GrossMargin10,1
1015|16.802183547885246|19|0.8843254498886971|1.0|GrossMargin10,1
1020|16.802183547885246|19|0.8843254498886971|1.0|GrossMargin10,1
1025|16.802183547885246|19|0.8843254498886971|1.0|GrossMargin10,1
1030|16.802183547885246|19|0.8843254498886971|1.0|GrossMargin10,1
1035|16.802183547885246|19|0.8843254498886971|1.0|GrossMargin10,1
1040|16.802183547885246|19|0.8843254498886971|1.0|GrossMargin10,1
1045|16.802183547885246|19|0.8843254498886971|1.0|GrossMargin10,1
1050|16.802183547885246|19|0.8843254498886971|1.0|GrossMargin10,1
1055|16.802183547885246|19|0.8843254498886971|1.0|GrossMargin10,1
1060|16.802183547885246|19|0.8843254498886971|1.0|GrossMargin10,1
1065|16.802183547885246|19|0.8843254498886971|1.0|GrossMargin10,1
1070|16.802183547885246|19|0.8843254498886971|1.0|GrossMargin10,1
1075|16.802183547885246|19|0.8843254498886971|1.0|GrossMargin10,1
1080|16.802183547885246|19|0.8843254498886971|1.0|GrossMargin10,1
1085|16.802183547885246|19|0.8843254498886971|1.0|GrossMargin10,1
1090|16.802183547885246|19|0.8843254498886971|1.0|GrossMargin10,1
1095|16.802183547885246|19|0.8843254498886971|1.0|GrossMargin10,1
1100|16.802183547885246|19|0.8843254498886971|1.0|GrossMargin10,1
1105|16.802183547885246|19|0.8843254498886971|1.0|GrossMargin10,1
1110|16.802183547885246|19|0.8843254498886971|1.0|GrossMargin10,1
1115|16.802183547885246|19|0.8843254498886971|1.0|GrossMargin10,1
1120|16.802183547885246|19|0.8843254498886971|1.0|GrossMargin10,1
1125|16.802183547885246|19|0.8843254498886971|1.0|GrossMargin10,1
1130|16.802183547885246|19|0.8843254498886971|1.0|GrossMargin10,1
1135|16.802183547885246|19|0.8843254498886971|1.0|GrossMargin10,1
1140|16.802183547885246|19|0.8843254498886971|1.0|GrossMargin10,1
1145|16.802183547885246|19|0.8843254498886971|1.0|GrossMargin10,1
1150|16.802183547885246|19|0.8843254498886971|1.0|GrossMargin10,1
1155|16.802183547885246|19|0.8843254498886971|1.0|GrossMargin10,1
1160|16.802183547885246|19|0.8843254498886971|1.0|GrossMargin10,1
1165|16.802183547885246|19|0.8843254498886971|1.0|GrossMargin10,1
1170|16.802183547885246|19|0.8843254498886971|1.0|GrossMargin10,1
1175|16.802183547885246|19|0.8843254498886971|1.0|GrossMargin10,1
1180|16.802183547885246|19|0.8843254498886971|1.0|GrossMargin10,1
1185|16.802183547885246|19|0.8843254498886971|1.0|GrossMargin10,1
1190|16.802183547885246|19|0.8843254498886971|1.0|GrossMargin10,1
1195|16.802183547885246|19|0.8843254498886971|1.0|GrossMargin10,1
1200|16.802183547885246|19|0.8843254498886971|1.0|GrossMargin10,1
1205|16.802183547885246|19|0.8843254498886971|1.0|GrossMargin10,1
1210|16.802183547885246|19|0.8843254498886971|1.0|GrossMargin10,1
1215|16.802183547885246|19|0.8843254498886971|1.0|GrossMargin10,1
1220|16.802183547885246|19|0.8843254498886971|1.0|GrossMargin10,1
1225|16.802183547885246|19|0.8843254498886971|1.0|GrossMargin10,1
1230|16.802183547885246|19|0.8843254498886971|1.0|GrossMargin10,1
1235|16.802183547885246|19|0.8843254498886971|1.0|GrossMargin10,1
1240|16.802183547885246|19|0.8843254498886971|1.0|GrossMargin10,1
1245|16.802183547885246|19|0.8843254498886971|1.0|GrossMargin10,1
1250|16.802183547885246|19|0.8843254498886971|1.0|GrossMargin10,1
1255|16.802183547885246|19|0.8843254498886971|1.0|GrossMargin10,1
1260|16.802183547885246|19|0.8843254498886971|1.0|GrossMargin10,1
1265|16.802183547885246|19|0.8843254498886971|1.0|GrossMargin10,1
1270|16.802183547885246|19|0.8843254498886971|1.0|GrossMargin10,1
1275|16.802183547885246|19|0.8843254498886971|1.0|GrossMargin10,1
1280|16.802183547885246|19|0.8843254498886971|1.0|GrossMargin10,1
1285|16.802183547885246|19|0.8843254498886971|1.0|GrossMargin10,1
1290|16.802183547885246|19|0.8843254498886971|1.0|GrossMargin10,1
1295|16.802183547885246|19|0.8843254498886971|1.0|GrossMargin10,1
1300|16.802183547885246|19|0.8843254498886971|1.0|GrossMargin10,1
1305|16.802183547885246|19|0.8843254498886971|1.0|GrossMargin10,1
1310|16.802183547885246|19|0.8843254498886971|1.0|GrossMargin10,1
1315|16.802183547885246|19|0.8843254498886971|1.0|GrossMargin10,1
1320|16.802183547885246|19|0.8843254498886971|1.0|GrossMargin10,1
1325|16.802183547885246|19|0.8843254498886971|1.0|GrossMargin10,1
1330|16.802183547885246|19|0.8843254498886971|1.0|GrossMargin10,1
1335|16.802183547885246|19|0.8843254498886971|1.0|GrossMargin10,1
1340|16.802183547885246|19|0.8843254498886971|1.0|GrossMargin10,1
1345|16.802183547885246|19|0.8843254498886971|1.0|GrossMargin10,1
1350|16.802183547885246|19|0.8843254498886971|1.0|GrossMargin10,1
1355|16.802183547885246|19|0.8843254498886971|1.0|GrossMargin10,1
1360|16.802183547885246|19|0.8843254498886971|1.0|GrossMargin10,1
1365|16.802183547885246|19|0.8843254498886971|1.0|GrossMargin10,1
1370|16.802183547885246|19|0.8843254498886971|1.0|GrossMargin10,1
1375|16.802183547885246|19|0.8843254498886971|1.0|GrossMargin10,1
1380|16.802183547885246|19|0.8843254498886971|1.0|GrossMargin10,1
1385|16.802183547885246|19|0.8843254498886971|1.0|GrossMargin10,1
1390|16.802183547885246|19|0.8843254498886971|1.0|GrossMargin10,1
1395|16.802183547885246|19|0.8843254498886971|1.0|GrossMargin10,1
1400|16.802183547885246|19|0.8843254498886971|1.0|GrossMargin10,1
1405|16.802183547885246|19|0.8843254498886971|1.0|GrossMargin10,1
1410|16.802183547885246|19|0.8843254498886971|1.0|GrossMargin10,1
1415|16.802183547885246|19|0.8843254498886971|1.0|GrossMargin10,1
1420|16.802183547885246|19|0.8843254498886971|1.0|GrossMargin10,1
1425|16.802183547885246|19|0.8843254498886971|1.0|GrossMargin10,1
1430|16.802183547885246|19|0.8843254498886971|1.0|GrossMargin10,1
1435|16.802183547885246|19|0.8843254498886971|1.0|GrossMargin10,1
1440|16.802183547885246|19|0.8843254498886971|1.0|GrossMargin10,1
1445|16.802183547885246|19|0.8843254498886971|1.0|GrossMargin10,1
1450|16.802183547885246|19|0.8843254498886971|1.0|GrossMargin10,1
1455|16.802183547885246|19|0.8843254498886971|1.0|GrossMargin10,1
1460|16.802183547885246|19|0.8843254498886971|1.0|GrossMargin10,1
1465|16.802183547885246|19|0.8843254498886971|1.0|GrossMargin10,1
1470|16.802183547885246|19|0.8843254498886971|1.0|GrossMargin10,1
1475|16.802183547885246|19|0.8843254498886971|1.0|GrossMargin10,1
1480|16.802183547885246|19|0.8843254498886971|1.0|GrossMargin10,1
1485|16.802183547885246|19|0.8843254498886971|1.0|GrossMargin10,1
1490|16.802183547885246|19|0.8843254498886971|1.0|GrossMargin10,1
1495|16.802183547885246|19|0.8843254498886971|1.0|GrossMargin10,1
1500|16.802183547885246|19|0.8843254498886971|1.0|GrossMargin10,1
1505|16.802183547885246|19|0.8843254498886971|1.0|GrossMargin10,1
1510|16.802183547885246|19|0.8843254498886971|1.0|GrossMargin10,1
1515|16.802183547885246|19|0.8843254498886971|1.0|GrossMargin10,1
1520|16.802183547885246|19|0.8843254498886971|1.0|GrossMargin10,1
1525|16.802183547885246|19|0.8843254498886971|1.0|GrossMargin10,1
1530|16.802183547885246|19|0.8843254498886971|1.0|GrossMargin10,1
1535|16.802183547885246|19|0.8843254498886971|1.0|GrossMargin10,1
1540|16.802183547885246|19|0.8843254498886971|1.0|GrossMargin10,1
1545|16.802183547885246|19|0.8843254498886971|1.0|GrossMargin10,1
1550|16.802183547885246|19|0.8843254498886971|1.0|GrossMargin10,1
1555|16.802183547885246|19|0.8843254498886971|1.0|GrossMargin10,1
1560|16.802183547885246|19|0.8843254498886971|1.0|GrossMargin10,1
1565|16.802183547885246|19|0.8843254498886971|1.0|GrossMargin10,1
1570|16.802183547885246|19|0.8843254498886971|1.0|GrossMargin10,1
1575|16.802183547885246|19|0.8843254498886971|1.0|GrossMargin10,1
1580|16.802183547885246|19|0.8843254498886971|1.0|GrossMargin10,1
1585|16.802183547885246|19|0.8843254498886971|1.0|GrossMargin10,1
1590|16.802183547885246|19|0.8843254498886971|1.0|GrossMargin10,1
1595|16.802183547885246|19|0.8843254498886971|1.0|GrossMargin10,1
1600|16.802183547885246|19|0.8843254498886971|1.0|GrossMargin10,1
1605|16.802183547885246|19|0.8843254498886971|1.0|GrossMargin10,1
1610|16.802183547885246|19|0.8843254498886971|1.0|GrossMargin10,1
1615|16.802183547885246|19|0.8843254498886971|1.0|GrossMargin10,1
1620|16.802183547885246|19|0.8843254498886971|1.0|GrossMargin10,1
1625|16.802183547885246|19|0.8843254498886971|1.0|GrossMargin10,1
1630|16.802183547885246|19|0.8843254498886971|1.0|GrossMargin10,1
1635|16.802183547885246|19|0.8843254498886971|1.0|GrossMargin10,1
1640|16.802183547885246|19|0.8843254498886971|1.0|GrossMargin10,1
1645|16.802183547885246|19|0.8843254498886971|1.0|GrossMargin10,1
1650|16.802183547885246|19|0.8843254498886971|1.0|GrossMargin10,1
1655|16.802183547885246|19|0.8843254498886971|1.0|GrossMargin10,1
1660|16.802183547885246|19|0.8843254498886971|1.0|GrossMargin10,1
1665|16.802183547885246|19|0.8843254498886971|1.0|GrossMargin10,1
1670|16.802183547885246|19|0.8843254498886971|1.0|GrossMargin10,1
1675|16.802183547885246|19|0.8843254498886971|1.0|GrossMargin10,1
1680|16.802183547885246|19|0.8843254498886971|1.0|GrossMargin10,1
1685|16.802183547885246|19|0.8843254498886971|1.0|GrossMargin10,1
1690|16.802183547885246|19|0.8843254498886971|1.0|GrossMargin10,1
1695|16.802183547885246|19|0.8843254498886971|1.0|GrossMargin10,1
1700|16.802183547885246|19|0.8843254498886971|1.0|GrossMargin10,1
1705|16.802183547885246|19|0.8843254498886971|1.0|GrossMargin10,1
1710|16.802183547885246|19|0.8843254498886971|1.0|GrossMargin10,1
1715|16.802183547885246|19|0.8843254498886971|1.0|GrossMargin10,1
1720|16.802183547885246|19|0.8843254498886971|1.0|GrossMargin10,1
1725|16.802183547885246|19|0.8843254498886971|1.0|GrossMargin10,1
1730|16.802183547885246|19|0.8843254498886971|1.0|GrossMargin10,1
1735|16.802183547885246|19|0.8843254498886971|1.0|GrossMargin10,1
1740|16.802183547885246|19|0.8843254498886971|1.0|GrossMargin10,1
1745|16.802183547885246|19|0.8843254498886971|1.0|GrossMargin10,1
1750|16.802183547885246|19|0.8843254498886971|1.0|GrossMargin10,1
1755|16.802183547885246|19|0.8843254498886971|1.0|GrossMargin10,1
1760|16.802183547885246|19|0.8843254498886971|1.0|GrossMargin10,1
1765|16.802183547885246|19|0.8843254498886971|1.0|GrossMargin10,1
1770|16.802183547885246|19|0.8843254498886971|1.0|GrossMargin10,1
1775|16.802183547885246|19|0.8843254498886971|1.0|GrossMargin10,1
1780|16.802183547885246|19|0.8843254498886971|1.0|GrossMargin10,1
1785|16.802183547885246|19|0.8843254498886971|1.0|GrossMargin10,1
1790|16.802183547885246|19|0.8843254498886971|1.0|GrossMargin10,1
1795|16.802183547885246|19|0.8843254498886971|1.0|GrossMargin10,1
1800|16.802183547885246|19|0.8843254498886971|1.0|GrossMargin10,1
1805|16.802183547885246|19|0.8843254498886971|1.0|GrossMargin10,1
1810|16.802183547885246|19|0.8843254498886971|1.0|GrossMargin10,1
1815|16.802183547885246|19|0.8843254498886971|1.0|GrossMargin10,1
1820|16.802183547885246|19|0.8843254498886971|1.0|GrossMargin10,1
1825|16.802183547885246|19|0.8843254498886971|1.0|GrossMargin10,1
1830|16.802183547885246|19|0.8843254498886971|1.0|GrossMargin10,1
1835|16.802183547885246|19|0.8843254498886971|1.0|GrossMargin10,1
1840|16.802183547885246|19|0.8843254498886971|1.0|GrossMargin10,1
1845|16.802183547885246|19|0.8843254498886971|1.0|GrossMargin10,1
1850|16.802183547885246|19|0.8843254498886971|1.0|GrossMargin10,1
1855|16.802183547885246|19|0.8843254498886971|1.0|GrossMargin10,1
1860|16.802183547885246|19|0.8843254498886971|1.0|GrossMargin10,1
1865|16.802183547885246|19|0.8843254498886971|1.0|GrossMargin10,1
1870|16.802183547885246|19|0.8843254498886971|1.0|GrossMargin10,1
1875|16.802183547885246|19|0.8843254498886971|1.0|GrossMargin10,1
1880|16.802183547885246|19|0.8843254498886971|1.0|GrossMargin10,1
1885|16.802183547885246|19|0.8843254498886971|1.0|GrossMargin10,1
1890|16.802183547885246|19|0.8843254498886971|1.0|GrossMargin10,1
1895|16.802183547885246|19|0.8843254498886971|1.0|GrossMargin10,1
1900|16.802183547885246|19|0.8843254498886971|1.0|GrossMargin10,1
1905|16.802183547885246|19|0.8843254498886971|1.0|GrossMargin10,1
1910|16.802183547885246|19|0.8843254498886971|1.0|GrossMargin10,1
1915|16.802183547885246|19|0.8843254498886971|1.0|GrossMargin10,1
1920|16.802183547885246|19|0.8843254498886971|1.0|GrossMargin10,1
1925|16.802183547885246|19|0.8843254498886971|1.0|GrossMargin10,1
1930|16.802183547885246|19|0.8843254498886971|1.0|GrossMargin10,1
1935|16.802183547885246|19|0.8843254498886971|1.0|GrossMargin10,1
1940|16.802183547885246|19|0.8843254498886971|1.0|GrossMargin10,1
1945|16.802183547885246|19|0.8843254498886971|1.0|GrossMargin10,1
1950|16.802183547885246|19|0.8843254498886971|1.0|GrossMargin10,1
1955|16.802183547885246|19|0.8843254498886971|1.0|GrossMargin10,1
1960|16.802183547885246|19|0.8843254498886971|1.0|GrossMargin10,1
1965|16.802183547885246|19|0.8843254498886971|1.0|GrossMargin10,1
1970|16.802183547885246|19|0.8843254498886971|1.0|GrossMargin10,1
1975|16.802183547885246|19|0.8843254498886971|1.0|GrossMargin10,1
1980|16.802183547885246|19|0.8843254498886971|1.0|GrossMargin10,1
1985|16.802183547885246|19|0.8843254498886971|1.0|GrossMargin10,1
1990|16.802183547885246|19|0.8843254498886971|1.0|GrossMargin10,1
1995|16.802183547885246|19|0.8843254498886971|1.0|GrossMargin10,1
2000|16.802183547885246|19|0.8843254498886971|1.0|GrossMargin10,1
