#########################################################
# Algorithm Parameters #
# Generations = 2000
# Population size = 100
# Resolution = 5
#########################################################
# Financial Parameters #
# Quarter = 4
# Crossover probabilities = 0.75 -> 0.25
# Mutation start probabilities = 0.9,0.0,0.6,0.5,0.6,0.9
# Mutation end probabilities = 0.4,0.4,0.1,0.1,0.1,0.4
######################################################### 
0|8.572923105573775|7|1.2247033007962536|1.0|GrossMargin09,0
5|10.278483236344258|13|0.790652556641866|1.5|GrossMarginChange,2
10|10.406131625760654|31|0.33568166534711785|1.0714285714285714|CapExSales10,28
15|10.957264798999999|15|0.7304843199333333|1.1666666666666667|GrossMarginChange,2
20|12.312307106436062|33|0.37310021534654736|1.1428571428571428|CapExSales10,28
25|13.396028461324587|49|0.27338833594539974|1.6|OperatingMargin09,3
30|13.396028461324587|41|0.32673240149572164|1.25|ReturnOnAssets09,18
35|14.142437308022943|49|0.28862116955148864|1.6|EarningsPerShare10,7
40|14.552012218642618|43|0.3384188888056423|1.2352941176470589|SGAExpenses09,12
45|14.673372629701635|85|0.17262791329060748|2.625|BookValuePerShare10,10
50|15.008626191183602|75|0.20011501588244804|2.0555555555555554|TotalCurrentAssetsChange,32
55|15.021398393580323|55|0.2731163344287332|1.4210526315789473|TotalCurrentAssetsChange,32
60|15.35791555136721|99|0.1551304601148203|2.7222222222222223|TotalCurrentAssetsChange,32
65|15.547235808727866|109|0.14263519090576024|2.4545454545454546|TotalCurrentAssetsChange,32
70|15.733413785347539|109|0.1443432457371334|2.25|TotalCurrentAssetsChange,32
75|15.733413785347539|109|0.1443432457371334|2.25|TotalCurrentAssetsChange,32
80|15.769508450127866|111|0.14206764369484565|3.0555555555555554|TotalCurrentAssetsChange,32
85|15.769508450127866|111|0.14206764369484565|3.0555555555555554|TotalCurrentAssetsChange,32
90|15.769508450127866|85|0.1855236288250337|2.1|EarningsPerShare10,7
95|15.769508450127866|71|0.22210575281870235|1.75|TotalCurrentAssetsChange,32
100|15.769508450127866|61|0.2585165319693093|1.6666666666666667|TotalCurrentAssetsChange,32
105|15.847313972511476|67|0.2365270742165892|1.9411764705882353|TotalCurrentAssetsChange,32
110|15.902245327055732|63|0.2524165924929481|1.55|ReturnOnAssets09,18
115|15.902245327055732|61|0.26069254634517597|1.7647058823529411|CapExSalesChange,29
120|15.902245327055732|57|0.27898676012378476|1.5555555555555556|ReturnOnAssets09,18
125|15.902245327055732|55|0.2891317332191951|1.588235294117647|EarningsPerShare10,7
130|16.215440022459013|79|0.2052587344615065|2.0526315789473686|CapExSalesChange,29
135|16.215440022459013|73|0.22212931537615088|1.8|TotalCurrentAssetsChange,32
140|16.215440022459013|73|0.22212931537615088|1.8|TotalCurrentAssetsChange,32
145|16.215440022459013|67|0.2420214928725226|1.9411764705882353|ReturnOnAssets09,18
150|16.215440022459013|61|0.2658268856140822|2.0|EarningsPerShare10,7
155|16.34913614579344|87|0.18792110512406254|2.0476190476190474|TotalCurrentAssetsChange,32
160|16.34913614579344|81|0.2018411869851042|1.9047619047619047|EarningsPerShare10,7
165|16.34913614579344|63|0.25951009755227683|1.7222222222222223|SGAExpenses10,13
170|16.34913614579344|63|0.25951009755227683|1.7222222222222223|SGAExpenses10,13
175|16.34913614579344|59|0.27710400247107525|1.5263157894736843|EarningsPerShare09,6
180|16.34913614579344|55|0.297257020832608|1.4210526315789473|EarningsPerShare09,6
185|16.34913614579344|55|0.297257020832608|1.4210526315789473|EarningsPerShare09,6
190|16.34913614579344|55|0.297257020832608|1.4210526315789473|EarningsPerShare09,6
195|16.34913614579344|43|0.3802124685068242|1.2352941176470589|CurrentRatioChange,38
200|16.34913614579344|43|0.3802124685068242|1.2352941176470589|CurrentRatioChange,38
205|16.34913614579344|43|0.3802124685068242|1.2352941176470589|CurrentRatioChange,38
210|16.34913614579344|43|0.3802124685068242|1.2352941176470589|CurrentRatioChange,38
215|16.362768545459012|47|0.3481440116055109|1.2105263157894737|ReturnOnAssets09,18
220|16.802385086386884|81|0.2074368529183566|2.0|SGAExpenses09,12
225|16.981879587911475|115|0.14766851815575197|2.85|QuickRatio09,39
230|16.981879587911475|53|0.32041282241342406|1.368421052631579|GrossMargin09,0
235|17.103239998970494|117|0.14618153845273926|2.761904761904762|QuickRatio09,39
240|17.103239998970494|117|0.14618153845273926|2.761904761904762|QuickRatio09,39
245|17.103239998970494|93|0.18390580644054294|2.1904761904761907|QuickRatio09,39
250|17.328654921111475|157|0.11037359822363997|3.25|QuickRatioChange,41
255|17.328654921111475|97|0.1786459270217678|2.1818181818181817|QuickRatio09,39
260|17.328654921111475|97|0.1786459270217678|2.1818181818181817|QuickRatio09,39
265|17.41263413625574|137|0.12709951924274263|2.5185185185185186|QuickRatioChange,41
270|17.41263413625574|137|0.12709951924274263|2.5185185185185186|QuickRatioChange,41
275|17.41263413625574|99|0.17588519329551253|2.227272727272727|QuickRatio09,39
280|17.41263413625574|99|0.17588519329551253|2.227272727272727|QuickRatio09,39
285|17.41263413625574|99|0.17588519329551253|2.227272727272727|QuickRatio09,39
290|17.41263413625574|99|0.17588519329551253|2.227272727272727|QuickRatio09,39
295|17.41263413625574|99|0.17588519329551253|2.227272727272727|QuickRatio09,39
300|17.594235186383607|97|0.18138386790086192|2.1818181818181817|QuickRatio09,39
305|17.594235186383607|87|0.20223258834923685|2.0476190476190474|QuickRatio09,39
310|17.594235186383607|87|0.20223258834923685|2.0476190476190474|QuickRatio09,39
315|17.594235186383607|87|0.20223258834923685|2.0476190476190474|QuickRatio09,39
320|17.594235186383607|83|0.21197873718534466|2.05|QuickRatio09,39
325|17.594235186383607|83|0.21197873718534466|2.05|QuickRatio09,39
330|17.594235186383607|77|0.22849656086212475|2.0|QuickRatio09,39
335|17.594235186383607|73|0.24101692036141928|1.7142857142857142|QuickRatio09,39
340|17.594235186383607|71|0.2478061293856846|1.8421052631578947|QuickRatio09,39
345|17.594235186383607|71|0.2478061293856846|1.8421052631578947|QuickRatio09,39
350|17.594235186383607|71|0.2478061293856846|1.8421052631578947|QuickRatio09,39
355|17.594235186383607|69|0.25498891574468996|1.7894736842105263|SGAExpenses09,12
360|17.594235186383607|67|0.26260052516990456|1.736842105263158|SGAExpenses09,12
365|17.594235186383607|67|0.26260052516990456|1.736842105263158|SGAExpenses09,12
370|17.594235186383607|67|0.26260052516990456|1.736842105263158|SGAExpenses09,12
375|17.594235186383607|67|0.26260052516990456|1.736842105263158|SGAExpenses09,12
380|17.594235186383607|65|0.27068054132897856|1.6842105263157894|SGAExpenses09,12
385|17.594235186383607|65|0.27068054132897856|1.6842105263157894|SGAExpenses09,12
390|17.594235186383607|65|0.27068054132897856|1.6842105263157894|SGAExpenses09,12
395|17.594235186383607|61|0.2884300850226821|1.7647058823529411|SGAExpenses09,12
400|17.594235186383607|61|0.2884300850226821|1.7647058823529411|SGAExpenses09,12
405|17.594235186383607|61|0.2884300850226821|1.7647058823529411|SGAExpenses09,12
410|17.594235186383607|61|0.2884300850226821|1.7647058823529411|SGAExpenses09,12
415|17.594235186383607|61|0.2884300850226821|1.7647058823529411|SGAExpenses09,12
420|17.594235186383607|61|0.2884300850226821|1.7647058823529411|SGAExpenses09,12
425|17.594235186383607|59|0.2982073760404001|1.9333333333333333|QuickRatio09,39
430|17.594235186383607|59|0.2982073760404001|1.9333333333333333|QuickRatio09,39
435|17.594235186383607|59|0.2982073760404001|1.9333333333333333|QuickRatio09,39
440|17.594235186383607|51|0.3449850036545805|1.6666666666666667|SGAExpenses09,12
445|17.594235186383607|51|0.3449850036545805|1.6666666666666667|SGAExpenses09,12
450|17.594235186383607|49|0.35906602421191036|1.5|SGAExpenses09,12
455|17.594235186383607|49|0.35906602421191036|1.5|SGAExpenses09,12
460|17.594235186383607|49|0.35906602421191036|1.5|SGAExpenses09,12
465|17.594235186383607|49|0.35906602421191036|1.5|SGAExpenses09,12
470|17.594235186383607|49|0.35906602421191036|1.5|SGAExpenses09,12
475|17.80022896025902|49|0.3632699787807963|1.6|CapExSalesChange,29
480|17.80022896025902|49|0.3632699787807963|1.6|CapExSalesChange,29
485|17.80022896025902|49|0.3632699787807963|1.6|CapExSalesChange,29
490|17.80022896025902|49|0.3632699787807963|1.6|CapExSalesChange,29
495|17.80022896025902|49|0.3632699787807963|1.6|CapExSalesChange,29
500|17.80022896025902|49|0.3632699787807963|1.6|CapExSalesChange,29
505|17.80022896025902|49|0.3632699787807963|1.6|CapExSalesChange,29
510|17.80022896025902|49|0.3632699787807963|1.6|CapExSalesChange,29
515|17.80022896025902|49|0.3632699787807963|1.6|CapExSalesChange,29
520|17.80022896025902|49|0.3632699787807963|1.6|CapExSalesChange,29
525|17.80022896025902|49|0.3632699787807963|1.6|CapExSalesChange,29
530|17.80022896025902|47|0.3787282757501919|1.5333333333333334|CapExSalesChange,29
535|17.80022896025902|47|0.3787282757501919|1.5333333333333334|CapExSalesChange,29
540|17.80022896025902|43|0.4139588130292795|1.6153846153846154|QuickRatio09,39
545|17.80022896025902|43|0.4139588130292795|1.6153846153846154|QuickRatio09,39
550|17.80022896025902|41|0.4341519258599761|1.4285714285714286|SGAExpenses09,12
555|17.80022896025902|41|0.4341519258599761|1.4285714285714286|SGAExpenses09,12
560|17.80022896025902|41|0.4341519258599761|1.4285714285714286|SGAExpenses09,12
565|17.881914499101644|59|0.3030832965949431|1.8125|ReturnOnAssets09,18
570|17.881914499101644|59|0.3030832965949431|1.8125|ReturnOnAssets09,18
575|17.881914499101644|59|0.3030832965949431|1.8125|ReturnOnAssets09,18
580|17.881914499101644|59|0.3030832965949431|1.8125|ReturnOnAssets09,18
585|17.881914499101644|53|0.33739461319059705|1.7333333333333334|SGAExpenses09,12
590|17.881914499101644|49|0.3649370305939111|1.6|SGAExpenses09,12
595|17.881914499101644|49|0.3649370305939111|1.6|SGAExpenses09,12
600|17.881914499101644|49|0.3649370305939111|1.6|SGAExpenses09,12
605|17.881914499101644|49|0.3649370305939111|1.6|SGAExpenses09,12
610|17.881914499101644|49|0.3649370305939111|1.6|SGAExpenses09,12
615|17.881914499101644|49|0.3649370305939111|1.6|SGAExpenses09,12
620|17.881914499101644|47|0.3804662659383328|1.4375|SGAExpenses09,12
625|17.881914499101644|47|0.3804662659383328|1.4375|SGAExpenses09,12
630|17.881914499101644|47|0.3804662659383328|1.4375|SGAExpenses09,12
635|17.881914499101644|47|0.3804662659383328|1.4375|SGAExpenses09,12
640|17.881914499101644|47|0.3804662659383328|1.4375|SGAExpenses09,12
645|17.881914499101644|45|0.3973758777578143|1.4666666666666666|SGAExpenses09,12
650|17.881914499101644|45|0.3973758777578143|1.4666666666666666|SGAExpenses09,12
655|17.881914499101644|45|0.3973758777578143|1.4666666666666666|SGAExpenses09,12
660|17.881914499101644|45|0.3973758777578143|1.4666666666666666|SGAExpenses09,12
665|17.881914499101644|45|0.3973758777578143|1.4666666666666666|SGAExpenses09,12
670|17.881914499101644|45|0.3973758777578143|1.4666666666666666|SGAExpenses09,12
675|17.881914499101644|45|0.3973758777578143|1.4666666666666666|SGAExpenses09,12
680|17.881914499101644|45|0.3973758777578143|1.4666666666666666|SGAExpenses09,12
685|17.881914499101644|45|0.3973758777578143|1.4666666666666666|SGAExpenses09,12
690|17.881914499101644|45|0.3973758777578143|1.4666666666666666|SGAExpenses09,12
695|17.881914499101644|43|0.415858476723294|1.5|QuickRatioChange,41
700|17.881914499101644|43|0.415858476723294|1.5|QuickRatioChange,41
705|17.881914499101644|43|0.415858476723294|1.5|QuickRatioChange,41
710|17.881914499101644|43|0.415858476723294|1.5|QuickRatioChange,41
715|17.881914499101644|43|0.415858476723294|1.5|QuickRatioChange,41
720|17.881914499101644|39|0.4585106281820934|1.5833333333333333|QuickRatioChange,41
725|17.881914499101644|39|0.4585106281820934|1.5833333333333333|QuickRatioChange,41
730|17.881914499101644|39|0.4585106281820934|1.5833333333333333|QuickRatioChange,41
735|17.881914499101644|39|0.4585106281820934|1.5833333333333333|QuickRatioChange,41
740|17.881914499101644|39|0.4585106281820934|1.5833333333333333|QuickRatioChange,41
745|17.881914499101644|39|0.4585106281820934|1.5833333333333333|QuickRatioChange,41
750|17.881914499101644|39|0.4585106281820934|1.5833333333333333|QuickRatioChange,41
755|17.881914499101644|39|0.4585106281820934|1.5833333333333333|QuickRatioChange,41
760|17.881914499101644|39|0.4585106281820934|1.5833333333333333|QuickRatioChange,41
765|17.881914499101644|39|0.4585106281820934|1.5833333333333333|QuickRatioChange,41
770|17.881914499101644|39|0.4585106281820934|1.5833333333333333|QuickRatioChange,41
775|17.881914499101644|39|0.4585106281820934|1.5833333333333333|QuickRatioChange,41
780|17.881914499101644|39|0.4585106281820934|1.5833333333333333|QuickRatioChange,41
785|17.881914499101644|39|0.4585106281820934|1.5833333333333333|QuickRatioChange,41
790|17.881914499101644|39|0.4585106281820934|1.5833333333333333|QuickRatioChange,41
795|17.881914499101644|39|0.4585106281820934|1.5833333333333333|QuickRatioChange,41
800|17.881914499101644|39|0.4585106281820934|1.5833333333333333|QuickRatioChange,41
805|17.881914499101644|39|0.4585106281820934|1.5833333333333333|QuickRatioChange,41
810|17.881914499101644|37|0.4832949864622066|1.5|QuickRatioChange,41
815|17.881914499101644|37|0.4832949864622066|1.5|QuickRatioChange,41
820|17.881914499101644|37|0.4832949864622066|1.5|QuickRatioChange,41
825|17.881914499101644|37|0.4832949864622066|1.5|QuickRatioChange,41
830|17.881914499101644|37|0.4832949864622066|1.5|QuickRatioChange,41
835|17.881914499101644|35|0.5109118428314755|1.4166666666666667|QuickRatioChange,41
840|17.881914499101644|35|0.5109118428314755|1.4166666666666667|QuickRatioChange,41
845|17.881914499101644|35|0.5109118428314755|1.4166666666666667|QuickRatioChange,41
850|17.881914499101644|35|0.5109118428314755|1.4166666666666667|QuickRatioChange,41
855|17.881914499101644|35|0.5109118428314755|1.4166666666666667|QuickRatioChange,41
860|17.881914499101644|35|0.5109118428314755|1.4166666666666667|QuickRatioChange,41
865|17.881914499101644|35|0.5109118428314755|1.4166666666666667|QuickRatioChange,41
870|17.881914499101644|35|0.5109118428314755|1.4166666666666667|QuickRatioChange,41
875|17.881914499101644|35|0.5109118428314755|1.4166666666666667|QuickRatioChange,41
880|17.881914499101644|35|0.5109118428314755|1.4166666666666667|QuickRatioChange,41
885|17.881914499101644|35|0.5109118428314755|1.4166666666666667|QuickRatioChange,41
890|17.881914499101644|35|0.5109118428314755|1.4166666666666667|QuickRatioChange,41
895|17.881914499101644|35|0.5109118428314755|1.4166666666666667|QuickRatioChange,41
900|17.881914499101644|35|0.5109118428314755|1.4166666666666667|QuickRatioChange,41
905|17.881914499101644|35|0.5109118428314755|1.4166666666666667|QuickRatioChange,41
910|17.881914499101644|35|0.5109118428314755|1.4166666666666667|QuickRatioChange,41
915|17.881914499101644|35|0.5109118428314755|1.4166666666666667|QuickRatioChange,41
920|17.881914499101644|35|0.5109118428314755|1.4166666666666667|QuickRatioChange,41
925|17.881914499101644|35|0.5109118428314755|1.4166666666666667|QuickRatioChange,41
930|17.881914499101644|35|0.5109118428314755|1.4166666666666667|QuickRatioChange,41
935|17.881914499101644|35|0.5109118428314755|1.4166666666666667|QuickRatioChange,41
940|17.881914499101644|35|0.5109118428314755|1.4166666666666667|QuickRatioChange,41
945|17.881914499101644|35|0.5109118428314755|1.4166666666666667|QuickRatioChange,41
950|17.881914499101644|35|0.5109118428314755|1.4166666666666667|QuickRatioChange,41
955|17.881914499101644|35|0.5109118428314755|1.4166666666666667|QuickRatioChange,41
960|17.881914499101644|35|0.5109118428314755|1.4166666666666667|QuickRatioChange,41
965|17.881914499101644|35|0.5109118428314755|1.4166666666666667|QuickRatioChange,41
970|17.881914499101644|35|0.5109118428314755|1.4166666666666667|QuickRatioChange,41
975|17.881914499101644|35|0.5109118428314755|1.4166666666666667|QuickRatioChange,41
980|17.881914499101644|35|0.5109118428314755|1.4166666666666667|QuickRatioChange,41
985|17.881914499101644|35|0.5109118428314755|1.4166666666666667|QuickRatioChange,41
990|17.881914499101644|35|0.5109118428314755|1.4166666666666667|QuickRatioChange,41
995|17.881914499101644|35|0.5109118428314755|1.4166666666666667|QuickRatioChange,41
1000|17.881914499101644|35|0.5109118428314755|1.4166666666666667|QuickRatioChange,41
1005|17.881914499101644|35|0.5109118428314755|1.4166666666666667|QuickRatioChange,41
1010|17.881914499101644|35|0.5109118428314755|1.4166666666666667|QuickRatioChange,41
1015|17.881914499101644|35|0.5109118428314755|1.4166666666666667|QuickRatioChange,41
1020|17.881914499101644|35|0.5109118428314755|1.4166666666666667|QuickRatioChange,41
1025|17.881914499101644|35|0.5109118428314755|1.4166666666666667|QuickRatioChange,41
1030|17.881914499101644|35|0.5109118428314755|1.4166666666666667|QuickRatioChange,41
1035|17.881914499101644|35|0.5109118428314755|1.4166666666666667|QuickRatioChange,41
1040|17.881914499101644|35|0.5109118428314755|1.4166666666666667|QuickRatioChange,41
1045|17.881914499101644|35|0.5109118428314755|1.4166666666666667|QuickRatioChange,41
1050|17.881914499101644|35|0.5109118428314755|1.4166666666666667|QuickRatioChange,41
1055|17.881914499101644|35|0.5109118428314755|1.4166666666666667|QuickRatioChange,41
1060|17.881914499101644|35|0.5109118428314755|1.4166666666666667|QuickRatioChange,41
1065|17.881914499101644|35|0.5109118428314755|1.4166666666666667|QuickRatioChange,41
1070|17.881914499101644|35|0.5109118428314755|1.4166666666666667|QuickRatioChange,41
1075|17.881914499101644|35|0.5109118428314755|1.4166666666666667|QuickRatioChange,41
1080|17.881914499101644|35|0.5109118428314755|1.4166666666666667|QuickRatioChange,41
1085|17.881914499101644|35|0.5109118428314755|1.4166666666666667|QuickRatioChange,41
1090|17.881914499101644|35|0.5109118428314755|1.4166666666666667|QuickRatioChange,41
1095|17.881914499101644|35|0.5109118428314755|1.4166666666666667|QuickRatioChange,41
1100|17.881914499101644|35|0.5109118428314755|1.4166666666666667|QuickRatioChange,41
1105|17.881914499101644|35|0.5109118428314755|1.4166666666666667|QuickRatioChange,41
1110|17.881914499101644|35|0.5109118428314755|1.4166666666666667|QuickRatioChange,41
1115|17.881914499101644|35|0.5109118428314755|1.4166666666666667|QuickRatioChange,41
1120|17.881914499101644|35|0.5109118428314755|1.4166666666666667|QuickRatioChange,41
1125|17.881914499101644|35|0.5109118428314755|1.4166666666666667|QuickRatioChange,41
1130|17.881914499101644|33|0.541876196942474|1.3333333333333333|SGAExpenses09,12
1135|17.881914499101644|33|0.541876196942474|1.3333333333333333|SGAExpenses09,12
1140|17.881914499101644|33|0.541876196942474|1.3333333333333333|SGAExpenses09,12
1145|17.881914499101644|31|0.576835951583924|1.25|ReturnOnAssets09,18
1150|17.881914499101644|31|0.576835951583924|1.25|ReturnOnAssets09,18
1155|17.881914499101644|31|0.576835951583924|1.25|ReturnOnAssets09,18
1160|17.881914499101644|31|0.576835951583924|1.25|ReturnOnAssets09,18
1165|17.881914499101644|31|0.576835951583924|1.25|ReturnOnAssets09,18
1170|17.881914499101644|31|0.576835951583924|1.25|ReturnOnAssets09,18
1175|17.881914499101644|31|0.576835951583924|1.25|ReturnOnAssets09,18
1180|17.881914499101644|31|0.576835951583924|1.25|ReturnOnAssets09,18
1185|17.881914499101644|31|0.576835951583924|1.25|ReturnOnAssets09,18
1190|17.881914499101644|31|0.576835951583924|1.25|ReturnOnAssets09,18
1195|17.881914499101644|31|0.576835951583924|1.25|ReturnOnAssets09,18
1200|17.881914499101644|31|0.576835951583924|1.25|ReturnOnAssets09,18
1205|17.881914499101644|31|0.576835951583924|1.25|ReturnOnAssets09,18
1210|17.881914499101644|31|0.576835951583924|1.25|ReturnOnAssets09,18
1215|17.881914499101644|31|0.576835951583924|1.25|ReturnOnAssets09,18
1220|17.881914499101644|31|0.576835951583924|1.25|ReturnOnAssets09,18
1225|17.881914499101644|31|0.576835951583924|1.25|ReturnOnAssets09,18
1230|17.881914499101644|31|0.576835951583924|1.25|ReturnOnAssets09,18
1235|17.881914499101644|31|0.576835951583924|1.25|ReturnOnAssets09,18
1240|17.881914499101644|31|0.576835951583924|1.25|ReturnOnAssets09,18
1245|17.881914499101644|31|0.576835951583924|1.25|ReturnOnAssets09,18
1250|17.881914499101644|31|0.576835951583924|1.25|ReturnOnAssets09,18
1255|17.881914499101644|31|0.576835951583924|1.25|ReturnOnAssets09,18
1260|17.881914499101644|31|0.576835951583924|1.25|ReturnOnAssets09,18
1265|17.881914499101644|31|0.576835951583924|1.25|ReturnOnAssets09,18
1270|17.881914499101644|31|0.576835951583924|1.25|ReturnOnAssets09,18
1275|17.881914499101644|31|0.576835951583924|1.25|ReturnOnAssets09,18
1280|17.881914499101644|31|0.576835951583924|1.25|ReturnOnAssets09,18
1285|17.881914499101644|31|0.576835951583924|1.25|ReturnOnAssets09,18
1290|17.881914499101644|31|0.576835951583924|1.25|ReturnOnAssets09,18
1295|17.881914499101644|31|0.576835951583924|1.25|ReturnOnAssets09,18
1300|17.881914499101644|31|0.576835951583924|1.25|ReturnOnAssets09,18
1305|17.881914499101644|31|0.576835951583924|1.25|ReturnOnAssets09,18
1310|17.881914499101644|31|0.576835951583924|1.25|ReturnOnAssets09,18
1315|17.881914499101644|31|0.576835951583924|1.25|ReturnOnAssets09,18
1320|17.881914499101644|31|0.576835951583924|1.25|ReturnOnAssets09,18
1325|17.881914499101644|31|0.576835951583924|1.25|ReturnOnAssets09,18
1330|17.881914499101644|31|0.576835951583924|1.25|ReturnOnAssets09,18
1335|17.881914499101644|31|0.576835951583924|1.25|ReturnOnAssets09,18
1340|17.881914499101644|31|0.576835951583924|1.25|ReturnOnAssets09,18
1345|17.881914499101644|31|0.576835951583924|1.25|ReturnOnAssets09,18
1350|17.881914499101644|31|0.576835951583924|1.25|ReturnOnAssets09,18
1355|17.881914499101644|31|0.576835951583924|1.25|ReturnOnAssets09,18
1360|17.881914499101644|31|0.576835951583924|1.25|ReturnOnAssets09,18
1365|17.881914499101644|31|0.576835951583924|1.25|ReturnOnAssets09,18
1370|17.881914499101644|31|0.576835951583924|1.25|ReturnOnAssets09,18
1375|17.881914499101644|31|0.576835951583924|1.25|ReturnOnAssets09,18
1380|17.881914499101644|31|0.576835951583924|1.25|ReturnOnAssets09,18
1385|17.881914499101644|31|0.576835951583924|1.25|ReturnOnAssets09,18
1390|17.881914499101644|31|0.576835951583924|1.25|ReturnOnAssets09,18
1395|17.881914499101644|31|0.576835951583924|1.25|ReturnOnAssets09,18
1400|17.881914499101644|31|0.576835951583924|1.25|ReturnOnAssets09,18
1405|17.881914499101644|31|0.576835951583924|1.25|ReturnOnAssets09,18
1410|17.881914499101644|31|0.576835951583924|1.25|ReturnOnAssets09,18
1415|17.881914499101644|31|0.576835951583924|1.25|ReturnOnAssets09,18
1420|17.881914499101644|31|0.576835951583924|1.25|ReturnOnAssets09,18
1425|17.881914499101644|31|0.576835951583924|1.25|ReturnOnAssets09,18
1430|17.881914499101644|31|0.576835951583924|1.25|ReturnOnAssets09,18
1435|17.881914499101644|31|0.576835951583924|1.25|ReturnOnAssets09,18
1440|17.881914499101644|31|0.576835951583924|1.25|ReturnOnAssets09,18
1445|17.881914499101644|31|0.576835951583924|1.25|ReturnOnAssets09,18
1450|17.881914499101644|31|0.576835951583924|1.25|ReturnOnAssets09,18
1455|17.881914499101644|31|0.576835951583924|1.25|ReturnOnAssets09,18
1460|17.881914499101644|31|0.576835951583924|1.25|ReturnOnAssets09,18
1465|17.881914499101644|31|0.576835951583924|1.25|ReturnOnAssets09,18
1470|17.881914499101644|31|0.576835951583924|1.25|ReturnOnAssets09,18
1475|17.881914499101644|31|0.576835951583924|1.25|ReturnOnAssets09,18
1480|17.881914499101644|31|0.576835951583924|1.25|ReturnOnAssets09,18
1485|17.881914499101644|31|0.576835951583924|1.25|ReturnOnAssets09,18
1490|17.881914499101644|31|0.576835951583924|1.25|ReturnOnAssets09,18
1495|17.881914499101644|31|0.576835951583924|1.25|ReturnOnAssets09,18
1500|17.881914499101644|31|0.576835951583924|1.25|ReturnOnAssets09,18
1505|17.881914499101644|31|0.576835951583924|1.25|ReturnOnAssets09,18
1510|17.881914499101644|31|0.576835951583924|1.25|ReturnOnAssets09,18
1515|17.881914499101644|31|0.576835951583924|1.25|ReturnOnAssets09,18
1520|17.881914499101644|31|0.576835951583924|1.25|ReturnOnAssets09,18
1525|17.881914499101644|31|0.576835951583924|1.25|ReturnOnAssets09,18
1530|17.881914499101644|31|0.576835951583924|1.25|ReturnOnAssets09,18
1535|17.881914499101644|31|0.576835951583924|1.25|ReturnOnAssets09,18
1540|17.881914499101644|31|0.576835951583924|1.25|ReturnOnAssets09,18
1545|17.881914499101644|31|0.576835951583924|1.25|ReturnOnAssets09,18
1550|17.881914499101644|31|0.576835951583924|1.25|ReturnOnAssets09,18
1555|17.881914499101644|31|0.576835951583924|1.25|ReturnOnAssets09,18
1560|17.881914499101644|31|0.576835951583924|1.25|ReturnOnAssets09,18
1565|17.881914499101644|31|0.576835951583924|1.25|ReturnOnAssets09,18
1570|17.881914499101644|31|0.576835951583924|1.25|ReturnOnAssets09,18
1575|17.881914499101644|31|0.576835951583924|1.25|ReturnOnAssets09,18
1580|17.881914499101644|31|0.576835951583924|1.25|ReturnOnAssets09,18
1585|17.881914499101644|31|0.576835951583924|1.25|ReturnOnAssets09,18
1590|17.881914499101644|31|0.576835951583924|1.25|ReturnOnAssets09,18
1595|17.881914499101644|31|0.576835951583924|1.25|ReturnOnAssets09,18
1600|17.881914499101644|31|0.576835951583924|1.25|ReturnOnAssets09,18
1605|17.881914499101644|31|0.576835951583924|1.25|ReturnOnAssets09,18
1610|17.881914499101644|31|0.576835951583924|1.25|ReturnOnAssets09,18
1615|17.881914499101644|31|0.576835951583924|1.25|ReturnOnAssets09,18
1620|17.881914499101644|31|0.576835951583924|1.25|ReturnOnAssets09,18
1625|17.881914499101644|31|0.576835951583924|1.25|ReturnOnAssets09,18
1630|17.881914499101644|31|0.576835951583924|1.25|ReturnOnAssets09,18
1635|17.881914499101644|31|0.576835951583924|1.25|ReturnOnAssets09,18
1640|17.881914499101644|31|0.576835951583924|1.25|ReturnOnAssets09,18
1645|17.881914499101644|31|0.576835951583924|1.25|ReturnOnAssets09,18
1650|17.881914499101644|31|0.576835951583924|1.25|ReturnOnAssets09,18
1655|17.881914499101644|31|0.576835951583924|1.25|ReturnOnAssets09,18
1660|17.881914499101644|31|0.576835951583924|1.25|ReturnOnAssets09,18
1665|17.881914499101644|31|0.576835951583924|1.25|ReturnOnAssets09,18
1670|17.881914499101644|31|0.576835951583924|1.25|ReturnOnAssets09,18
1675|17.881914499101644|31|0.576835951583924|1.25|ReturnOnAssets09,18
1680|17.881914499101644|31|0.576835951583924|1.25|ReturnOnAssets09,18
1685|17.881914499101644|31|0.576835951583924|1.25|ReturnOnAssets09,18
1690|17.881914499101644|31|0.576835951583924|1.25|ReturnOnAssets09,18
1695|17.881914499101644|31|0.576835951583924|1.25|ReturnOnAssets09,18
1700|17.881914499101644|31|0.576835951583924|1.25|ReturnOnAssets09,18
1705|17.881914499101644|31|0.576835951583924|1.25|ReturnOnAssets09,18
1710|17.881914499101644|31|0.576835951583924|1.25|ReturnOnAssets09,18
1715|17.881914499101644|31|0.576835951583924|1.25|ReturnOnAssets09,18
1720|17.881914499101644|31|0.576835951583924|1.25|ReturnOnAssets09,18
1725|17.881914499101644|31|0.576835951583924|1.25|ReturnOnAssets09,18
1730|17.881914499101644|31|0.576835951583924|1.25|ReturnOnAssets09,18
1735|17.881914499101644|31|0.576835951583924|1.25|ReturnOnAssets09,18
1740|17.881914499101644|31|0.576835951583924|1.25|ReturnOnAssets09,18
1745|17.881914499101644|31|0.576835951583924|1.25|ReturnOnAssets09,18
1750|17.881914499101644|31|0.576835951583924|1.25|ReturnOnAssets09,18
1755|17.881914499101644|31|0.576835951583924|1.25|ReturnOnAssets09,18
1760|17.881914499101644|31|0.576835951583924|1.25|ReturnOnAssets09,18
1765|17.881914499101644|31|0.576835951583924|1.25|ReturnOnAssets09,18
1770|17.881914499101644|31|0.576835951583924|1.25|ReturnOnAssets09,18
1775|17.881914499101644|31|0.576835951583924|1.25|ReturnOnAssets09,18
1780|17.881914499101644|31|0.576835951583924|1.25|ReturnOnAssets09,18
1785|17.881914499101644|31|0.576835951583924|1.25|ReturnOnAssets09,18
1790|17.881914499101644|31|0.576835951583924|1.25|ReturnOnAssets09,18
1795|17.881914499101644|31|0.576835951583924|1.25|ReturnOnAssets09,18
1800|17.881914499101644|31|0.576835951583924|1.25|ReturnOnAssets09,18
1805|17.881914499101644|31|0.576835951583924|1.25|ReturnOnAssets09,18
1810|17.881914499101644|31|0.576835951583924|1.25|ReturnOnAssets09,18
1815|17.881914499101644|31|0.576835951583924|1.25|ReturnOnAssets09,18
1820|17.881914499101644|31|0.576835951583924|1.25|ReturnOnAssets09,18
1825|17.881914499101644|31|0.576835951583924|1.25|ReturnOnAssets09,18
1830|17.881914499101644|31|0.576835951583924|1.25|ReturnOnAssets09,18
1835|17.881914499101644|31|0.576835951583924|1.25|ReturnOnAssets09,18
1840|17.881914499101644|31|0.576835951583924|1.25|ReturnOnAssets09,18
1845|17.881914499101644|31|0.576835951583924|1.25|ReturnOnAssets09,18
1850|17.881914499101644|31|0.576835951583924|1.25|ReturnOnAssets09,18
1855|17.881914499101644|31|0.576835951583924|1.25|ReturnOnAssets09,18
1860|17.881914499101644|31|0.576835951583924|1.25|ReturnOnAssets09,18
1865|17.881914499101644|31|0.576835951583924|1.25|ReturnOnAssets09,18
1870|17.881914499101644|31|0.576835951583924|1.25|ReturnOnAssets09,18
1875|17.881914499101644|31|0.576835951583924|1.25|ReturnOnAssets09,18
1880|17.881914499101644|31|0.576835951583924|1.25|ReturnOnAssets09,18
1885|17.881914499101644|31|0.576835951583924|1.25|ReturnOnAssets09,18
1890|17.881914499101644|31|0.576835951583924|1.25|ReturnOnAssets09,18
1895|17.881914499101644|31|0.576835951583924|1.25|ReturnOnAssets09,18
1900|17.881914499101644|31|0.576835951583924|1.25|ReturnOnAssets09,18
1905|17.881914499101644|31|0.576835951583924|1.25|ReturnOnAssets09,18
1910|17.881914499101644|31|0.576835951583924|1.25|ReturnOnAssets09,18
1915|17.881914499101644|31|0.576835951583924|1.25|ReturnOnAssets09,18
1920|17.881914499101644|31|0.576835951583924|1.25|ReturnOnAssets09,18
1925|17.881914499101644|31|0.576835951583924|1.25|ReturnOnAssets09,18
1930|17.881914499101644|31|0.576835951583924|1.25|ReturnOnAssets09,18
1935|17.881914499101644|31|0.576835951583924|1.25|ReturnOnAssets09,18
1940|17.881914499101644|31|0.576835951583924|1.25|ReturnOnAssets09,18
1945|17.881914499101644|31|0.576835951583924|1.25|ReturnOnAssets09,18
1950|17.881914499101644|31|0.576835951583924|1.25|ReturnOnAssets09,18
1955|17.881914499101644|31|0.576835951583924|1.25|ReturnOnAssets09,18
1960|17.881914499101644|31|0.576835951583924|1.25|ReturnOnAssets09,18
1965|17.881914499101644|31|0.576835951583924|1.25|ReturnOnAssets09,18
1970|17.881914499101644|31|0.576835951583924|1.25|ReturnOnAssets09,18
1975|17.881914499101644|31|0.576835951583924|1.25|ReturnOnAssets09,18
1980|17.881914499101644|31|0.576835951583924|1.25|ReturnOnAssets09,18
1985|17.881914499101644|31|0.576835951583924|1.25|ReturnOnAssets09,18
1990|17.881914499101644|31|0.576835951583924|1.25|ReturnOnAssets09,18
1995|17.881914499101644|31|0.576835951583924|1.25|ReturnOnAssets09,18
2000|17.881914499101644|31|0.576835951583924|1.25|ReturnOnAssets09,18
