#########################################################
# Algorithm Parameters #
# Generations = 2000
# Population size = 100
# Resolution = 5
#########################################################
# Financial Parameters #
# Quarter = 4
# Crossover probabilities = 0.75 -> 0.25
# Mutation start probabilities = 0.9,0.0,0.6,0.5,0.6,0.9
# Mutation end probabilities = 0.4,0.4,0.1,0.1,0.1,0.4
######################################################### 
0|7.778134404904919|9|0.8642371561005465|1.0|GrossMargin09,0
5|9.536056097947542|11|0.8669141907225039|1.25|ResearchDevelopment10,16
10|10.316609752721314|13|0.7935853655939472|1.2|CurrentRatio10,37
15|11.04613112584918|23|0.48026657068909484|1.375|ResearchDevelopment10,16
20|11.353370245632787|15|0.7568913497088524|1.1666666666666667|CurrentRatio10,37
25|11.735516091413116|29|0.40467296866941777|1.4|ResearchDevelopment10,16
30|12.703324138147542|41|0.3098371741011596|1.25|ResearchDevelopment10,16
35|12.703324138147542|41|0.3098371741011596|1.25|ResearchDevelopment10,16
40|14.26072688401967|45|0.3169050418671038|1.2222222222222223|ResearchDevelopment10,16
45|14.556147216973772|65|0.2239407264149811|1.6842105263157894|ResearchDevelopment10,16
50|14.898219146209838|55|0.2708767117492698|1.588235294117647|ResearchDevelopment10,16
55|15.146457312849181|101|0.14996492388959584|2.6315789473684212|ResearchDevelopment10,16
60|15.146457312849181|101|0.14996492388959584|2.6315789473684212|ResearchDevelopment10,16
65|15.146457312849181|75|0.2019527641713224|1.7619047619047619|ResearchDevelopment10,16
70|15.45965200825246|111|0.13927614421849063|2.037037037037037|ResearchDevelopment10,16
75|15.45965200825246|109|0.14183166980048129|2.16|ResearchDevelopment10,16
80|15.45965200825246|87|0.17769714952014323|2.0476190476190474|ResearchDevelopment10,16
85|15.754982261960656|93|0.1694084114189318|1.9166666666666667|OperatingMarginChange,5
90|15.754982261960656|91|0.17313167320835884|1.9565217391304348|OperatingMarginChange,5
95|15.754982261960656|79|0.19943015521469185|1.8571428571428572|TotalCurrentLiabilities09,33
100|15.754982261960656|79|0.19943015521469185|1.8571428571428572|TotalCurrentLiabilities09,33
105|15.754982261960656|69|0.22833307626029936|1.8888888888888888|TotalCurrentLiabilities09,33
110|16.104271622144264|75|0.21472362162859018|1.7619047619047619|TotalCurrentAssetsChange,32
115|16.104271622144264|75|0.21472362162859018|1.7619047619047619|TotalCurrentAssetsChange,32
120|16.207382498993443|97|0.16708641751539632|2.0869565217391304|GrossMargin09,0
125|16.29289910002295|75|0.21723865466697267|1.608695652173913|ResearchDevelopment09,15
130|16.29289910002295|75|0.21723865466697267|1.608695652173913|ResearchDevelopment09,15
135|16.39600997687213|141|0.11628375870122078|2.9166666666666665|GrossMargin09,0
140|16.39600997687213|113|0.14509743342364717|2.5454545454545454|CapExSalesChange,29
145|16.565775838540983|141|0.11748777190454597|2.9166666666666665|ResearchDevelopment09,15
150|16.565775838540983|135|0.12270945065585913|2.68|ResearchDevelopment09,15
155|16.93605856059672|147|0.11521128272514776|2.7037037037037037|ResearchDevelopment09,15
160|16.93605856059672|93|0.18210815656555612|1.9166666666666667|GrossMargin09,0
165|16.93605856059672|93|0.18210815656555612|1.9166666666666667|GrossMargin09,0
170|17.15879940800656|101|0.1698891030495699|2.0|GrossMargin09,0
175|17.15879940800656|101|0.1698891030495699|2.0|GrossMargin09,0
180|17.15879940800656|101|0.1698891030495699|2.0|GrossMargin09,0
185|17.202491560859016|145|0.11863787283351046|2.6666666666666665|CapExSalesChange,29
190|17.202491560859016|145|0.11863787283351046|2.6666666666666665|CapExSalesChange,29
195|17.347426885885245|103|0.16842162025131305|1.8888888888888888|CapExSalesChange,29
200|17.347426885885245|103|0.16842162025131305|1.8888888888888888|CapExSalesChange,29
205|17.347426885885245|93|0.1865314718912392|1.84|CapExSalesChange,29
210|17.347426885885245|87|0.1993957113320143|1.72|BookValuePerShare10,10
215|17.347426885885245|81|0.2141657640232746|1.6666666666666667|ResearchDevelopment09,15
220|17.347426885885245|81|0.2141657640232746|1.6666666666666667|ResearchDevelopment09,15
225|17.347426885885245|81|0.2141657640232746|1.6666666666666667|ResearchDevelopment09,15
230|17.425232408268855|123|0.14166855616478743|2.5416666666666665|BookValuePerShare10,10
235|17.425232408268855|119|0.14643052443923407|2.5652173913043477|BookValuePerShare10,10
240|17.425232408268855|79|0.2205725621299855|1.6956521739130435|BookValuePerShare10,10
245|17.425232408268855|79|0.2205725621299855|1.6956521739130435|BookValuePerShare10,10
250|17.425232408268855|79|0.2205725621299855|1.6956521739130435|BookValuePerShare10,10
255|17.425232408268855|79|0.2205725621299855|1.6956521739130435|BookValuePerShare10,10
260|17.425232408268855|73|0.2387018138119021|1.565217391304348|BookValuePerShare10,10
265|17.425232408268855|73|0.2387018138119021|1.565217391304348|BookValuePerShare10,10
270|17.425232408268855|73|0.2387018138119021|1.565217391304348|BookValuePerShare10,10
275|17.425232408268855|73|0.2387018138119021|1.565217391304348|BookValuePerShare10,10
280|17.425232408268855|67|0.2600780956458038|1.5|ResearchDevelopment09,15
285|17.425232408268855|67|0.2600780956458038|1.5|ResearchDevelopment09,15
290|17.425232408268855|67|0.2600780956458038|1.5|ResearchDevelopment09,15
295|17.425232408268855|67|0.2600780956458038|1.5|ResearchDevelopment09,15
300|17.425232408268855|65|0.2680804985887516|1.4545454545454546|BookValuePerShare10,10
305|17.425232408268855|65|0.2680804985887516|1.4545454545454546|BookValuePerShare10,10
310|17.425232408268855|65|0.2680804985887516|1.4545454545454546|BookValuePerShare10,10
315|17.425232408268855|63|0.27659099060744213|1.4090909090909092|CapExSalesChange,29
320|17.425232408268855|63|0.27659099060744213|1.4090909090909092|CapExSalesChange,29
325|17.425232408268855|61|0.2856595476765386|1.4285714285714286|CapExSalesChange,29
330|17.425232408268855|61|0.2856595476765386|1.4285714285714286|CapExSalesChange,29
335|17.425232408268855|61|0.2856595476765386|1.4285714285714286|CapExSalesChange,29
340|17.425232408268855|61|0.2856595476765386|1.4285714285714286|CapExSalesChange,29
345|17.425232408268855|61|0.2856595476765386|1.4285714285714286|CapExSalesChange,29
350|17.425232408268855|55|0.3168224074230701|1.5|CapExSalesChange,29
355|17.425232408268855|55|0.3168224074230701|1.5|CapExSalesChange,29
360|17.425232408268855|55|0.3168224074230701|1.5|CapExSalesChange,29
365|17.425232408268855|55|0.3168224074230701|1.5|CapExSalesChange,29
370|17.425232408268855|55|0.3168224074230701|1.5|CapExSalesChange,29
375|17.425232408268855|55|0.3168224074230701|1.5|CapExSalesChange,29
380|17.425232408268855|55|0.3168224074230701|1.5|CapExSalesChange,29
385|17.425232408268855|55|0.3168224074230701|1.5|CapExSalesChange,29
390|17.425232408268855|55|0.3168224074230701|1.5|CapExSalesChange,29
395|17.425232408268855|55|0.3168224074230701|1.5|CapExSalesChange,29
400|17.425232408268855|55|0.3168224074230701|1.5|CapExSalesChange,29
405|17.425232408268855|55|0.3168224074230701|1.5|CapExSalesChange,29
410|17.425232408268855|51|0.3416712236915462|1.6666666666666667|OperatingMarginChange,5
415|17.425232408268855|51|0.3416712236915462|1.6666666666666667|OperatingMarginChange,5
420|17.425232408268855|51|0.3416712236915462|1.6666666666666667|OperatingMarginChange,5
425|17.425232408268855|51|0.3416712236915462|1.6666666666666667|OperatingMarginChange,5
430|17.425232408268855|51|0.3416712236915462|1.6666666666666667|OperatingMarginChange,5
435|17.425232408268855|49|0.35561698792385416|1.6|OperatingMarginChange,5
440|17.425232408268855|49|0.35561698792385416|1.6|OperatingMarginChange,5
445|17.425232408268855|49|0.35561698792385416|1.6|OperatingMarginChange,5
450|17.425232408268855|49|0.35561698792385416|1.6|OperatingMarginChange,5
455|17.425232408268855|49|0.35561698792385416|1.6|OperatingMarginChange,5
460|17.425232408268855|49|0.35561698792385416|1.6|OperatingMarginChange,5
465|17.425232408268855|49|0.35561698792385416|1.6|OperatingMarginChange,5
470|17.425232408268855|49|0.35561698792385416|1.6|OperatingMarginChange,5
475|17.425232408268855|49|0.35561698792385416|1.6|OperatingMarginChange,5
480|17.425232408268855|45|0.38722738685041896|1.6923076923076923|GrossMargin09,0
485|17.425232408268855|45|0.38722738685041896|1.6923076923076923|GrossMargin09,0
490|17.425232408268855|45|0.38722738685041896|1.6923076923076923|GrossMargin09,0
495|17.425232408268855|45|0.38722738685041896|1.6923076923076923|GrossMargin09,0
500|17.425232408268855|45|0.38722738685041896|1.6923076923076923|GrossMargin09,0
505|17.425232408268855|43|0.40523796298299664|1.6153846153846154|GrossMargin09,0
510|17.425232408268855|43|0.40523796298299664|1.6153846153846154|GrossMargin09,0
515|17.425232408268855|43|0.40523796298299664|1.6153846153846154|GrossMargin09,0
520|17.425232408268855|43|0.40523796298299664|1.6153846153846154|GrossMargin09,0
525|17.425232408268855|43|0.40523796298299664|1.6153846153846154|GrossMargin09,0
530|17.425232408268855|43|0.40523796298299664|1.6153846153846154|GrossMargin09,0
535|17.425232408268855|43|0.40523796298299664|1.6153846153846154|GrossMargin09,0
540|17.425232408268855|43|0.40523796298299664|1.6153846153846154|GrossMargin09,0
545|17.425232408268855|43|0.40523796298299664|1.6153846153846154|GrossMargin09,0
550|17.425232408268855|43|0.40523796298299664|1.6153846153846154|GrossMargin09,0
555|17.425232408268855|43|0.40523796298299664|1.6153846153846154|GrossMargin09,0
560|17.425232408268855|43|0.40523796298299664|1.6153846153846154|GrossMargin09,0
565|17.425232408268855|43|0.40523796298299664|1.6153846153846154|GrossMargin09,0
570|17.425232408268855|43|0.40523796298299664|1.6153846153846154|GrossMargin09,0
575|17.425232408268855|43|0.40523796298299664|1.6153846153846154|GrossMargin09,0
580|17.425232408268855|43|0.40523796298299664|1.6153846153846154|GrossMargin09,0
585|17.425232408268855|43|0.40523796298299664|1.6153846153846154|GrossMargin09,0
590|17.425232408268855|43|0.40523796298299664|1.6153846153846154|GrossMargin09,0
595|17.425232408268855|43|0.40523796298299664|1.6153846153846154|GrossMargin09,0
600|17.425232408268855|43|0.40523796298299664|1.6153846153846154|GrossMargin09,0
605|17.425232408268855|43|0.40523796298299664|1.6153846153846154|GrossMargin09,0
610|17.425232408268855|43|0.40523796298299664|1.6153846153846154|GrossMargin09,0
615|17.425232408268855|41|0.42500566849436233|1.5384615384615385|GrossMargin09,0
620|17.425232408268855|41|0.42500566849436233|1.5384615384615385|GrossMargin09,0
625|17.425232408268855|41|0.42500566849436233|1.5384615384615385|GrossMargin09,0
630|17.425232408268855|41|0.42500566849436233|1.5384615384615385|GrossMargin09,0
635|17.425232408268855|41|0.42500566849436233|1.5384615384615385|GrossMargin09,0
640|17.425232408268855|41|0.42500566849436233|1.5384615384615385|GrossMargin09,0
645|17.425232408268855|39|0.4468008309812527|1.5833333333333333|GrossMargin09,0
650|17.425232408268855|39|0.4468008309812527|1.5833333333333333|GrossMargin09,0
655|17.425232408268855|39|0.4468008309812527|1.5833333333333333|GrossMargin09,0
660|17.425232408268855|39|0.4468008309812527|1.5833333333333333|GrossMargin09,0
665|17.425232408268855|39|0.4468008309812527|1.5833333333333333|GrossMargin09,0
670|17.425232408268855|39|0.4468008309812527|1.5833333333333333|GrossMargin09,0
675|17.425232408268855|39|0.4468008309812527|1.5833333333333333|GrossMargin09,0
680|17.425232408268855|39|0.4468008309812527|1.5833333333333333|GrossMargin09,0
685|17.425232408268855|39|0.4468008309812527|1.5833333333333333|GrossMargin09,0
690|17.425232408268855|39|0.4468008309812527|1.5833333333333333|GrossMargin09,0
695|17.425232408268855|39|0.4468008309812527|1.5833333333333333|GrossMargin09,0
700|17.425232408268855|39|0.4468008309812527|1.5833333333333333|GrossMargin09,0
705|17.425232408268855|39|0.4468008309812527|1.5833333333333333|GrossMargin09,0
710|17.425232408268855|39|0.4468008309812527|1.5833333333333333|GrossMargin09,0
715|17.425232408268855|39|0.4468008309812527|1.5833333333333333|GrossMargin09,0
720|17.425232408268855|39|0.4468008309812527|1.5833333333333333|GrossMargin09,0
725|17.425232408268855|39|0.4468008309812527|1.5833333333333333|GrossMargin09,0
730|17.425232408268855|39|0.4468008309812527|1.5833333333333333|GrossMargin09,0
735|17.425232408268855|39|0.4468008309812527|1.5833333333333333|GrossMargin09,0
740|17.425232408268855|39|0.4468008309812527|1.5833333333333333|GrossMargin09,0
745|17.425232408268855|39|0.4468008309812527|1.5833333333333333|GrossMargin09,0
750|17.425232408268855|37|0.47095222725050956|1.5|GrossMargin09,0
755|17.425232408268855|37|0.47095222725050956|1.5|GrossMargin09,0
760|17.425232408268855|37|0.47095222725050956|1.5|GrossMargin09,0
765|17.425232408268855|37|0.47095222725050956|1.5|GrossMargin09,0
770|17.425232408268855|37|0.47095222725050956|1.5|GrossMargin09,0
775|17.425232408268855|37|0.47095222725050956|1.5|GrossMargin09,0
780|17.425232408268855|37|0.47095222725050956|1.5|GrossMargin09,0
785|17.425232408268855|37|0.47095222725050956|1.5|GrossMargin09,0
790|17.425232408268855|35|0.49786378309339585|1.4166666666666667|TotalCurrentAssetsChange,32
795|17.425232408268855|35|0.49786378309339585|1.4166666666666667|TotalCurrentAssetsChange,32
800|17.425232408268855|35|0.49786378309339585|1.4166666666666667|TotalCurrentAssetsChange,32
805|17.425232408268855|35|0.49786378309339585|1.4166666666666667|TotalCurrentAssetsChange,32
810|17.425232408268855|35|0.49786378309339585|1.4166666666666667|TotalCurrentAssetsChange,32
815|17.425232408268855|35|0.49786378309339585|1.4166666666666667|TotalCurrentAssetsChange,32
820|17.425232408268855|35|0.49786378309339585|1.4166666666666667|TotalCurrentAssetsChange,32
825|17.425232408268855|35|0.49786378309339585|1.4166666666666667|TotalCurrentAssetsChange,32
830|17.425232408268855|35|0.49786378309339585|1.4166666666666667|TotalCurrentAssetsChange,32
835|17.425232408268855|35|0.49786378309339585|1.4166666666666667|TotalCurrentAssetsChange,32
840|17.425232408268855|35|0.49786378309339585|1.4166666666666667|TotalCurrentAssetsChange,32
845|17.425232408268855|35|0.49786378309339585|1.4166666666666667|TotalCurrentAssetsChange,32
850|17.425232408268855|35|0.49786378309339585|1.4166666666666667|TotalCurrentAssetsChange,32
855|17.425232408268855|35|0.49786378309339585|1.4166666666666667|TotalCurrentAssetsChange,32
860|17.425232408268855|35|0.49786378309339585|1.4166666666666667|TotalCurrentAssetsChange,32
865|17.425232408268855|35|0.49786378309339585|1.4166666666666667|TotalCurrentAssetsChange,32
870|17.425232408268855|35|0.49786378309339585|1.4166666666666667|TotalCurrentAssetsChange,32
875|17.425232408268855|35|0.49786378309339585|1.4166666666666667|TotalCurrentAssetsChange,32
880|17.425232408268855|35|0.49786378309339585|1.4166666666666667|TotalCurrentAssetsChange,32
885|17.425232408268855|35|0.49786378309339585|1.4166666666666667|TotalCurrentAssetsChange,32
890|17.425232408268855|35|0.49786378309339585|1.4166666666666667|TotalCurrentAssetsChange,32
895|17.425232408268855|35|0.49786378309339585|1.4166666666666667|TotalCurrentAssetsChange,32
900|17.425232408268855|35|0.49786378309339585|1.4166666666666667|TotalCurrentAssetsChange,32
905|17.425232408268855|35|0.49786378309339585|1.4166666666666667|TotalCurrentAssetsChange,32
910|17.425232408268855|35|0.49786378309339585|1.4166666666666667|TotalCurrentAssetsChange,32
915|17.425232408268855|35|0.49786378309339585|1.4166666666666667|TotalCurrentAssetsChange,32
920|17.425232408268855|35|0.49786378309339585|1.4166666666666667|TotalCurrentAssetsChange,32
925|17.425232408268855|35|0.49786378309339585|1.4166666666666667|TotalCurrentAssetsChange,32
930|17.425232408268855|35|0.49786378309339585|1.4166666666666667|TotalCurrentAssetsChange,32
935|17.425232408268855|35|0.49786378309339585|1.4166666666666667|TotalCurrentAssetsChange,32
940|17.425232408268855|35|0.49786378309339585|1.4166666666666667|TotalCurrentAssetsChange,32
945|17.425232408268855|35|0.49786378309339585|1.4166666666666667|TotalCurrentAssetsChange,32
950|17.425232408268855|35|0.49786378309339585|1.4166666666666667|TotalCurrentAssetsChange,32
955|17.425232408268855|35|0.49786378309339585|1.4166666666666667|TotalCurrentAssetsChange,32
960|17.425232408268855|35|0.49786378309339585|1.4166666666666667|TotalCurrentAssetsChange,32
965|17.425232408268855|35|0.49786378309339585|1.4166666666666667|TotalCurrentAssetsChange,32
970|17.425232408268855|35|0.49786378309339585|1.4166666666666667|TotalCurrentAssetsChange,32
975|17.425232408268855|35|0.49786378309339585|1.4166666666666667|TotalCurrentAssetsChange,32
980|17.425232408268855|35|0.49786378309339585|1.4166666666666667|TotalCurrentAssetsChange,32
985|17.425232408268855|35|0.49786378309339585|1.4166666666666667|TotalCurrentAssetsChange,32
990|17.425232408268855|35|0.49786378309339585|1.4166666666666667|TotalCurrentAssetsChange,32
995|17.425232408268855|35|0.49786378309339585|1.4166666666666667|TotalCurrentAssetsChange,32
1000|17.425232408268855|35|0.49786378309339585|1.4166666666666667|TotalCurrentAssetsChange,32
1005|17.425232408268855|35|0.49786378309339585|1.4166666666666667|TotalCurrentAssetsChange,32
1010|17.425232408268855|35|0.49786378309339585|1.4166666666666667|TotalCurrentAssetsChange,32
1015|17.425232408268855|35|0.49786378309339585|1.4166666666666667|TotalCurrentAssetsChange,32
1020|17.425232408268855|35|0.49786378309339585|1.4166666666666667|TotalCurrentAssetsChange,32
1025|17.425232408268855|35|0.49786378309339585|1.4166666666666667|TotalCurrentAssetsChange,32
1030|17.425232408268855|35|0.49786378309339585|1.4166666666666667|TotalCurrentAssetsChange,32
1035|17.425232408268855|35|0.49786378309339585|1.4166666666666667|TotalCurrentAssetsChange,32
1040|17.425232408268855|35|0.49786378309339585|1.4166666666666667|TotalCurrentAssetsChange,32
1045|17.425232408268855|35|0.49786378309339585|1.4166666666666667|TotalCurrentAssetsChange,32
1050|17.425232408268855|35|0.49786378309339585|1.4166666666666667|TotalCurrentAssetsChange,32
1055|17.425232408268855|35|0.49786378309339585|1.4166666666666667|TotalCurrentAssetsChange,32
1060|17.425232408268855|35|0.49786378309339585|1.4166666666666667|TotalCurrentAssetsChange,32
1065|17.425232408268855|35|0.49786378309339585|1.4166666666666667|TotalCurrentAssetsChange,32
1070|17.425232408268855|35|0.49786378309339585|1.4166666666666667|TotalCurrentAssetsChange,32
1075|17.60683345839673|41|0.4294349623999202|1.5384615384615385|TotalCurrentAssetsChange,32
1080|17.60683345839673|41|0.4294349623999202|1.5384615384615385|TotalCurrentAssetsChange,32
1085|17.60683345839673|41|0.4294349623999202|1.5384615384615385|TotalCurrentAssetsChange,32
1090|17.60683345839673|41|0.4294349623999202|1.5384615384615385|TotalCurrentAssetsChange,32
1095|17.60683345839673|41|0.4294349623999202|1.5384615384615385|TotalCurrentAssetsChange,32
1100|17.60683345839673|41|0.4294349623999202|1.5384615384615385|TotalCurrentAssetsChange,32
1105|17.60683345839673|41|0.4294349623999202|1.5384615384615385|TotalCurrentAssetsChange,32
1110|17.60683345839673|41|0.4294349623999202|1.5384615384615385|TotalCurrentAssetsChange,32
1115|17.60683345839673|41|0.4294349623999202|1.5384615384615385|TotalCurrentAssetsChange,32
1120|17.60683345839673|41|0.4294349623999202|1.5384615384615385|TotalCurrentAssetsChange,32
1125|17.60683345839673|41|0.4294349623999202|1.5384615384615385|TotalCurrentAssetsChange,32
1130|17.60683345839673|41|0.4294349623999202|1.5384615384615385|TotalCurrentAssetsChange,32
1135|17.60683345839673|41|0.4294349623999202|1.5384615384615385|TotalCurrentAssetsChange,32
1140|17.60683345839673|41|0.4294349623999202|1.5384615384615385|TotalCurrentAssetsChange,32
1145|17.60683345839673|41|0.4294349623999202|1.5384615384615385|TotalCurrentAssetsChange,32
1150|17.60683345839673|41|0.4294349623999202|1.5384615384615385|TotalCurrentAssetsChange,32
1155|17.60683345839673|41|0.4294349623999202|1.5384615384615385|TotalCurrentAssetsChange,32
1160|17.60683345839673|37|0.4758603637404521|1.3846153846153846|TotalCurrentAssetsChange,32
1165|17.60683345839673|37|0.4758603637404521|1.3846153846153846|TotalCurrentAssetsChange,32
1170|17.60683345839673|37|0.4758603637404521|1.3846153846153846|TotalCurrentAssetsChange,32
1175|17.60683345839673|37|0.4758603637404521|1.3846153846153846|TotalCurrentAssetsChange,32
1180|17.60683345839673|37|0.4758603637404521|1.3846153846153846|TotalCurrentAssetsChange,32
1185|17.60683345839673|37|0.4758603637404521|1.3846153846153846|TotalCurrentAssetsChange,32
1190|17.60683345839673|37|0.4758603637404521|1.3846153846153846|TotalCurrentAssetsChange,32
1195|17.60683345839673|37|0.4758603637404521|1.3846153846153846|TotalCurrentAssetsChange,32
1200|17.60683345839673|37|0.4758603637404521|1.3846153846153846|TotalCurrentAssetsChange,32
1205|17.60683345839673|37|0.4758603637404521|1.3846153846153846|TotalCurrentAssetsChange,32
1210|17.60683345839673|37|0.4758603637404521|1.3846153846153846|TotalCurrentAssetsChange,32
1215|17.60683345839673|37|0.4758603637404521|1.3846153846153846|TotalCurrentAssetsChange,32
1220|17.60683345839673|37|0.4758603637404521|1.3846153846153846|TotalCurrentAssetsChange,32
1225|17.60683345839673|37|0.4758603637404521|1.3846153846153846|TotalCurrentAssetsChange,32
1230|17.60683345839673|37|0.4758603637404521|1.3846153846153846|TotalCurrentAssetsChange,32
1235|17.60683345839673|37|0.4758603637404521|1.3846153846153846|TotalCurrentAssetsChange,32
1240|17.60683345839673|37|0.4758603637404521|1.3846153846153846|TotalCurrentAssetsChange,32
1245|17.60683345839673|37|0.4758603637404521|1.3846153846153846|TotalCurrentAssetsChange,32
1250|17.60683345839673|37|0.4758603637404521|1.3846153846153846|TotalCurrentAssetsChange,32
1255|17.60683345839673|37|0.4758603637404521|1.3846153846153846|TotalCurrentAssetsChange,32
1260|17.60683345839673|37|0.4758603637404521|1.3846153846153846|TotalCurrentAssetsChange,32
1265|17.60683345839673|37|0.4758603637404521|1.3846153846153846|TotalCurrentAssetsChange,32
1270|17.60683345839673|37|0.4758603637404521|1.3846153846153846|TotalCurrentAssetsChange,32
1275|17.60683345839673|37|0.4758603637404521|1.3846153846153846|TotalCurrentAssetsChange,32
1280|17.60683345839673|37|0.4758603637404521|1.3846153846153846|TotalCurrentAssetsChange,32
1285|17.60683345839673|37|0.4758603637404521|1.3846153846153846|TotalCurrentAssetsChange,32
1290|17.60683345839673|37|0.4758603637404521|1.3846153846153846|TotalCurrentAssetsChange,32
1295|17.60683345839673|37|0.4758603637404521|1.3846153846153846|TotalCurrentAssetsChange,32
1300|17.60683345839673|37|0.4758603637404521|1.3846153846153846|TotalCurrentAssetsChange,32
1305|17.60683345839673|37|0.4758603637404521|1.3846153846153846|TotalCurrentAssetsChange,32
1310|17.60683345839673|37|0.4758603637404521|1.3846153846153846|TotalCurrentAssetsChange,32
1315|17.60683345839673|37|0.4758603637404521|1.3846153846153846|TotalCurrentAssetsChange,32
1320|17.60683345839673|37|0.4758603637404521|1.3846153846153846|TotalCurrentAssetsChange,32
1325|17.60683345839673|37|0.4758603637404521|1.3846153846153846|TotalCurrentAssetsChange,32
1330|17.60683345839673|37|0.4758603637404521|1.3846153846153846|TotalCurrentAssetsChange,32
1335|17.60683345839673|37|0.4758603637404521|1.3846153846153846|TotalCurrentAssetsChange,32
1340|17.60683345839673|37|0.4758603637404521|1.3846153846153846|TotalCurrentAssetsChange,32
1345|17.60683345839673|37|0.4758603637404521|1.3846153846153846|TotalCurrentAssetsChange,32
1350|17.60683345839673|37|0.4758603637404521|1.3846153846153846|TotalCurrentAssetsChange,32
1355|17.60683345839673|37|0.4758603637404521|1.3846153846153846|TotalCurrentAssetsChange,32
1360|17.60683345839673|37|0.4758603637404521|1.3846153846153846|TotalCurrentAssetsChange,32
1365|17.60683345839673|37|0.4758603637404521|1.3846153846153846|TotalCurrentAssetsChange,32
1370|17.60683345839673|37|0.4758603637404521|1.3846153846153846|TotalCurrentAssetsChange,32
1375|17.60683345839673|37|0.4758603637404521|1.3846153846153846|TotalCurrentAssetsChange,32
1380|17.60683345839673|37|0.4758603637404521|1.3846153846153846|TotalCurrentAssetsChange,32
1385|17.60683345839673|37|0.4758603637404521|1.3846153846153846|TotalCurrentAssetsChange,32
1390|17.60683345839673|37|0.4758603637404521|1.3846153846153846|TotalCurrentAssetsChange,32
1395|17.60683345839673|37|0.4758603637404521|1.3846153846153846|TotalCurrentAssetsChange,32
1400|17.60683345839673|37|0.4758603637404521|1.3846153846153846|TotalCurrentAssetsChange,32
1405|17.60683345839673|37|0.4758603637404521|1.3846153846153846|TotalCurrentAssetsChange,32
1410|17.60683345839673|37|0.4758603637404521|1.3846153846153846|TotalCurrentAssetsChange,32
1415|17.60683345839673|37|0.4758603637404521|1.3846153846153846|TotalCurrentAssetsChange,32
1420|17.60683345839673|37|0.4758603637404521|1.3846153846153846|TotalCurrentAssetsChange,32
1425|17.60683345839673|37|0.4758603637404521|1.3846153846153846|TotalCurrentAssetsChange,32
1430|17.60683345839673|37|0.4758603637404521|1.3846153846153846|TotalCurrentAssetsChange,32
1435|17.60683345839673|37|0.4758603637404521|1.3846153846153846|TotalCurrentAssetsChange,32
1440|17.60683345839673|37|0.4758603637404521|1.3846153846153846|TotalCurrentAssetsChange,32
1445|17.60683345839673|37|0.4758603637404521|1.3846153846153846|TotalCurrentAssetsChange,32
1450|17.60683345839673|37|0.4758603637404521|1.3846153846153846|TotalCurrentAssetsChange,32
1455|17.60683345839673|37|0.4758603637404521|1.3846153846153846|TotalCurrentAssetsChange,32
1460|17.60683345839673|37|0.4758603637404521|1.3846153846153846|TotalCurrentAssetsChange,32
1465|17.60683345839673|37|0.4758603637404521|1.3846153846153846|TotalCurrentAssetsChange,32
1470|17.60683345839673|37|0.4758603637404521|1.3846153846153846|TotalCurrentAssetsChange,32
1475|17.60683345839673|37|0.4758603637404521|1.3846153846153846|TotalCurrentAssetsChange,32
1480|17.60683345839673|37|0.4758603637404521|1.3846153846153846|TotalCurrentAssetsChange,32
1485|17.60683345839673|37|0.4758603637404521|1.3846153846153846|TotalCurrentAssetsChange,32
1490|17.60683345839673|37|0.4758603637404521|1.3846153846153846|TotalCurrentAssetsChange,32
1495|17.60683345839673|37|0.4758603637404521|1.3846153846153846|TotalCurrentAssetsChange,32
1500|17.60683345839673|37|0.4758603637404521|1.3846153846153846|TotalCurrentAssetsChange,32
1505|17.60683345839673|37|0.4758603637404521|1.3846153846153846|TotalCurrentAssetsChange,32
1510|17.60683345839673|37|0.4758603637404521|1.3846153846153846|TotalCurrentAssetsChange,32
1515|17.60683345839673|37|0.4758603637404521|1.3846153846153846|TotalCurrentAssetsChange,32
1520|17.60683345839673|37|0.4758603637404521|1.3846153846153846|TotalCurrentAssetsChange,32
1525|17.60683345839673|37|0.4758603637404521|1.3846153846153846|TotalCurrentAssetsChange,32
1530|17.60683345839673|37|0.4758603637404521|1.3846153846153846|TotalCurrentAssetsChange,32
1535|17.60683345839673|37|0.4758603637404521|1.3846153846153846|TotalCurrentAssetsChange,32
1540|17.60683345839673|37|0.4758603637404521|1.3846153846153846|TotalCurrentAssetsChange,32
1545|17.60683345839673|37|0.4758603637404521|1.3846153846153846|TotalCurrentAssetsChange,32
1550|17.60683345839673|37|0.4758603637404521|1.3846153846153846|TotalCurrentAssetsChange,32
1555|17.60683345839673|37|0.4758603637404521|1.3846153846153846|TotalCurrentAssetsChange,32
1560|17.60683345839673|37|0.4758603637404521|1.3846153846153846|TotalCurrentAssetsChange,32
1565|17.60683345839673|37|0.4758603637404521|1.3846153846153846|TotalCurrentAssetsChange,32
1570|17.60683345839673|37|0.4758603637404521|1.3846153846153846|TotalCurrentAssetsChange,32
1575|17.60683345839673|37|0.4758603637404521|1.3846153846153846|TotalCurrentAssetsChange,32
1580|17.60683345839673|37|0.4758603637404521|1.3846153846153846|TotalCurrentAssetsChange,32
1585|17.60683345839673|37|0.4758603637404521|1.3846153846153846|TotalCurrentAssetsChange,32
1590|17.60683345839673|37|0.4758603637404521|1.3846153846153846|TotalCurrentAssetsChange,32
1595|17.60683345839673|37|0.4758603637404521|1.3846153846153846|TotalCurrentAssetsChange,32
1600|17.60683345839673|37|0.4758603637404521|1.3846153846153846|TotalCurrentAssetsChange,32
1605|17.60683345839673|37|0.4758603637404521|1.3846153846153846|TotalCurrentAssetsChange,32
1610|17.60683345839673|37|0.4758603637404521|1.3846153846153846|TotalCurrentAssetsChange,32
1615|17.60683345839673|37|0.4758603637404521|1.3846153846153846|TotalCurrentAssetsChange,32
1620|17.60683345839673|37|0.4758603637404521|1.3846153846153846|TotalCurrentAssetsChange,32
1625|17.60683345839673|37|0.4758603637404521|1.3846153846153846|TotalCurrentAssetsChange,32
1630|17.60683345839673|37|0.4758603637404521|1.3846153846153846|TotalCurrentAssetsChange,32
1635|17.60683345839673|37|0.4758603637404521|1.3846153846153846|TotalCurrentAssetsChange,32
1640|17.60683345839673|37|0.4758603637404521|1.3846153846153846|TotalCurrentAssetsChange,32
1645|17.60683345839673|37|0.4758603637404521|1.3846153846153846|TotalCurrentAssetsChange,32
1650|17.60683345839673|37|0.4758603637404521|1.3846153846153846|TotalCurrentAssetsChange,32
1655|17.60683345839673|37|0.4758603637404521|1.3846153846153846|TotalCurrentAssetsChange,32
1660|17.60683345839673|37|0.4758603637404521|1.3846153846153846|TotalCurrentAssetsChange,32
1665|17.60683345839673|37|0.4758603637404521|1.3846153846153846|TotalCurrentAssetsChange,32
1670|17.60683345839673|37|0.4758603637404521|1.3846153846153846|TotalCurrentAssetsChange,32
1675|17.60683345839673|37|0.4758603637404521|1.3846153846153846|TotalCurrentAssetsChange,32
1680|17.60683345839673|37|0.4758603637404521|1.3846153846153846|TotalCurrentAssetsChange,32
1685|17.60683345839673|37|0.4758603637404521|1.3846153846153846|TotalCurrentAssetsChange,32
1690|17.60683345839673|37|0.4758603637404521|1.3846153846153846|TotalCurrentAssetsChange,32
1695|17.60683345839673|37|0.4758603637404521|1.3846153846153846|TotalCurrentAssetsChange,32
1700|17.60683345839673|37|0.4758603637404521|1.3846153846153846|TotalCurrentAssetsChange,32
1705|17.60683345839673|37|0.4758603637404521|1.3846153846153846|TotalCurrentAssetsChange,32
1710|17.60683345839673|37|0.4758603637404521|1.3846153846153846|TotalCurrentAssetsChange,32
1715|17.60683345839673|37|0.4758603637404521|1.3846153846153846|TotalCurrentAssetsChange,32
1720|17.60683345839673|37|0.4758603637404521|1.3846153846153846|TotalCurrentAssetsChange,32
1725|17.60683345839673|37|0.4758603637404521|1.3846153846153846|TotalCurrentAssetsChange,32
1730|17.60683345839673|37|0.4758603637404521|1.3846153846153846|TotalCurrentAssetsChange,32
1735|17.60683345839673|37|0.4758603637404521|1.3846153846153846|TotalCurrentAssetsChange,32
1740|17.60683345839673|37|0.4758603637404521|1.3846153846153846|TotalCurrentAssetsChange,32
1745|17.60683345839673|37|0.4758603637404521|1.3846153846153846|TotalCurrentAssetsChange,32
1750|17.60683345839673|37|0.4758603637404521|1.3846153846153846|TotalCurrentAssetsChange,32
1755|17.60683345839673|37|0.4758603637404521|1.3846153846153846|TotalCurrentAssetsChange,32
1760|17.60683345839673|37|0.4758603637404521|1.3846153846153846|TotalCurrentAssetsChange,32
1765|17.60683345839673|37|0.4758603637404521|1.3846153846153846|TotalCurrentAssetsChange,32
1770|17.60683345839673|37|0.4758603637404521|1.3846153846153846|TotalCurrentAssetsChange,32
1775|17.60683345839673|37|0.4758603637404521|1.3846153846153846|TotalCurrentAssetsChange,32
1780|17.60683345839673|37|0.4758603637404521|1.3846153846153846|TotalCurrentAssetsChange,32
1785|17.60683345839673|37|0.4758603637404521|1.3846153846153846|TotalCurrentAssetsChange,32
1790|17.60683345839673|37|0.4758603637404521|1.3846153846153846|TotalCurrentAssetsChange,32
1795|17.60683345839673|37|0.4758603637404521|1.3846153846153846|TotalCurrentAssetsChange,32
1800|17.60683345839673|37|0.4758603637404521|1.3846153846153846|TotalCurrentAssetsChange,32
1805|17.60683345839673|37|0.4758603637404521|1.3846153846153846|TotalCurrentAssetsChange,32
1810|17.60683345839673|37|0.4758603637404521|1.3846153846153846|TotalCurrentAssetsChange,32
1815|17.60683345839673|37|0.4758603637404521|1.3846153846153846|TotalCurrentAssetsChange,32
1820|17.60683345839673|37|0.4758603637404521|1.3846153846153846|TotalCurrentAssetsChange,32
1825|17.60683345839673|37|0.4758603637404521|1.3846153846153846|TotalCurrentAssetsChange,32
1830|17.60683345839673|37|0.4758603637404521|1.3846153846153846|TotalCurrentAssetsChange,32
1835|17.60683345839673|37|0.4758603637404521|1.3846153846153846|TotalCurrentAssetsChange,32
1840|17.60683345839673|37|0.4758603637404521|1.3846153846153846|TotalCurrentAssetsChange,32
1845|17.60683345839673|37|0.4758603637404521|1.3846153846153846|TotalCurrentAssetsChange,32
1850|17.60683345839673|37|0.4758603637404521|1.3846153846153846|TotalCurrentAssetsChange,32
1855|17.60683345839673|37|0.4758603637404521|1.3846153846153846|TotalCurrentAssetsChange,32
1860|17.60683345839673|37|0.4758603637404521|1.3846153846153846|TotalCurrentAssetsChange,32
1865|17.60683345839673|37|0.4758603637404521|1.3846153846153846|TotalCurrentAssetsChange,32
1870|17.60683345839673|37|0.4758603637404521|1.3846153846153846|TotalCurrentAssetsChange,32
1875|17.60683345839673|37|0.4758603637404521|1.3846153846153846|TotalCurrentAssetsChange,32
1880|17.60683345839673|37|0.4758603637404521|1.3846153846153846|TotalCurrentAssetsChange,32
1885|17.60683345839673|37|0.4758603637404521|1.3846153846153846|TotalCurrentAssetsChange,32
1890|17.60683345839673|37|0.4758603637404521|1.3846153846153846|TotalCurrentAssetsChange,32
1895|17.60683345839673|37|0.4758603637404521|1.3846153846153846|TotalCurrentAssetsChange,32
1900|17.60683345839673|37|0.4758603637404521|1.3846153846153846|TotalCurrentAssetsChange,32
1905|17.60683345839673|37|0.4758603637404521|1.3846153846153846|TotalCurrentAssetsChange,32
1910|17.60683345839673|37|0.4758603637404521|1.3846153846153846|TotalCurrentAssetsChange,32
1915|17.60683345839673|37|0.4758603637404521|1.3846153846153846|TotalCurrentAssetsChange,32
1920|17.60683345839673|37|0.4758603637404521|1.3846153846153846|TotalCurrentAssetsChange,32
1925|17.60683345839673|37|0.4758603637404521|1.3846153846153846|TotalCurrentAssetsChange,32
1930|17.60683345839673|37|0.4758603637404521|1.3846153846153846|TotalCurrentAssetsChange,32
1935|17.60683345839673|37|0.4758603637404521|1.3846153846153846|TotalCurrentAssetsChange,32
1940|17.60683345839673|37|0.4758603637404521|1.3846153846153846|TotalCurrentAssetsChange,32
1945|17.60683345839673|37|0.4758603637404521|1.3846153846153846|TotalCurrentAssetsChange,32
1950|17.60683345839673|37|0.4758603637404521|1.3846153846153846|TotalCurrentAssetsChange,32
1955|17.60683345839673|37|0.4758603637404521|1.3846153846153846|TotalCurrentAssetsChange,32
1960|17.60683345839673|37|0.4758603637404521|1.3846153846153846|TotalCurrentAssetsChange,32
1965|17.60683345839673|37|0.4758603637404521|1.3846153846153846|TotalCurrentAssetsChange,32
1970|17.60683345839673|37|0.4758603637404521|1.3846153846153846|TotalCurrentAssetsChange,32
1975|17.60683345839673|37|0.4758603637404521|1.3846153846153846|TotalCurrentAssetsChange,32
1980|17.60683345839673|37|0.4758603637404521|1.3846153846153846|TotalCurrentAssetsChange,32
1985|17.60683345839673|37|0.4758603637404521|1.3846153846153846|TotalCurrentAssetsChange,32
1990|17.60683345839673|37|0.4758603637404521|1.3846153846153846|TotalCurrentAssetsChange,32
1995|17.60683345839673|37|0.4758603637404521|1.3846153846153846|TotalCurrentAssetsChange,32
2000|17.60683345839673|37|0.4758603637404521|1.3846153846153846|TotalCurrentAssetsChange,32
