#########################################################
# Algorithm Parameters #
# Generations = 2000
# Population size = 100
# Resolution = 5
#########################################################
# Financial Parameters #
# Quarter = 1
# Crossover probabilities = 0.75 -> 0.25
# Mutation start probabilities = 0.9,0.0,0.6,0.5,0.6,0.9
# Mutation end probabilities = 0.4,0.4,0.1,0.1,0.1,0.4
######################################################### 
0|7.555520605683609|7|1.0793600865262298|1.0|SGAExpenses09,12
5|8.293217031257377|9|0.9214685590285975|1.0|SGAExpenses09,12
10|8.873809091722954|11|0.8067099174293595|1.25|ReturnOnEquity10,22
15|8.873809091722954|9|0.9859787879692171|1.0|ReturnOnAssets09,18
20|8.873809091722954|7|1.2676870131032791|1.0|SGAExpensesChange,14
25|9.166758388057378|19|0.4824609677924936|1.125|SGAExpensesChange,14
30|9.206803071286886|21|0.43841919387080414|1.1111111111111112|SGAExpensesChange,14
35|9.601890688290164|23|0.41747350818652884|1.1|SGAExpensesChange,14
40|9.601890688290164|23|0.41747350818652884|1.1|SGAExpensesChange,14
45|9.641935371519672|27|0.35710871746369155|1.4444444444444444|TotalCurrentLiabilitiesChange,35
50|9.641935371519672|25|0.3856774148607869|1.0|SGAExpensesChange,14
55|9.687893413916392|27|0.3588108671820886|1.0833333333333333|CapExSalesChange,29
60|9.687893413916392|27|0.3588108671820886|1.0833333333333333|CapExSalesChange,29
65|10.054538325037706|43|0.2338264726752955|1.6153846153846154|CapExSales09,27
70|10.054538325037706|43|0.2338264726752955|1.6153846153846154|CapExSales09,27
75|10.054538325037706|35|0.2872725235725059|1.2142857142857142|ReturnOnInvestedCapital10,25
80|10.054538325037706|29|0.3467082181047485|1.4|ResearchDevelopment09,15
85|10.054538325037706|27|0.37239030833472986|1.0|ResearchDevelopment09,15
90|10.054538325037706|27|0.37239030833472986|1.0|ResearchDevelopment09,15
95|10.054538325037706|27|0.37239030833472986|1.0|ResearchDevelopment09,15
100|10.054538325037706|23|0.4371538402190307|1.2222222222222223|ResearchDevelopmentChange,17
105|10.054538325037706|19|0.5291862276335635|1.5|ResearchDevelopmentChange,17
110|10.054538325037706|19|0.5291862276335635|1.5|ResearchDevelopmentChange,17
115|10.054538325037706|19|0.5291862276335635|1.5|ResearchDevelopmentChange,17
120|10.054538325037706|19|0.5291862276335635|1.5|ResearchDevelopmentChange,17
125|10.054538325037706|19|0.5291862276335635|1.5|ResearchDevelopmentChange,17
130|10.054538325037706|19|0.5291862276335635|1.5|ResearchDevelopmentChange,17
135|10.054538325037706|15|0.6703025550025138|1.0|ResearchDevelopment09,15
140|10.054538325037706|15|0.6703025550025138|1.0|ResearchDevelopment09,15
145|10.054538325037706|15|0.6703025550025138|1.0|ResearchDevelopment09,15
150|10.054538325037706|15|0.6703025550025138|1.0|ResearchDevelopment09,15
155|10.054538325037706|15|0.6703025550025138|1.0|ResearchDevelopment09,15
160|10.054538325037706|15|0.6703025550025138|1.0|ResearchDevelopment09,15
165|10.054538325037706|15|0.6703025550025138|1.0|ResearchDevelopment09,15
170|10.054538325037706|15|0.6703025550025138|1.0|ResearchDevelopment09,15
175|10.054538325037706|15|0.6703025550025138|1.0|ResearchDevelopment09,15
180|10.054538325037706|15|0.6703025550025138|1.0|ResearchDevelopment09,15
185|10.054538325037706|15|0.6703025550025138|1.0|ResearchDevelopment09,15
190|10.054538325037706|13|0.7734260250029005|1.0|ResearchDevelopmentChange,17
195|10.171769402618034|17|0.5983393766245902|1.0|ResearchDevelopment09,15
200|10.171769402618034|17|0.5983393766245902|1.0|ResearchDevelopment09,15
205|10.171769402618034|17|0.5983393766245902|1.0|ResearchDevelopment09,15
210|10.171769402618034|17|0.5983393766245902|1.0|ResearchDevelopment09,15
215|10.171769402618034|17|0.5983393766245902|1.0|ResearchDevelopment09,15
220|10.171769402618034|17|0.5983393766245902|1.0|ResearchDevelopment09,15
225|10.171769402618034|17|0.5983393766245902|1.0|ResearchDevelopment09,15
230|10.171769402618034|17|0.5983393766245902|1.0|ResearchDevelopment09,15
235|10.171769402618034|17|0.5983393766245902|1.0|ResearchDevelopment09,15
240|10.171769402618034|17|0.5983393766245902|1.0|ResearchDevelopment09,15
245|10.171769402618034|17|0.5983393766245902|1.0|ResearchDevelopment09,15
250|10.171769402618034|17|0.5983393766245902|1.0|ResearchDevelopment09,15
255|10.171769402618034|17|0.5983393766245902|1.0|ResearchDevelopment09,15
260|10.171769402618034|17|0.5983393766245902|1.0|ResearchDevelopment09,15
265|10.171769402618034|17|0.5983393766245902|1.0|ResearchDevelopment09,15
270|10.171769402618034|17|0.5983393766245902|1.0|ResearchDevelopment09,15
275|10.171769402618034|17|0.5983393766245902|1.0|ResearchDevelopment09,15
280|10.171769402618034|17|0.5983393766245902|1.0|ResearchDevelopment09,15
285|10.171769402618034|17|0.5983393766245902|1.0|ResearchDevelopment09,15
290|10.171769402618034|17|0.5983393766245902|1.0|ResearchDevelopment09,15
295|10.171769402618034|17|0.5983393766245902|1.0|ResearchDevelopment09,15
300|10.171769402618034|17|0.5983393766245902|1.0|ResearchDevelopment09,15
305|10.171769402618034|17|0.5983393766245902|1.0|ResearchDevelopment09,15
310|10.171769402618034|17|0.5983393766245902|1.0|ResearchDevelopment09,15
315|10.171769402618034|17|0.5983393766245902|1.0|ResearchDevelopment09,15
320|10.171769402618034|17|0.5983393766245902|1.0|ResearchDevelopment09,15
325|10.171769402618034|17|0.5983393766245902|1.0|ResearchDevelopment09,15
330|10.171769402618034|17|0.5983393766245902|1.0|ResearchDevelopment09,15
335|10.171769402618034|17|0.5983393766245902|1.0|ResearchDevelopment09,15
340|10.171769402618034|17|0.5983393766245902|1.0|ResearchDevelopment09,15
345|10.171769402618034|17|0.5983393766245902|1.0|ResearchDevelopment09,15
350|10.171769402618034|17|0.5983393766245902|1.0|ResearchDevelopment09,15
355|10.171769402618034|17|0.5983393766245902|1.0|ResearchDevelopment09,15
360|10.171769402618034|17|0.5983393766245902|1.0|ResearchDevelopment09,15
365|10.171769402618034|15|0.6781179601745356|1.0|ResearchDevelopment09,15
370|10.171769402618034|15|0.6781179601745356|1.0|ResearchDevelopment09,15
375|10.171769402618034|15|0.6781179601745356|1.0|ResearchDevelopment09,15
380|10.171769402618034|15|0.6781179601745356|1.0|ResearchDevelopment09,15
385|10.171769402618034|15|0.6781179601745356|1.0|ResearchDevelopment09,15
390|10.171769402618034|15|0.6781179601745356|1.0|ResearchDevelopment09,15
395|10.171769402618034|15|0.6781179601745356|1.0|ResearchDevelopment09,15
400|10.171769402618034|15|0.6781179601745356|1.0|ResearchDevelopment09,15
405|10.171769402618034|15|0.6781179601745356|1.0|ResearchDevelopment09,15
410|10.171769402618034|15|0.6781179601745356|1.0|ResearchDevelopment09,15
415|10.171769402618034|15|0.6781179601745356|1.0|ResearchDevelopment09,15
420|10.171769402618034|15|0.6781179601745356|1.0|ResearchDevelopment09,15
425|10.171769402618034|15|0.6781179601745356|1.0|ResearchDevelopment09,15
430|10.171769402618034|15|0.6781179601745356|1.0|ResearchDevelopment09,15
435|10.171769402618034|15|0.6781179601745356|1.0|ResearchDevelopment09,15
440|10.171769402618034|15|0.6781179601745356|1.0|ResearchDevelopment09,15
445|10.171769402618034|15|0.6781179601745356|1.0|ResearchDevelopment09,15
450|10.171769402618034|15|0.6781179601745356|1.0|ResearchDevelopment09,15
455|10.171769402618034|15|0.6781179601745356|1.0|ResearchDevelopment09,15
460|10.171769402618034|15|0.6781179601745356|1.0|ResearchDevelopment09,15
465|10.171769402618034|15|0.6781179601745356|1.0|ResearchDevelopment09,15
470|10.171769402618034|15|0.6781179601745356|1.0|ResearchDevelopment09,15
475|10.171769402618034|15|0.6781179601745356|1.0|ResearchDevelopment09,15
480|10.171769402618034|15|0.6781179601745356|1.0|ResearchDevelopment09,15
485|10.171769402618034|15|0.6781179601745356|1.0|ResearchDevelopment09,15
490|10.171769402618034|15|0.6781179601745356|1.0|ResearchDevelopment09,15
495|10.171769402618034|15|0.6781179601745356|1.0|ResearchDevelopment09,15
500|10.171769402618034|15|0.6781179601745356|1.0|ResearchDevelopment09,15
505|10.171769402618034|15|0.6781179601745356|1.0|ResearchDevelopment09,15
510|10.171769402618034|15|0.6781179601745356|1.0|ResearchDevelopment09,15
515|10.171769402618034|15|0.6781179601745356|1.0|ResearchDevelopment09,15
520|10.171769402618034|15|0.6781179601745356|1.0|ResearchDevelopment09,15
525|10.18794594810656|17|0.5992909381239153|1.0|GrossMarginChange,2
530|10.18794594810656|17|0.5992909381239153|1.0|GrossMarginChange,2
535|10.18794594810656|17|0.5992909381239153|1.0|GrossMarginChange,2
540|10.18794594810656|17|0.5992909381239153|1.0|GrossMarginChange,2
545|10.215767520142622|25|0.40863070080570485|1.2|ResearchDevelopmentChange,17
550|10.215767520142622|25|0.40863070080570485|1.2|ResearchDevelopmentChange,17
555|10.215767520142622|25|0.40863070080570485|1.2|ResearchDevelopmentChange,17
560|10.215767520142622|25|0.40863070080570485|1.2|ResearchDevelopmentChange,17
565|10.215767520142622|25|0.40863070080570485|1.2|ResearchDevelopmentChange,17
570|10.215767520142622|23|0.4441638052235923|1.1|ResearchDevelopmentChange,17
575|10.215767520142622|19|0.5376719747443485|1.125|CapExSalesChange,29
580|10.464624334152457|25|0.4185849733660983|1.2|ResearchDevelopmentChange,17
585|10.464624334152457|25|0.4185849733660983|1.2|ResearchDevelopmentChange,17
590|10.464624334152457|25|0.4185849733660983|1.2|ResearchDevelopmentChange,17
595|10.464624334152457|25|0.4185849733660983|1.2|ResearchDevelopmentChange,17
600|10.464624334152457|25|0.4185849733660983|1.2|ResearchDevelopmentChange,17
605|10.464624334152457|23|0.45498366670228074|1.2222222222222223|ResearchDevelopmentChange,17
610|10.464624334152457|23|0.45498366670228074|1.2222222222222223|ResearchDevelopmentChange,17
615|10.464624334152457|23|0.45498366670228074|1.2222222222222223|ResearchDevelopmentChange,17
620|10.464624334152457|23|0.45498366670228074|1.2222222222222223|ResearchDevelopmentChange,17
625|10.464624334152457|23|0.45498366670228074|1.2222222222222223|ResearchDevelopmentChange,17
630|10.464624334152457|23|0.45498366670228074|1.2222222222222223|ResearchDevelopmentChange,17
635|10.464624334152457|23|0.45498366670228074|1.2222222222222223|ResearchDevelopmentChange,17
640|10.464624334152457|23|0.45498366670228074|1.2222222222222223|ResearchDevelopmentChange,17
645|10.464624334152457|23|0.45498366670228074|1.2222222222222223|ResearchDevelopmentChange,17
650|10.464624334152457|23|0.45498366670228074|1.2222222222222223|ResearchDevelopmentChange,17
655|10.634524848309836|27|0.3938712906781421|1.1818181818181819|ResearchDevelopmentChange,17
660|10.634524848309836|27|0.3938712906781421|1.1818181818181819|ResearchDevelopmentChange,17
665|10.634524848309836|27|0.3938712906781421|1.1818181818181819|ResearchDevelopmentChange,17
670|10.634524848309836|25|0.4253809939323934|1.5|ResearchDevelopmentChange,17
675|10.634524848309836|25|0.4253809939323934|1.5|ResearchDevelopmentChange,17
680|10.634524848309836|25|0.4253809939323934|1.5|ResearchDevelopmentChange,17
685|10.634524848309836|25|0.4253809939323934|1.5|ResearchDevelopmentChange,17
690|10.634524848309836|25|0.4253809939323934|1.5|ResearchDevelopmentChange,17
695|10.634524848309836|25|0.4253809939323934|1.5|ResearchDevelopmentChange,17
700|10.634524848309836|25|0.4253809939323934|1.5|ResearchDevelopmentChange,17
705|10.634524848309836|25|0.4253809939323934|1.5|ResearchDevelopmentChange,17
710|10.634524848309836|21|0.5064059451576112|1.25|ResearchDevelopmentChange,17
715|10.634524848309836|21|0.5064059451576112|1.25|ResearchDevelopmentChange,17
720|10.634524848309836|21|0.5064059451576112|1.25|ResearchDevelopmentChange,17
725|10.634524848309836|21|0.5064059451576112|1.25|ResearchDevelopmentChange,17
730|10.634524848309836|21|0.5064059451576112|1.25|ResearchDevelopmentChange,17
735|10.634524848309836|21|0.5064059451576112|1.25|ResearchDevelopmentChange,17
740|10.634524848309836|21|0.5064059451576112|1.25|ResearchDevelopmentChange,17
745|10.634524848309836|21|0.5064059451576112|1.25|ResearchDevelopmentChange,17
750|10.634524848309836|21|0.5064059451576112|1.25|ResearchDevelopmentChange,17
755|10.634524848309836|21|0.5064059451576112|1.25|ResearchDevelopmentChange,17
760|10.634524848309836|19|0.5597118341215703|1.2857142857142858|ResearchDevelopmentChange,17
765|10.634524848309836|19|0.5597118341215703|1.2857142857142858|ResearchDevelopmentChange,17
770|10.634524848309836|19|0.5597118341215703|1.2857142857142858|ResearchDevelopmentChange,17
775|10.634524848309836|19|0.5597118341215703|1.2857142857142858|ResearchDevelopmentChange,17
780|10.634524848309836|19|0.5597118341215703|1.2857142857142858|ResearchDevelopmentChange,17
785|10.634524848309836|19|0.5597118341215703|1.2857142857142858|ResearchDevelopmentChange,17
790|10.634524848309836|19|0.5597118341215703|1.2857142857142858|ResearchDevelopmentChange,17
795|10.652129490303277|27|0.39452331445567695|1.8571428571428572|ResearchDevelopmentChange,17
800|10.652129490303277|27|0.39452331445567695|1.8571428571428572|ResearchDevelopmentChange,17
805|10.652129490303277|27|0.39452331445567695|1.8571428571428572|ResearchDevelopmentChange,17
810|10.652129490303277|27|0.39452331445567695|1.8571428571428572|ResearchDevelopmentChange,17
815|10.652129490303277|21|0.5072442614430133|1.1111111111111112|ResearchDevelopmentChange,17
820|10.652129490303277|21|0.5072442614430133|1.1111111111111112|ResearchDevelopmentChange,17
825|10.652129490303277|21|0.5072442614430133|1.1111111111111112|ResearchDevelopmentChange,17
830|10.652129490303277|21|0.5072442614430133|1.1111111111111112|ResearchDevelopmentChange,17
835|10.652129490303277|21|0.5072442614430133|1.1111111111111112|ResearchDevelopmentChange,17
840|10.652129490303277|21|0.5072442614430133|1.1111111111111112|ResearchDevelopmentChange,17
845|10.652129490303277|21|0.5072442614430133|1.1111111111111112|ResearchDevelopmentChange,17
850|10.652129490303277|21|0.5072442614430133|1.1111111111111112|ResearchDevelopmentChange,17
855|10.652129490303277|19|0.5606383942264883|1.125|ResearchDevelopmentChange,17
860|10.652129490303277|19|0.5606383942264883|1.125|ResearchDevelopmentChange,17
865|10.652129490303277|19|0.5606383942264883|1.125|ResearchDevelopmentChange,17
870|10.769360567883606|33|0.32634425963283653|1.7777777777777777|ResearchDevelopmentChange,17
875|10.769360567883606|33|0.32634425963283653|1.7777777777777777|ResearchDevelopmentChange,17
880|10.769360567883606|33|0.32634425963283653|1.7777777777777777|ResearchDevelopmentChange,17
885|10.769360567883606|29|0.3713572609615036|1.75|ResearchDevelopmentChange,17
890|10.769360567883606|29|0.3713572609615036|1.75|ResearchDevelopmentChange,17
895|10.769360567883606|29|0.3713572609615036|1.75|ResearchDevelopmentChange,17
900|10.769360567883606|29|0.3713572609615036|1.75|ResearchDevelopmentChange,17
905|10.769360567883606|29|0.3713572609615036|1.75|ResearchDevelopmentChange,17
910|10.769360567883606|25|0.4307744227153442|1.3333333333333333|TotalCurrentLiabilitiesChange,35
915|10.769360567883606|25|0.4307744227153442|1.3333333333333333|TotalCurrentLiabilitiesChange,35
920|10.769360567883606|23|0.4682330681688524|1.2222222222222223|ResearchDevelopmentChange,17
925|10.769360567883606|23|0.4682330681688524|1.2222222222222223|ResearchDevelopmentChange,17
930|10.769360567883606|23|0.4682330681688524|1.2222222222222223|ResearchDevelopmentChange,17
935|10.769360567883606|23|0.4682330681688524|1.2222222222222223|ResearchDevelopmentChange,17
940|10.769360567883606|23|0.4682330681688524|1.2222222222222223|ResearchDevelopmentChange,17
945|10.769360567883606|23|0.4682330681688524|1.2222222222222223|ResearchDevelopmentChange,17
950|10.769360567883606|23|0.4682330681688524|1.2222222222222223|ResearchDevelopmentChange,17
955|10.769360567883606|23|0.4682330681688524|1.2222222222222223|ResearchDevelopmentChange,17
960|10.769360567883606|23|0.4682330681688524|1.2222222222222223|ResearchDevelopmentChange,17
965|10.769360567883606|23|0.4682330681688524|1.2222222222222223|ResearchDevelopmentChange,17
970|10.769360567883606|23|0.4682330681688524|1.2222222222222223|ResearchDevelopmentChange,17
975|10.769360567883606|23|0.4682330681688524|1.2222222222222223|ResearchDevelopmentChange,17
980|10.769360567883606|23|0.4682330681688524|1.2222222222222223|ResearchDevelopmentChange,17
985|10.769360567883606|23|0.4682330681688524|1.2222222222222223|ResearchDevelopmentChange,17
990|10.769360567883606|23|0.4682330681688524|1.2222222222222223|ResearchDevelopmentChange,17
995|10.769360567883606|23|0.4682330681688524|1.2222222222222223|ResearchDevelopmentChange,17
1000|10.769360567883606|23|0.4682330681688524|1.2222222222222223|ResearchDevelopmentChange,17
1005|10.769360567883606|23|0.4682330681688524|1.2222222222222223|ResearchDevelopmentChange,17
1010|10.769360567883606|23|0.4682330681688524|1.2222222222222223|ResearchDevelopmentChange,17
1015|10.769360567883606|21|0.5128266937087431|1.25|ResearchDevelopmentChange,17
1020|10.769360567883606|21|0.5128266937087431|1.25|ResearchDevelopmentChange,17
1025|10.769360567883606|21|0.5128266937087431|1.25|ResearchDevelopmentChange,17
1030|10.769360567883606|19|0.5668084509412424|1.2857142857142858|ResearchDevelopmentChange,17
1035|10.769360567883606|19|0.5668084509412424|1.2857142857142858|ResearchDevelopmentChange,17
1040|10.769360567883606|19|0.5668084509412424|1.2857142857142858|ResearchDevelopmentChange,17
1045|10.769360567883606|19|0.5668084509412424|1.2857142857142858|ResearchDevelopmentChange,17
1050|10.769360567883606|19|0.5668084509412424|1.2857142857142858|ResearchDevelopmentChange,17
1055|10.769360567883606|19|0.5668084509412424|1.2857142857142858|ResearchDevelopmentChange,17
1060|10.769360567883606|19|0.5668084509412424|1.2857142857142858|ResearchDevelopmentChange,17
1065|10.769360567883606|19|0.5668084509412424|1.2857142857142858|ResearchDevelopmentChange,17
1070|10.769360567883606|19|0.5668084509412424|1.2857142857142858|ResearchDevelopmentChange,17
1075|10.769360567883606|19|0.5668084509412424|1.2857142857142858|ResearchDevelopmentChange,17
1080|10.769360567883606|19|0.5668084509412424|1.2857142857142858|ResearchDevelopmentChange,17
1085|10.769360567883606|19|0.5668084509412424|1.2857142857142858|ResearchDevelopmentChange,17
1090|10.769360567883606|19|0.5668084509412424|1.2857142857142858|ResearchDevelopmentChange,17
1095|10.769360567883606|19|0.5668084509412424|1.2857142857142858|ResearchDevelopmentChange,17
1100|10.769360567883606|19|0.5668084509412424|1.2857142857142858|ResearchDevelopmentChange,17
1105|10.769360567883606|19|0.5668084509412424|1.2857142857142858|ResearchDevelopmentChange,17
1110|10.769360567883606|19|0.5668084509412424|1.2857142857142858|ResearchDevelopmentChange,17
1115|10.769360567883606|19|0.5668084509412424|1.2857142857142858|ResearchDevelopmentChange,17
1120|10.769360567883606|19|0.5668084509412424|1.2857142857142858|ResearchDevelopmentChange,17
1125|10.769360567883606|19|0.5668084509412424|1.2857142857142858|ResearchDevelopmentChange,17
1130|10.769360567883606|19|0.5668084509412424|1.2857142857142858|ResearchDevelopmentChange,17
1135|10.769360567883606|19|0.5668084509412424|1.2857142857142858|ResearchDevelopmentChange,17
1140|10.769360567883606|19|0.5668084509412424|1.2857142857142858|ResearchDevelopmentChange,17
1145|10.769360567883606|19|0.5668084509412424|1.2857142857142858|ResearchDevelopmentChange,17
1150|10.769360567883606|19|0.5668084509412424|1.2857142857142858|ResearchDevelopmentChange,17
1155|10.769360567883606|19|0.5668084509412424|1.2857142857142858|ResearchDevelopmentChange,17
1160|10.769360567883606|19|0.5668084509412424|1.2857142857142858|ResearchDevelopmentChange,17
1165|10.769360567883606|19|0.5668084509412424|1.2857142857142858|ResearchDevelopmentChange,17
1170|10.769360567883606|19|0.5668084509412424|1.2857142857142858|ResearchDevelopmentChange,17
1175|10.769360567883606|19|0.5668084509412424|1.2857142857142858|ResearchDevelopmentChange,17
1180|10.769360567883606|19|0.5668084509412424|1.2857142857142858|ResearchDevelopmentChange,17
1185|10.769360567883606|19|0.5668084509412424|1.2857142857142858|ResearchDevelopmentChange,17
1190|10.769360567883606|19|0.5668084509412424|1.2857142857142858|ResearchDevelopmentChange,17
1195|10.769360567883606|19|0.5668084509412424|1.2857142857142858|ResearchDevelopmentChange,17
1200|10.769360567883606|19|0.5668084509412424|1.2857142857142858|ResearchDevelopmentChange,17
1205|10.769360567883606|19|0.5668084509412424|1.2857142857142858|ResearchDevelopmentChange,17
1210|10.769360567883606|19|0.5668084509412424|1.2857142857142858|ResearchDevelopmentChange,17
1215|10.769360567883606|19|0.5668084509412424|1.2857142857142858|ResearchDevelopmentChange,17
1220|10.769360567883606|19|0.5668084509412424|1.2857142857142858|ResearchDevelopmentChange,17
1225|10.769360567883606|19|0.5668084509412424|1.2857142857142858|ResearchDevelopmentChange,17
1230|10.769360567883606|19|0.5668084509412424|1.2857142857142858|ResearchDevelopmentChange,17
1235|10.769360567883606|19|0.5668084509412424|1.2857142857142858|ResearchDevelopmentChange,17
1240|10.769360567883606|19|0.5668084509412424|1.2857142857142858|ResearchDevelopmentChange,17
1245|10.769360567883606|19|0.5668084509412424|1.2857142857142858|ResearchDevelopmentChange,17
1250|10.769360567883606|19|0.5668084509412424|1.2857142857142858|ResearchDevelopmentChange,17
1255|10.769360567883606|19|0.5668084509412424|1.2857142857142858|ResearchDevelopmentChange,17
1260|10.769360567883606|19|0.5668084509412424|1.2857142857142858|ResearchDevelopmentChange,17
1265|10.769360567883606|19|0.5668084509412424|1.2857142857142858|ResearchDevelopmentChange,17
1270|10.769360567883606|19|0.5668084509412424|1.2857142857142858|ResearchDevelopmentChange,17
1275|10.769360567883606|19|0.5668084509412424|1.2857142857142858|ResearchDevelopmentChange,17
1280|10.769360567883606|19|0.5668084509412424|1.2857142857142858|ResearchDevelopmentChange,17
1285|10.769360567883606|19|0.5668084509412424|1.2857142857142858|ResearchDevelopmentChange,17
1290|10.769360567883606|19|0.5668084509412424|1.2857142857142858|ResearchDevelopmentChange,17
1295|10.769360567883606|19|0.5668084509412424|1.2857142857142858|ResearchDevelopmentChange,17
1300|10.769360567883606|19|0.5668084509412424|1.2857142857142858|ResearchDevelopmentChange,17
1305|10.769360567883606|19|0.5668084509412424|1.2857142857142858|ResearchDevelopmentChange,17
1310|10.769360567883606|19|0.5668084509412424|1.2857142857142858|ResearchDevelopmentChange,17
1315|10.769360567883606|19|0.5668084509412424|1.2857142857142858|ResearchDevelopmentChange,17
1320|10.769360567883606|19|0.5668084509412424|1.2857142857142858|ResearchDevelopmentChange,17
1325|10.769360567883606|19|0.5668084509412424|1.2857142857142858|ResearchDevelopmentChange,17
1330|10.769360567883606|19|0.5668084509412424|1.2857142857142858|ResearchDevelopmentChange,17
1335|10.769360567883606|19|0.5668084509412424|1.2857142857142858|ResearchDevelopmentChange,17
1340|10.769360567883606|19|0.5668084509412424|1.2857142857142858|ResearchDevelopmentChange,17
1345|10.769360567883606|19|0.5668084509412424|1.2857142857142858|ResearchDevelopmentChange,17
1350|10.769360567883606|19|0.5668084509412424|1.2857142857142858|ResearchDevelopmentChange,17
1355|10.769360567883606|19|0.5668084509412424|1.2857142857142858|ResearchDevelopmentChange,17
1360|10.769360567883606|19|0.5668084509412424|1.2857142857142858|ResearchDevelopmentChange,17
1365|10.769360567883606|19|0.5668084509412424|1.2857142857142858|ResearchDevelopmentChange,17
1370|10.769360567883606|19|0.5668084509412424|1.2857142857142858|ResearchDevelopmentChange,17
1375|10.769360567883606|19|0.5668084509412424|1.2857142857142858|ResearchDevelopmentChange,17
1380|10.769360567883606|19|0.5668084509412424|1.2857142857142858|ResearchDevelopmentChange,17
1385|10.769360567883606|19|0.5668084509412424|1.2857142857142858|ResearchDevelopmentChange,17
1390|10.769360567883606|19|0.5668084509412424|1.2857142857142858|ResearchDevelopmentChange,17
1395|10.769360567883606|19|0.5668084509412424|1.2857142857142858|ResearchDevelopmentChange,17
1400|10.769360567883606|19|0.5668084509412424|1.2857142857142858|ResearchDevelopmentChange,17
1405|10.769360567883606|19|0.5668084509412424|1.2857142857142858|ResearchDevelopmentChange,17
1410|10.769360567883606|19|0.5668084509412424|1.2857142857142858|ResearchDevelopmentChange,17
1415|10.769360567883606|19|0.5668084509412424|1.2857142857142858|ResearchDevelopmentChange,17
1420|10.769360567883606|19|0.5668084509412424|1.2857142857142858|ResearchDevelopmentChange,17
1425|10.769360567883606|19|0.5668084509412424|1.2857142857142858|ResearchDevelopmentChange,17
1430|10.769360567883606|19|0.5668084509412424|1.2857142857142858|ResearchDevelopmentChange,17
1435|10.769360567883606|19|0.5668084509412424|1.2857142857142858|ResearchDevelopmentChange,17
1440|10.769360567883606|19|0.5668084509412424|1.2857142857142858|ResearchDevelopmentChange,17
1445|10.769360567883606|19|0.5668084509412424|1.2857142857142858|ResearchDevelopmentChange,17
1450|10.769360567883606|19|0.5668084509412424|1.2857142857142858|ResearchDevelopmentChange,17
1455|10.769360567883606|19|0.5668084509412424|1.2857142857142858|ResearchDevelopmentChange,17
1460|10.769360567883606|19|0.5668084509412424|1.2857142857142858|ResearchDevelopmentChange,17
1465|10.769360567883606|19|0.5668084509412424|1.2857142857142858|ResearchDevelopmentChange,17
1470|10.769360567883606|19|0.5668084509412424|1.2857142857142858|ResearchDevelopmentChange,17
1475|10.769360567883606|19|0.5668084509412424|1.2857142857142858|ResearchDevelopmentChange,17
1480|10.769360567883606|19|0.5668084509412424|1.2857142857142858|ResearchDevelopmentChange,17
1485|10.769360567883606|19|0.5668084509412424|1.2857142857142858|ResearchDevelopmentChange,17
1490|10.769360567883606|19|0.5668084509412424|1.2857142857142858|ResearchDevelopmentChange,17
1495|10.769360567883606|19|0.5668084509412424|1.2857142857142858|ResearchDevelopmentChange,17
1500|10.769360567883606|19|0.5668084509412424|1.2857142857142858|ResearchDevelopmentChange,17
1505|10.769360567883606|19|0.5668084509412424|1.2857142857142858|ResearchDevelopmentChange,17
1510|10.769360567883606|19|0.5668084509412424|1.2857142857142858|ResearchDevelopmentChange,17
1515|10.769360567883606|19|0.5668084509412424|1.2857142857142858|ResearchDevelopmentChange,17
1520|10.769360567883606|19|0.5668084509412424|1.2857142857142858|ResearchDevelopmentChange,17
1525|10.769360567883606|19|0.5668084509412424|1.2857142857142858|ResearchDevelopmentChange,17
1530|10.769360567883606|19|0.5668084509412424|1.2857142857142858|ResearchDevelopmentChange,17
1535|10.769360567883606|19|0.5668084509412424|1.2857142857142858|ResearchDevelopmentChange,17
1540|10.769360567883606|19|0.5668084509412424|1.2857142857142858|ResearchDevelopmentChange,17
1545|10.769360567883606|19|0.5668084509412424|1.2857142857142858|ResearchDevelopmentChange,17
1550|10.769360567883606|19|0.5668084509412424|1.2857142857142858|ResearchDevelopmentChange,17
1555|10.769360567883606|19|0.5668084509412424|1.2857142857142858|ResearchDevelopmentChange,17
1560|10.769360567883606|19|0.5668084509412424|1.2857142857142858|ResearchDevelopmentChange,17
1565|10.769360567883606|19|0.5668084509412424|1.2857142857142858|ResearchDevelopmentChange,17
1570|10.769360567883606|19|0.5668084509412424|1.2857142857142858|ResearchDevelopmentChange,17
1575|10.769360567883606|19|0.5668084509412424|1.2857142857142858|ResearchDevelopmentChange,17
1580|10.769360567883606|19|0.5668084509412424|1.2857142857142858|ResearchDevelopmentChange,17
1585|10.769360567883606|19|0.5668084509412424|1.2857142857142858|ResearchDevelopmentChange,17
1590|10.769360567883606|19|0.5668084509412424|1.2857142857142858|ResearchDevelopmentChange,17
1595|10.769360567883606|19|0.5668084509412424|1.2857142857142858|ResearchDevelopmentChange,17
1600|10.769360567883606|19|0.5668084509412424|1.2857142857142858|ResearchDevelopmentChange,17
1605|10.769360567883606|19|0.5668084509412424|1.2857142857142858|ResearchDevelopmentChange,17
1610|10.769360567883606|19|0.5668084509412424|1.2857142857142858|ResearchDevelopmentChange,17
1615|10.769360567883606|19|0.5668084509412424|1.2857142857142858|ResearchDevelopmentChange,17
1620|10.769360567883606|19|0.5668084509412424|1.2857142857142858|ResearchDevelopmentChange,17
1625|10.769360567883606|19|0.5668084509412424|1.2857142857142858|ResearchDevelopmentChange,17
1630|10.769360567883606|19|0.5668084509412424|1.2857142857142858|ResearchDevelopmentChange,17
1635|10.769360567883606|19|0.5668084509412424|1.2857142857142858|ResearchDevelopmentChange,17
1640|10.769360567883606|19|0.5668084509412424|1.2857142857142858|ResearchDevelopmentChange,17
1645|10.769360567883606|19|0.5668084509412424|1.2857142857142858|ResearchDevelopmentChange,17
1650|10.769360567883606|19|0.5668084509412424|1.2857142857142858|ResearchDevelopmentChange,17
1655|10.769360567883606|19|0.5668084509412424|1.2857142857142858|ResearchDevelopmentChange,17
1660|10.769360567883606|19|0.5668084509412424|1.2857142857142858|ResearchDevelopmentChange,17
1665|10.769360567883606|19|0.5668084509412424|1.2857142857142858|ResearchDevelopmentChange,17
1670|10.769360567883606|19|0.5668084509412424|1.2857142857142858|ResearchDevelopmentChange,17
1675|10.769360567883606|19|0.5668084509412424|1.2857142857142858|ResearchDevelopmentChange,17
1680|10.769360567883606|19|0.5668084509412424|1.2857142857142858|ResearchDevelopmentChange,17
1685|10.769360567883606|19|0.5668084509412424|1.2857142857142858|ResearchDevelopmentChange,17
1690|10.769360567883606|19|0.5668084509412424|1.2857142857142858|ResearchDevelopmentChange,17
1695|10.769360567883606|19|0.5668084509412424|1.2857142857142858|ResearchDevelopmentChange,17
1700|10.769360567883606|19|0.5668084509412424|1.2857142857142858|ResearchDevelopmentChange,17
1705|10.769360567883606|19|0.5668084509412424|1.2857142857142858|ResearchDevelopmentChange,17
1710|10.769360567883606|19|0.5668084509412424|1.2857142857142858|ResearchDevelopmentChange,17
1715|10.769360567883606|19|0.5668084509412424|1.2857142857142858|ResearchDevelopmentChange,17
1720|10.769360567883606|19|0.5668084509412424|1.2857142857142858|ResearchDevelopmentChange,17
1725|10.769360567883606|19|0.5668084509412424|1.2857142857142858|ResearchDevelopmentChange,17
1730|10.769360567883606|19|0.5668084509412424|1.2857142857142858|ResearchDevelopmentChange,17
1735|10.769360567883606|19|0.5668084509412424|1.2857142857142858|ResearchDevelopmentChange,17
1740|10.769360567883606|19|0.5668084509412424|1.2857142857142858|ResearchDevelopmentChange,17
1745|10.769360567883606|19|0.5668084509412424|1.2857142857142858|ResearchDevelopmentChange,17
1750|10.769360567883606|19|0.5668084509412424|1.2857142857142858|ResearchDevelopmentChange,17
1755|10.769360567883606|19|0.5668084509412424|1.2857142857142858|ResearchDevelopmentChange,17
1760|10.769360567883606|19|0.5668084509412424|1.2857142857142858|ResearchDevelopmentChange,17
1765|10.769360567883606|19|0.5668084509412424|1.2857142857142858|ResearchDevelopmentChange,17
1770|10.769360567883606|19|0.5668084509412424|1.2857142857142858|ResearchDevelopmentChange,17
1775|10.769360567883606|19|0.5668084509412424|1.2857142857142858|ResearchDevelopmentChange,17
1780|10.769360567883606|19|0.5668084509412424|1.2857142857142858|ResearchDevelopmentChange,17
1785|10.769360567883606|19|0.5668084509412424|1.2857142857142858|ResearchDevelopmentChange,17
1790|10.769360567883606|19|0.5668084509412424|1.2857142857142858|ResearchDevelopmentChange,17
1795|10.769360567883606|19|0.5668084509412424|1.2857142857142858|ResearchDevelopmentChange,17
1800|10.769360567883606|19|0.5668084509412424|1.2857142857142858|ResearchDevelopmentChange,17
1805|10.769360567883606|19|0.5668084509412424|1.2857142857142858|ResearchDevelopmentChange,17
1810|10.769360567883606|19|0.5668084509412424|1.2857142857142858|ResearchDevelopmentChange,17
1815|10.769360567883606|19|0.5668084509412424|1.2857142857142858|ResearchDevelopmentChange,17
1820|10.769360567883606|19|0.5668084509412424|1.2857142857142858|ResearchDevelopmentChange,17
1825|10.769360567883606|19|0.5668084509412424|1.2857142857142858|ResearchDevelopmentChange,17
1830|10.769360567883606|19|0.5668084509412424|1.2857142857142858|ResearchDevelopmentChange,17
1835|10.769360567883606|19|0.5668084509412424|1.2857142857142858|ResearchDevelopmentChange,17
1840|10.769360567883606|19|0.5668084509412424|1.2857142857142858|ResearchDevelopmentChange,17
1845|10.769360567883606|19|0.5668084509412424|1.2857142857142858|ResearchDevelopmentChange,17
1850|10.769360567883606|19|0.5668084509412424|1.2857142857142858|ResearchDevelopmentChange,17
1855|10.769360567883606|19|0.5668084509412424|1.2857142857142858|ResearchDevelopmentChange,17
1860|10.769360567883606|19|0.5668084509412424|1.2857142857142858|ResearchDevelopmentChange,17
1865|10.769360567883606|19|0.5668084509412424|1.2857142857142858|ResearchDevelopmentChange,17
1870|10.769360567883606|19|0.5668084509412424|1.2857142857142858|ResearchDevelopmentChange,17
1875|10.769360567883606|19|0.5668084509412424|1.2857142857142858|ResearchDevelopmentChange,17
1880|10.769360567883606|19|0.5668084509412424|1.2857142857142858|ResearchDevelopmentChange,17
1885|10.769360567883606|19|0.5668084509412424|1.2857142857142858|ResearchDevelopmentChange,17
1890|10.769360567883606|19|0.5668084509412424|1.2857142857142858|ResearchDevelopmentChange,17
1895|10.769360567883606|19|0.5668084509412424|1.2857142857142858|ResearchDevelopmentChange,17
1900|10.769360567883606|19|0.5668084509412424|1.2857142857142858|ResearchDevelopmentChange,17
1905|10.769360567883606|19|0.5668084509412424|1.2857142857142858|ResearchDevelopmentChange,17
1910|10.769360567883606|19|0.5668084509412424|1.2857142857142858|ResearchDevelopmentChange,17
1915|10.769360567883606|19|0.5668084509412424|1.2857142857142858|ResearchDevelopmentChange,17
1920|10.769360567883606|19|0.5668084509412424|1.2857142857142858|ResearchDevelopmentChange,17
1925|10.769360567883606|19|0.5668084509412424|1.2857142857142858|ResearchDevelopmentChange,17
1930|10.769360567883606|19|0.5668084509412424|1.2857142857142858|ResearchDevelopmentChange,17
1935|10.769360567883606|19|0.5668084509412424|1.2857142857142858|ResearchDevelopmentChange,17
1940|10.769360567883606|19|0.5668084509412424|1.2857142857142858|ResearchDevelopmentChange,17
1945|10.769360567883606|19|0.5668084509412424|1.2857142857142858|ResearchDevelopmentChange,17
1950|10.769360567883606|19|0.5668084509412424|1.2857142857142858|ResearchDevelopmentChange,17
1955|10.769360567883606|19|0.5668084509412424|1.2857142857142858|ResearchDevelopmentChange,17
1960|10.769360567883606|19|0.5668084509412424|1.2857142857142858|ResearchDevelopmentChange,17
1965|10.769360567883606|19|0.5668084509412424|1.2857142857142858|ResearchDevelopmentChange,17
1970|10.769360567883606|19|0.5668084509412424|1.2857142857142858|ResearchDevelopmentChange,17
1975|10.769360567883606|19|0.5668084509412424|1.2857142857142858|ResearchDevelopmentChange,17
1980|10.769360567883606|19|0.5668084509412424|1.2857142857142858|ResearchDevelopmentChange,17
1985|10.769360567883606|19|0.5668084509412424|1.2857142857142858|ResearchDevelopmentChange,17
1990|10.769360567883606|19|0.5668084509412424|1.2857142857142858|ResearchDevelopmentChange,17
1995|10.769360567883606|19|0.5668084509412424|1.2857142857142858|ResearchDevelopmentChange,17
2000|10.769360567883606|19|0.5668084509412424|1.2857142857142858|ResearchDevelopmentChange,17
