#########################################################
# Algorithm Parameters #
# Generations = 2000
# Population size = 100
# Resolution = 5
#########################################################
# Financial Parameters #
# Quarter = 3
# Crossover probabilities = 0.75 -> 0.25
# Mutation start probabilities = 0.9,0.0,0.6,0.5,0.6,0.9
# Mutation end probabilities = 0.4,0.4,0.1,0.1,0.1,0.4
######################################################### 
0|18.243785501281966|7|2.6062550716117094|1.0|EarningsPerShareChange,8
5|18.920340276196715|7|2.702905753742388|1.0|GrossMarginChange,2
10|19.489481595790163|13|1.4991908919838588|1.0|BookValuePerShare09,9
15|20.25690503901639|13|1.5582234645397224|1.2|EarningsPerShareChange,8
20|20.25690503901639|9|2.250767226557377|1.0|EarningsPerShareChange,8
25|20.25690503901639|9|2.250767226557377|1.0|EarningsPerShareChange,8
30|20.25690503901639|9|2.250767226557377|1.0|EarningsPerShareChange,8
35|20.25690503901639|9|2.250767226557377|1.0|EarningsPerShareChange,8
40|20.25690503901639|9|2.250767226557377|1.0|EarningsPerShareChange,8
45|20.25690503901639|9|2.250767226557377|1.0|EarningsPerShareChange,8
50|20.25690503901639|9|2.250767226557377|1.0|EarningsPerShareChange,8
55|20.25690503901639|9|2.250767226557377|1.0|EarningsPerShareChange,8
60|20.25690503901639|7|2.893843577002342|1.0|EarningsPerShareChange,8
65|20.25690503901639|7|2.893843577002342|1.0|EarningsPerShareChange,8
70|20.25690503901639|7|2.893843577002342|1.0|EarningsPerShareChange,8
75|20.343645079740984|11|1.849422279976453|1.0|EarningsPerShareChange,8
80|20.343645079740984|11|1.849422279976453|1.0|EarningsPerShareChange,8
85|20.343645079740984|11|1.849422279976453|1.0|EarningsPerShareChange,8
90|20.508951615557375|13|1.5776116627351828|1.0|EarningsPerShareChange,8
95|20.508951615557375|13|1.5776116627351828|1.0|EarningsPerShareChange,8
100|20.508951615557375|13|1.5776116627351828|1.0|EarningsPerShareChange,8
105|20.508951615557375|13|1.5776116627351828|1.0|EarningsPerShareChange,8
110|20.508951615557375|13|1.5776116627351828|1.0|EarningsPerShareChange,8
115|20.508951615557375|13|1.5776116627351828|1.0|EarningsPerShareChange,8
120|20.508951615557375|13|1.5776116627351828|1.0|EarningsPerShareChange,8
125|20.508951615557375|13|1.5776116627351828|1.0|EarningsPerShareChange,8
130|20.508951615557375|13|1.5776116627351828|1.0|EarningsPerShareChange,8
135|20.508951615557375|13|1.5776116627351828|1.0|EarningsPerShareChange,8
140|20.508951615557375|13|1.5776116627351828|1.0|EarningsPerShareChange,8
145|20.508951615557375|13|1.5776116627351828|1.0|EarningsPerShareChange,8
150|20.508951615557375|13|1.5776116627351828|1.0|EarningsPerShareChange,8
155|20.508951615557375|13|1.5776116627351828|1.0|EarningsPerShareChange,8
160|20.508951615557375|13|1.5776116627351828|1.0|EarningsPerShareChange,8
165|20.508951615557375|13|1.5776116627351828|1.0|EarningsPerShareChange,8
170|20.508951615557375|13|1.5776116627351828|1.0|EarningsPerShareChange,8
175|20.508951615557375|13|1.5776116627351828|1.0|EarningsPerShareChange,8
180|20.508951615557375|13|1.5776116627351828|1.0|EarningsPerShareChange,8
185|20.508951615557375|13|1.5776116627351828|1.0|EarningsPerShareChange,8
190|20.508951615557375|13|1.5776116627351828|1.0|EarningsPerShareChange,8
195|20.508951615557375|13|1.5776116627351828|1.0|EarningsPerShareChange,8
200|20.508951615557375|13|1.5776116627351828|1.0|EarningsPerShareChange,8
205|20.508951615557375|13|1.5776116627351828|1.0|EarningsPerShareChange,8
210|20.508951615557375|13|1.5776116627351828|1.0|EarningsPerShareChange,8
215|20.508951615557375|13|1.5776116627351828|1.0|EarningsPerShareChange,8
220|20.508951615557375|13|1.5776116627351828|1.0|EarningsPerShareChange,8
225|21.143437135580324|19|1.112812480820017|1.125|BookValuePerShare09,9
230|21.143437135580324|19|1.112812480820017|1.125|BookValuePerShare09,9
235|21.143437135580324|19|1.112812480820017|1.125|BookValuePerShare09,9
240|21.143437135580324|17|1.2437315962106072|1.1428571428571428|BookValuePerShare09,9
245|21.143437135580324|17|1.2437315962106072|1.1428571428571428|BookValuePerShare09,9
250|21.143437135580324|17|1.2437315962106072|1.1428571428571428|BookValuePerShare09,9
255|21.143437135580324|17|1.2437315962106072|1.1428571428571428|BookValuePerShare09,9
260|21.143437135580324|17|1.2437315962106072|1.1428571428571428|BookValuePerShare09,9
265|21.143437135580324|17|1.2437315962106072|1.1428571428571428|BookValuePerShare09,9
270|21.143437135580324|17|1.2437315962106072|1.1428571428571428|BookValuePerShare09,9
275|21.143437135580324|17|1.2437315962106072|1.1428571428571428|BookValuePerShare09,9
280|21.143437135580324|15|1.4095624757053549|1.0|EarningsPerShareChange,8
285|21.384970653763933|21|1.0183319358935206|1.4285714285714286|BookValuePerShare09,9
290|21.384970653763933|21|1.0183319358935206|1.4285714285714286|BookValuePerShare09,9
295|21.384970653763933|21|1.0183319358935206|1.4285714285714286|BookValuePerShare09,9
300|21.384970653763933|19|1.1255247712507332|1.125|CapExSalesChange,29
305|21.384970653763933|19|1.1255247712507332|1.125|CapExSalesChange,29
310|21.795866944859018|23|0.9476463889069138|1.5714285714285714|BookValuePerShare09,9
315|21.795866944859018|23|0.9476463889069138|1.5714285714285714|BookValuePerShare09,9
320|21.795866944859018|23|0.9476463889069138|1.5714285714285714|BookValuePerShare09,9
325|21.795866944859018|21|1.0378984259456676|1.1111111111111112|BookValuePerShare09,9
330|21.795866944859018|19|1.147150891834685|1.125|CapExSales09,27
335|21.795866944859018|19|1.147150891834685|1.125|CapExSales09,27
340|21.795866944859018|19|1.147150891834685|1.125|CapExSales09,27
345|21.795866944859018|19|1.147150891834685|1.125|CapExSales09,27
350|21.795866944859018|19|1.147150891834685|1.125|CapExSales09,27
355|21.795866944859018|17|1.2821098202858245|1.1428571428571428|CapExSalesChange,29
360|21.795866944859018|17|1.2821098202858245|1.1428571428571428|CapExSalesChange,29
365|21.795866944859018|17|1.2821098202858245|1.1428571428571428|CapExSalesChange,29
370|21.795866944859018|17|1.2821098202858245|1.1428571428571428|CapExSalesChange,29
375|21.795866944859018|17|1.2821098202858245|1.1428571428571428|CapExSalesChange,29
380|21.795866944859018|17|1.2821098202858245|1.1428571428571428|CapExSalesChange,29
385|21.795866944859018|17|1.2821098202858245|1.1428571428571428|CapExSalesChange,29
390|21.795866944859018|17|1.2821098202858245|1.1428571428571428|CapExSalesChange,29
395|21.795866944859018|17|1.2821098202858245|1.1428571428571428|CapExSalesChange,29
400|21.795866944859018|17|1.2821098202858245|1.1428571428571428|CapExSalesChange,29
405|21.795866944859018|17|1.2821098202858245|1.1428571428571428|CapExSalesChange,29
410|21.795866944859018|17|1.2821098202858245|1.1428571428571428|CapExSalesChange,29
415|21.795866944859018|17|1.2821098202858245|1.1428571428571428|CapExSalesChange,29
420|21.795866944859018|17|1.2821098202858245|1.1428571428571428|CapExSalesChange,29
425|21.795866944859018|17|1.2821098202858245|1.1428571428571428|CapExSalesChange,29
430|21.795866944859018|17|1.2821098202858245|1.1428571428571428|CapExSalesChange,29
435|21.795866944859018|17|1.2821098202858245|1.1428571428571428|CapExSalesChange,29
440|21.795866944859018|17|1.2821098202858245|1.1428571428571428|CapExSalesChange,29
445|21.795866944859018|17|1.2821098202858245|1.1428571428571428|CapExSalesChange,29
450|21.795866944859018|17|1.2821098202858245|1.1428571428571428|CapExSalesChange,29
455|21.795866944859018|15|1.4530577963239346|1.0|EarningsPerShareChange,8
460|21.795866944859018|15|1.4530577963239346|1.0|EarningsPerShareChange,8
465|21.795866944859018|15|1.4530577963239346|1.0|EarningsPerShareChange,8
470|21.795866944859018|15|1.4530577963239346|1.0|EarningsPerShareChange,8
475|21.795866944859018|15|1.4530577963239346|1.0|EarningsPerShareChange,8
480|21.795866944859018|15|1.4530577963239346|1.0|EarningsPerShareChange,8
485|21.795866944859018|15|1.4530577963239346|1.0|EarningsPerShareChange,8
490|21.795866944859018|15|1.4530577963239346|1.0|EarningsPerShareChange,8
495|21.795866944859018|15|1.4530577963239346|1.0|EarningsPerShareChange,8
500|21.795866944859018|15|1.4530577963239346|1.0|EarningsPerShareChange,8
505|21.795866944859018|15|1.4530577963239346|1.0|EarningsPerShareChange,8
510|21.795866944859018|15|1.4530577963239346|1.0|EarningsPerShareChange,8
515|21.795866944859018|15|1.4530577963239346|1.0|EarningsPerShareChange,8
520|21.795866944859018|15|1.4530577963239346|1.0|EarningsPerShareChange,8
525|21.795866944859018|15|1.4530577963239346|1.0|EarningsPerShareChange,8
530|21.795866944859018|15|1.4530577963239346|1.0|EarningsPerShareChange,8
535|21.795866944859018|15|1.4530577963239346|1.0|EarningsPerShareChange,8
540|21.795866944859018|15|1.4530577963239346|1.0|EarningsPerShareChange,8
545|21.795866944859018|15|1.4530577963239346|1.0|EarningsPerShareChange,8
550|21.795866944859018|15|1.4530577963239346|1.0|EarningsPerShareChange,8
555|21.795866944859018|15|1.4530577963239346|1.0|EarningsPerShareChange,8
560|21.795866944859018|15|1.4530577963239346|1.0|EarningsPerShareChange,8
565|21.795866944859018|15|1.4530577963239346|1.0|EarningsPerShareChange,8
570|21.795866944859018|15|1.4530577963239346|1.0|EarningsPerShareChange,8
575|21.795866944859018|15|1.4530577963239346|1.0|EarningsPerShareChange,8
580|21.795866944859018|15|1.4530577963239346|1.0|EarningsPerShareChange,8
585|21.795866944859018|15|1.4530577963239346|1.0|EarningsPerShareChange,8
590|21.795866944859018|15|1.4530577963239346|1.0|EarningsPerShareChange,8
595|21.795866944859018|15|1.4530577963239346|1.0|EarningsPerShareChange,8
600|21.795866944859018|15|1.4530577963239346|1.0|EarningsPerShareChange,8
605|21.795866944859018|15|1.4530577963239346|1.0|EarningsPerShareChange,8
610|21.795866944859018|15|1.4530577963239346|1.0|EarningsPerShareChange,8
615|21.795866944859018|15|1.4530577963239346|1.0|EarningsPerShareChange,8
620|21.795866944859018|15|1.4530577963239346|1.0|EarningsPerShareChange,8
625|21.795866944859018|15|1.4530577963239346|1.0|EarningsPerShareChange,8
630|21.795866944859018|15|1.4530577963239346|1.0|EarningsPerShareChange,8
635|21.795866944859018|15|1.4530577963239346|1.0|EarningsPerShareChange,8
640|21.795866944859018|15|1.4530577963239346|1.0|EarningsPerShareChange,8
645|21.795866944859018|15|1.4530577963239346|1.0|EarningsPerShareChange,8
650|21.795866944859018|15|1.4530577963239346|1.0|EarningsPerShareChange,8
655|21.795866944859018|15|1.4530577963239346|1.0|EarningsPerShareChange,8
660|21.795866944859018|15|1.4530577963239346|1.0|EarningsPerShareChange,8
665|21.795866944859018|15|1.4530577963239346|1.0|EarningsPerShareChange,8
670|21.795866944859018|15|1.4530577963239346|1.0|EarningsPerShareChange,8
675|21.795866944859018|15|1.4530577963239346|1.0|EarningsPerShareChange,8
680|21.795866944859018|15|1.4530577963239346|1.0|EarningsPerShareChange,8
685|21.795866944859018|15|1.4530577963239346|1.0|EarningsPerShareChange,8
690|21.795866944859018|15|1.4530577963239346|1.0|EarningsPerShareChange,8
695|21.795866944859018|15|1.4530577963239346|1.0|EarningsPerShareChange,8
700|21.795866944859018|15|1.4530577963239346|1.0|EarningsPerShareChange,8
705|21.795866944859018|15|1.4530577963239346|1.0|EarningsPerShareChange,8
710|21.795866944859018|15|1.4530577963239346|1.0|EarningsPerShareChange,8
715|21.795866944859018|15|1.4530577963239346|1.0|EarningsPerShareChange,8
720|21.795866944859018|15|1.4530577963239346|1.0|EarningsPerShareChange,8
725|21.795866944859018|15|1.4530577963239346|1.0|EarningsPerShareChange,8
730|21.795866944859018|15|1.4530577963239346|1.0|EarningsPerShareChange,8
735|21.795866944859018|15|1.4530577963239346|1.0|EarningsPerShareChange,8
740|21.795866944859018|15|1.4530577963239346|1.0|EarningsPerShareChange,8
745|21.795866944859018|15|1.4530577963239346|1.0|EarningsPerShareChange,8
750|21.795866944859018|15|1.4530577963239346|1.0|EarningsPerShareChange,8
755|21.795866944859018|15|1.4530577963239346|1.0|EarningsPerShareChange,8
760|21.795866944859018|15|1.4530577963239346|1.0|EarningsPerShareChange,8
765|21.795866944859018|15|1.4530577963239346|1.0|EarningsPerShareChange,8
770|21.795866944859018|15|1.4530577963239346|1.0|EarningsPerShareChange,8
775|21.795866944859018|15|1.4530577963239346|1.0|EarningsPerShareChange,8
780|21.795866944859018|15|1.4530577963239346|1.0|EarningsPerShareChange,8
785|21.795866944859018|15|1.4530577963239346|1.0|EarningsPerShareChange,8
790|21.795866944859018|15|1.4530577963239346|1.0|EarningsPerShareChange,8
795|21.795866944859018|15|1.4530577963239346|1.0|EarningsPerShareChange,8
800|21.795866944859018|15|1.4530577963239346|1.0|EarningsPerShareChange,8
805|21.795866944859018|15|1.4530577963239346|1.0|EarningsPerShareChange,8
810|21.795866944859018|15|1.4530577963239346|1.0|EarningsPerShareChange,8
815|21.795866944859018|15|1.4530577963239346|1.0|EarningsPerShareChange,8
820|21.795866944859018|15|1.4530577963239346|1.0|EarningsPerShareChange,8
825|21.795866944859018|15|1.4530577963239346|1.0|EarningsPerShareChange,8
830|21.795866944859018|15|1.4530577963239346|1.0|EarningsPerShareChange,8
835|21.795866944859018|15|1.4530577963239346|1.0|EarningsPerShareChange,8
840|21.795866944859018|15|1.4530577963239346|1.0|EarningsPerShareChange,8
845|21.795866944859018|15|1.4530577963239346|1.0|EarningsPerShareChange,8
850|21.795866944859018|15|1.4530577963239346|1.0|EarningsPerShareChange,8
855|21.795866944859018|15|1.4530577963239346|1.0|EarningsPerShareChange,8
860|21.795866944859018|15|1.4530577963239346|1.0|EarningsPerShareChange,8
865|21.795866944859018|15|1.4530577963239346|1.0|EarningsPerShareChange,8
870|21.795866944859018|15|1.4530577963239346|1.0|EarningsPerShareChange,8
875|21.795866944859018|15|1.4530577963239346|1.0|EarningsPerShareChange,8
880|21.795866944859018|15|1.4530577963239346|1.0|EarningsPerShareChange,8
885|21.795866944859018|15|1.4530577963239346|1.0|EarningsPerShareChange,8
890|21.795866944859018|15|1.4530577963239346|1.0|EarningsPerShareChange,8
895|21.795866944859018|15|1.4530577963239346|1.0|EarningsPerShareChange,8
900|21.795866944859018|15|1.4530577963239346|1.0|EarningsPerShareChange,8
905|21.795866944859018|15|1.4530577963239346|1.0|EarningsPerShareChange,8
910|21.795866944859018|15|1.4530577963239346|1.0|EarningsPerShareChange,8
915|21.795866944859018|15|1.4530577963239346|1.0|EarningsPerShareChange,8
920|21.795866944859018|15|1.4530577963239346|1.0|EarningsPerShareChange,8
925|21.795866944859018|15|1.4530577963239346|1.0|EarningsPerShareChange,8
930|21.795866944859018|15|1.4530577963239346|1.0|EarningsPerShareChange,8
935|21.795866944859018|15|1.4530577963239346|1.0|EarningsPerShareChange,8
940|21.795866944859018|15|1.4530577963239346|1.0|EarningsPerShareChange,8
945|21.795866944859018|15|1.4530577963239346|1.0|EarningsPerShareChange,8
950|21.795866944859018|15|1.4530577963239346|1.0|EarningsPerShareChange,8
955|21.795866944859018|15|1.4530577963239346|1.0|EarningsPerShareChange,8
960|21.795866944859018|15|1.4530577963239346|1.0|EarningsPerShareChange,8
965|21.795866944859018|15|1.4530577963239346|1.0|EarningsPerShareChange,8
970|21.795866944859018|15|1.4530577963239346|1.0|EarningsPerShareChange,8
975|21.795866944859018|15|1.4530577963239346|1.0|EarningsPerShareChange,8
980|21.795866944859018|15|1.4530577963239346|1.0|EarningsPerShareChange,8
985|21.795866944859018|15|1.4530577963239346|1.0|EarningsPerShareChange,8
990|21.795866944859018|15|1.4530577963239346|1.0|EarningsPerShareChange,8
995|21.795866944859018|15|1.4530577963239346|1.0|EarningsPerShareChange,8
1000|21.795866944859018|15|1.4530577963239346|1.0|EarningsPerShareChange,8
1005|21.795866944859018|15|1.4530577963239346|1.0|EarningsPerShareChange,8
1010|21.795866944859018|15|1.4530577963239346|1.0|EarningsPerShareChange,8
1015|21.795866944859018|15|1.4530577963239346|1.0|EarningsPerShareChange,8
1020|21.795866944859018|15|1.4530577963239346|1.0|EarningsPerShareChange,8
1025|21.795866944859018|15|1.4530577963239346|1.0|EarningsPerShareChange,8
1030|21.795866944859018|15|1.4530577963239346|1.0|EarningsPerShareChange,8
1035|21.795866944859018|15|1.4530577963239346|1.0|EarningsPerShareChange,8
1040|21.795866944859018|15|1.4530577963239346|1.0|EarningsPerShareChange,8
1045|21.795866944859018|15|1.4530577963239346|1.0|EarningsPerShareChange,8
1050|21.795866944859018|15|1.4530577963239346|1.0|EarningsPerShareChange,8
1055|21.795866944859018|15|1.4530577963239346|1.0|EarningsPerShareChange,8
1060|21.795866944859018|15|1.4530577963239346|1.0|EarningsPerShareChange,8
1065|21.795866944859018|15|1.4530577963239346|1.0|EarningsPerShareChange,8
1070|21.795866944859018|15|1.4530577963239346|1.0|EarningsPerShareChange,8
1075|21.795866944859018|15|1.4530577963239346|1.0|EarningsPerShareChange,8
1080|21.795866944859018|15|1.4530577963239346|1.0|EarningsPerShareChange,8
1085|21.795866944859018|15|1.4530577963239346|1.0|EarningsPerShareChange,8
1090|21.795866944859018|15|1.4530577963239346|1.0|EarningsPerShareChange,8
1095|21.795866944859018|15|1.4530577963239346|1.0|EarningsPerShareChange,8
1100|21.795866944859018|15|1.4530577963239346|1.0|EarningsPerShareChange,8
1105|21.795866944859018|15|1.4530577963239346|1.0|EarningsPerShareChange,8
1110|21.795866944859018|15|1.4530577963239346|1.0|EarningsPerShareChange,8
1115|21.795866944859018|15|1.4530577963239346|1.0|EarningsPerShareChange,8
1120|21.795866944859018|15|1.4530577963239346|1.0|EarningsPerShareChange,8
1125|21.795866944859018|15|1.4530577963239346|1.0|EarningsPerShareChange,8
1130|21.795866944859018|15|1.4530577963239346|1.0|EarningsPerShareChange,8
1135|21.795866944859018|15|1.4530577963239346|1.0|EarningsPerShareChange,8
1140|21.795866944859018|15|1.4530577963239346|1.0|EarningsPerShareChange,8
1145|21.795866944859018|15|1.4530577963239346|1.0|EarningsPerShareChange,8
1150|21.795866944859018|15|1.4530577963239346|1.0|EarningsPerShareChange,8
1155|21.795866944859018|15|1.4530577963239346|1.0|EarningsPerShareChange,8
1160|21.795866944859018|15|1.4530577963239346|1.0|EarningsPerShareChange,8
1165|21.795866944859018|15|1.4530577963239346|1.0|EarningsPerShareChange,8
1170|21.795866944859018|15|1.4530577963239346|1.0|EarningsPerShareChange,8
1175|21.795866944859018|15|1.4530577963239346|1.0|EarningsPerShareChange,8
1180|21.795866944859018|15|1.4530577963239346|1.0|EarningsPerShareChange,8
1185|21.795866944859018|15|1.4530577963239346|1.0|EarningsPerShareChange,8
1190|21.795866944859018|15|1.4530577963239346|1.0|EarningsPerShareChange,8
1195|21.795866944859018|15|1.4530577963239346|1.0|EarningsPerShareChange,8
1200|21.795866944859018|15|1.4530577963239346|1.0|EarningsPerShareChange,8
1205|21.795866944859018|15|1.4530577963239346|1.0|EarningsPerShareChange,8
1210|21.795866944859018|15|1.4530577963239346|1.0|EarningsPerShareChange,8
1215|21.795866944859018|15|1.4530577963239346|1.0|EarningsPerShareChange,8
1220|21.795866944859018|15|1.4530577963239346|1.0|EarningsPerShareChange,8
1225|21.795866944859018|15|1.4530577963239346|1.0|EarningsPerShareChange,8
1230|21.795866944859018|15|1.4530577963239346|1.0|EarningsPerShareChange,8
1235|21.795866944859018|15|1.4530577963239346|1.0|EarningsPerShareChange,8
1240|21.795866944859018|15|1.4530577963239346|1.0|EarningsPerShareChange,8
1245|21.795866944859018|15|1.4530577963239346|1.0|EarningsPerShareChange,8
1250|21.795866944859018|15|1.4530577963239346|1.0|EarningsPerShareChange,8
1255|21.795866944859018|15|1.4530577963239346|1.0|EarningsPerShareChange,8
1260|21.795866944859018|15|1.4530577963239346|1.0|EarningsPerShareChange,8
1265|21.795866944859018|15|1.4530577963239346|1.0|EarningsPerShareChange,8
1270|21.795866944859018|15|1.4530577963239346|1.0|EarningsPerShareChange,8
1275|21.795866944859018|15|1.4530577963239346|1.0|EarningsPerShareChange,8
1280|21.795866944859018|15|1.4530577963239346|1.0|EarningsPerShareChange,8
1285|21.795866944859018|15|1.4530577963239346|1.0|EarningsPerShareChange,8
1290|21.795866944859018|15|1.4530577963239346|1.0|EarningsPerShareChange,8
1295|21.795866944859018|15|1.4530577963239346|1.0|EarningsPerShareChange,8
1300|21.795866944859018|15|1.4530577963239346|1.0|EarningsPerShareChange,8
1305|21.795866944859018|15|1.4530577963239346|1.0|EarningsPerShareChange,8
1310|21.795866944859018|15|1.4530577963239346|1.0|EarningsPerShareChange,8
1315|21.795866944859018|15|1.4530577963239346|1.0|EarningsPerShareChange,8
1320|21.795866944859018|15|1.4530577963239346|1.0|EarningsPerShareChange,8
1325|21.795866944859018|15|1.4530577963239346|1.0|EarningsPerShareChange,8
1330|21.795866944859018|15|1.4530577963239346|1.0|EarningsPerShareChange,8
1335|21.795866944859018|15|1.4530577963239346|1.0|EarningsPerShareChange,8
1340|21.795866944859018|15|1.4530577963239346|1.0|EarningsPerShareChange,8
1345|21.795866944859018|15|1.4530577963239346|1.0|EarningsPerShareChange,8
1350|21.795866944859018|15|1.4530577963239346|1.0|EarningsPerShareChange,8
1355|21.795866944859018|15|1.4530577963239346|1.0|EarningsPerShareChange,8
1360|21.795866944859018|15|1.4530577963239346|1.0|EarningsPerShareChange,8
1365|21.795866944859018|15|1.4530577963239346|1.0|EarningsPerShareChange,8
1370|21.795866944859018|15|1.4530577963239346|1.0|EarningsPerShareChange,8
1375|21.795866944859018|15|1.4530577963239346|1.0|EarningsPerShareChange,8
1380|21.795866944859018|15|1.4530577963239346|1.0|EarningsPerShareChange,8
1385|21.795866944859018|15|1.4530577963239346|1.0|EarningsPerShareChange,8
1390|21.795866944859018|15|1.4530577963239346|1.0|EarningsPerShareChange,8
1395|21.795866944859018|15|1.4530577963239346|1.0|EarningsPerShareChange,8
1400|21.795866944859018|15|1.4530577963239346|1.0|EarningsPerShareChange,8
1405|21.795866944859018|15|1.4530577963239346|1.0|EarningsPerShareChange,8
1410|21.795866944859018|15|1.4530577963239346|1.0|EarningsPerShareChange,8
1415|21.795866944859018|15|1.4530577963239346|1.0|EarningsPerShareChange,8
1420|21.795866944859018|15|1.4530577963239346|1.0|EarningsPerShareChange,8
1425|21.795866944859018|15|1.4530577963239346|1.0|EarningsPerShareChange,8
1430|21.795866944859018|15|1.4530577963239346|1.0|EarningsPerShareChange,8
1435|21.795866944859018|15|1.4530577963239346|1.0|EarningsPerShareChange,8
1440|21.795866944859018|15|1.4530577963239346|1.0|EarningsPerShareChange,8
1445|21.795866944859018|15|1.4530577963239346|1.0|EarningsPerShareChange,8
1450|21.795866944859018|15|1.4530577963239346|1.0|EarningsPerShareChange,8
1455|21.795866944859018|15|1.4530577963239346|1.0|EarningsPerShareChange,8
1460|21.795866944859018|15|1.4530577963239346|1.0|EarningsPerShareChange,8
1465|21.795866944859018|15|1.4530577963239346|1.0|EarningsPerShareChange,8
1470|21.795866944859018|15|1.4530577963239346|1.0|EarningsPerShareChange,8
1475|21.795866944859018|15|1.4530577963239346|1.0|EarningsPerShareChange,8
1480|21.795866944859018|15|1.4530577963239346|1.0|EarningsPerShareChange,8
1485|21.795866944859018|15|1.4530577963239346|1.0|EarningsPerShareChange,8
1490|21.795866944859018|15|1.4530577963239346|1.0|EarningsPerShareChange,8
1495|21.795866944859018|15|1.4530577963239346|1.0|EarningsPerShareChange,8
1500|21.795866944859018|15|1.4530577963239346|1.0|EarningsPerShareChange,8
1505|21.795866944859018|15|1.4530577963239346|1.0|EarningsPerShareChange,8
1510|21.795866944859018|15|1.4530577963239346|1.0|EarningsPerShareChange,8
1515|21.795866944859018|15|1.4530577963239346|1.0|EarningsPerShareChange,8
1520|21.795866944859018|15|1.4530577963239346|1.0|EarningsPerShareChange,8
1525|21.795866944859018|15|1.4530577963239346|1.0|EarningsPerShareChange,8
1530|21.795866944859018|15|1.4530577963239346|1.0|EarningsPerShareChange,8
1535|21.795866944859018|15|1.4530577963239346|1.0|EarningsPerShareChange,8
1540|21.795866944859018|15|1.4530577963239346|1.0|EarningsPerShareChange,8
1545|21.795866944859018|15|1.4530577963239346|1.0|EarningsPerShareChange,8
1550|21.795866944859018|15|1.4530577963239346|1.0|EarningsPerShareChange,8
1555|21.795866944859018|15|1.4530577963239346|1.0|EarningsPerShareChange,8
1560|21.795866944859018|15|1.4530577963239346|1.0|EarningsPerShareChange,8
1565|21.795866944859018|15|1.4530577963239346|1.0|EarningsPerShareChange,8
1570|21.795866944859018|15|1.4530577963239346|1.0|EarningsPerShareChange,8
1575|21.795866944859018|15|1.4530577963239346|1.0|EarningsPerShareChange,8
1580|21.795866944859018|15|1.4530577963239346|1.0|EarningsPerShareChange,8
1585|21.795866944859018|15|1.4530577963239346|1.0|EarningsPerShareChange,8
1590|21.795866944859018|15|1.4530577963239346|1.0|EarningsPerShareChange,8
1595|21.795866944859018|15|1.4530577963239346|1.0|EarningsPerShareChange,8
1600|21.795866944859018|15|1.4530577963239346|1.0|EarningsPerShareChange,8
1605|21.795866944859018|15|1.4530577963239346|1.0|EarningsPerShareChange,8
1610|21.795866944859018|15|1.4530577963239346|1.0|EarningsPerShareChange,8
1615|21.795866944859018|15|1.4530577963239346|1.0|EarningsPerShareChange,8
1620|21.795866944859018|15|1.4530577963239346|1.0|EarningsPerShareChange,8
1625|21.795866944859018|15|1.4530577963239346|1.0|EarningsPerShareChange,8
1630|21.795866944859018|15|1.4530577963239346|1.0|EarningsPerShareChange,8
1635|21.795866944859018|15|1.4530577963239346|1.0|EarningsPerShareChange,8
1640|21.795866944859018|15|1.4530577963239346|1.0|EarningsPerShareChange,8
1645|21.795866944859018|15|1.4530577963239346|1.0|EarningsPerShareChange,8
1650|21.795866944859018|15|1.4530577963239346|1.0|EarningsPerShareChange,8
1655|21.795866944859018|15|1.4530577963239346|1.0|EarningsPerShareChange,8
1660|21.795866944859018|15|1.4530577963239346|1.0|EarningsPerShareChange,8
1665|21.795866944859018|15|1.4530577963239346|1.0|EarningsPerShareChange,8
1670|21.795866944859018|15|1.4530577963239346|1.0|EarningsPerShareChange,8
1675|21.795866944859018|15|1.4530577963239346|1.0|EarningsPerShareChange,8
1680|21.795866944859018|15|1.4530577963239346|1.0|EarningsPerShareChange,8
1685|21.795866944859018|15|1.4530577963239346|1.0|EarningsPerShareChange,8
1690|21.795866944859018|15|1.4530577963239346|1.0|EarningsPerShareChange,8
1695|21.795866944859018|15|1.4530577963239346|1.0|EarningsPerShareChange,8
1700|21.795866944859018|15|1.4530577963239346|1.0|EarningsPerShareChange,8
1705|21.795866944859018|15|1.4530577963239346|1.0|EarningsPerShareChange,8
1710|21.795866944859018|15|1.4530577963239346|1.0|EarningsPerShareChange,8
1715|21.795866944859018|15|1.4530577963239346|1.0|EarningsPerShareChange,8
1720|21.795866944859018|15|1.4530577963239346|1.0|EarningsPerShareChange,8
1725|21.795866944859018|15|1.4530577963239346|1.0|EarningsPerShareChange,8
1730|21.795866944859018|15|1.4530577963239346|1.0|EarningsPerShareChange,8
1735|21.795866944859018|15|1.4530577963239346|1.0|EarningsPerShareChange,8
1740|21.795866944859018|15|1.4530577963239346|1.0|EarningsPerShareChange,8
1745|21.795866944859018|15|1.4530577963239346|1.0|EarningsPerShareChange,8
1750|21.795866944859018|15|1.4530577963239346|1.0|EarningsPerShareChange,8
1755|21.795866944859018|15|1.4530577963239346|1.0|EarningsPerShareChange,8
1760|21.795866944859018|15|1.4530577963239346|1.0|EarningsPerShareChange,8
1765|21.795866944859018|15|1.4530577963239346|1.0|EarningsPerShareChange,8
1770|21.795866944859018|15|1.4530577963239346|1.0|EarningsPerShareChange,8
1775|21.795866944859018|15|1.4530577963239346|1.0|EarningsPerShareChange,8
1780|21.795866944859018|15|1.4530577963239346|1.0|EarningsPerShareChange,8
1785|21.795866944859018|15|1.4530577963239346|1.0|EarningsPerShareChange,8
1790|21.795866944859018|15|1.4530577963239346|1.0|EarningsPerShareChange,8
1795|21.795866944859018|15|1.4530577963239346|1.0|EarningsPerShareChange,8
1800|21.795866944859018|15|1.4530577963239346|1.0|EarningsPerShareChange,8
1805|21.795866944859018|15|1.4530577963239346|1.0|EarningsPerShareChange,8
1810|21.795866944859018|15|1.4530577963239346|1.0|EarningsPerShareChange,8
1815|21.795866944859018|15|1.4530577963239346|1.0|EarningsPerShareChange,8
1820|21.795866944859018|15|1.4530577963239346|1.0|EarningsPerShareChange,8
1825|21.795866944859018|15|1.4530577963239346|1.0|EarningsPerShareChange,8
1830|21.795866944859018|15|1.4530577963239346|1.0|EarningsPerShareChange,8
1835|21.795866944859018|15|1.4530577963239346|1.0|EarningsPerShareChange,8
1840|21.795866944859018|15|1.4530577963239346|1.0|EarningsPerShareChange,8
1845|21.795866944859018|15|1.4530577963239346|1.0|EarningsPerShareChange,8
1850|21.795866944859018|15|1.4530577963239346|1.0|EarningsPerShareChange,8
1855|21.795866944859018|15|1.4530577963239346|1.0|EarningsPerShareChange,8
1860|21.795866944859018|15|1.4530577963239346|1.0|EarningsPerShareChange,8
1865|21.795866944859018|15|1.4530577963239346|1.0|EarningsPerShareChange,8
1870|21.795866944859018|15|1.4530577963239346|1.0|EarningsPerShareChange,8
1875|21.795866944859018|15|1.4530577963239346|1.0|EarningsPerShareChange,8
1880|21.795866944859018|15|1.4530577963239346|1.0|EarningsPerShareChange,8
1885|21.795866944859018|15|1.4530577963239346|1.0|EarningsPerShareChange,8
1890|21.795866944859018|15|1.4530577963239346|1.0|EarningsPerShareChange,8
1895|21.795866944859018|15|1.4530577963239346|1.0|EarningsPerShareChange,8
1900|21.795866944859018|15|1.4530577963239346|1.0|EarningsPerShareChange,8
1905|21.795866944859018|15|1.4530577963239346|1.0|EarningsPerShareChange,8
1910|21.795866944859018|15|1.4530577963239346|1.0|EarningsPerShareChange,8
1915|21.795866944859018|15|1.4530577963239346|1.0|EarningsPerShareChange,8
1920|21.795866944859018|15|1.4530577963239346|1.0|EarningsPerShareChange,8
1925|21.795866944859018|15|1.4530577963239346|1.0|EarningsPerShareChange,8
1930|21.795866944859018|15|1.4530577963239346|1.0|EarningsPerShareChange,8
1935|21.795866944859018|15|1.4530577963239346|1.0|EarningsPerShareChange,8
1940|21.795866944859018|15|1.4530577963239346|1.0|EarningsPerShareChange,8
1945|21.795866944859018|15|1.4530577963239346|1.0|EarningsPerShareChange,8
1950|21.795866944859018|15|1.4530577963239346|1.0|EarningsPerShareChange,8
1955|21.795866944859018|15|1.4530577963239346|1.0|EarningsPerShareChange,8
1960|21.795866944859018|15|1.4530577963239346|1.0|EarningsPerShareChange,8
1965|21.795866944859018|15|1.4530577963239346|1.0|EarningsPerShareChange,8
1970|21.795866944859018|15|1.4530577963239346|1.0|EarningsPerShareChange,8
1975|21.795866944859018|15|1.4530577963239346|1.0|EarningsPerShareChange,8
1980|21.795866944859018|15|1.4530577963239346|1.0|EarningsPerShareChange,8
1985|21.795866944859018|15|1.4530577963239346|1.0|EarningsPerShareChange,8
1990|21.795866944859018|15|1.4530577963239346|1.0|EarningsPerShareChange,8
1995|21.795866944859018|15|1.4530577963239346|1.0|EarningsPerShareChange,8
2000|21.795866944859018|15|1.4530577963239346|1.0|EarningsPerShareChange,8
