#########################################################
# Algorithm Parameters #
# Generations = 2000
# Population size = 100
# Resolution = 5
#########################################################
# Financial Parameters #
# Quarter = 3
# Crossover probabilities = 0.75 -> 0.25
# Mutation start probabilities = 0.9,0.0,0.6,0.5,0.6,0.9
# Mutation end probabilities = 0.4,0.4,0.1,0.1,0.1,0.4
######################################################### 
0|18.23945677956065|7|2.605636682794379|1.0|EarningsPerShareChange,8
5|18.23945677956065|7|2.605636682794379|1.0|EarningsPerShareChange,8
10|18.812926820875408|9|2.0903252023194896|1.3333333333333333|CurrentRatio10,37
15|18.941536022357376|11|1.7219578202143069|1.0|BookValuePerShare09,9
20|19.489481595790163|15|1.2992987730526775|1.1666666666666667|CurrentRatio10,37
25|19.489481595790163|15|1.2992987730526775|1.1666666666666667|CurrentRatio10,37
30|20.12396711581311|23|0.8749550919918743|1.8333333333333333|EarningsPerShareChange,8
35|20.12396711581311|23|0.8749550919918743|1.8333333333333333|EarningsPerShareChange,8
40|20.252576317295077|31|0.6533089134611315|1.5|CurrentRatio10,37
45|20.252576317295077|29|0.698364700596382|1.1666666666666667|TotalCurrentLiabilities10,34
50|20.2990184302918|31|0.6548070461384451|1.1538461538461537|TotalCurrentLiabilities10,34
55|20.2990184302918|31|0.6548070461384451|1.1538461538461537|TotalCurrentLiabilities10,34
60|20.2990184302918|29|0.6999661527686827|1.1666666666666667|ReturnOnEquityChange,23
65|20.2990184302918|25|0.811960737211672|1.0|OperatingMargin10,4
70|20.2990184302918|25|0.811960737211672|1.0|OperatingMargin10,4
75|20.2990184302918|21|0.9666199252519905|1.1111111111111112|OperatingMargin10,4
80|20.2990184302918|21|0.9666199252519905|1.1111111111111112|OperatingMargin10,4
85|20.2990184302918|21|0.9666199252519905|1.1111111111111112|OperatingMargin10,4
90|20.891390559039337|35|0.5968968731154096|1.4166666666666667|CurrentRatio10,37
95|20.891390559039337|35|0.5968968731154096|1.4166666666666667|CurrentRatio10,37
100|20.891390559039337|35|0.5968968731154096|1.4166666666666667|CurrentRatio10,37
105|20.891390559039337|29|0.7203927778979081|1.5555555555555556|OperatingMargin10,4
110|20.891390559039337|29|0.7203927778979081|1.5555555555555556|OperatingMargin10,4
115|20.891390559039337|29|0.7203927778979081|1.5555555555555556|OperatingMargin10,4
120|20.891390559039337|27|0.7737552058903459|1.1818181818181819|OperatingMargin10,4
125|20.891390559039337|23|0.9083213286538843|1.1|ReturnOnAssets10,19
130|20.891390559039337|23|0.9083213286538843|1.1|ReturnOnAssets10,19
135|20.891390559039337|23|0.9083213286538843|1.1|ReturnOnAssets10,19
140|20.891390559039337|23|0.9083213286538843|1.1|ReturnOnAssets10,19
145|20.891390559039337|23|0.9083213286538843|1.1|ReturnOnAssets10,19
150|20.891390559039337|21|0.994828121859016|1.1111111111111112|ReturnOnAssets10,19
155|20.891390559039337|21|0.994828121859016|1.1111111111111112|ReturnOnAssets10,19
160|20.891390559039337|21|0.994828121859016|1.1111111111111112|ReturnOnAssets10,19
165|20.891390559039337|21|0.994828121859016|1.1111111111111112|ReturnOnAssets10,19
170|20.891390559039337|21|0.994828121859016|1.1111111111111112|ReturnOnAssets10,19
175|20.891390559039337|19|1.0995468715283863|1.2857142857142858|BookValuePerShare10,10
180|20.891390559039337|19|1.0995468715283863|1.2857142857142858|BookValuePerShare10,10
185|20.891390559039337|19|1.0995468715283863|1.2857142857142858|BookValuePerShare10,10
190|20.891390559039337|19|1.0995468715283863|1.2857142857142858|BookValuePerShare10,10
195|20.891390559039337|19|1.0995468715283863|1.2857142857142858|BookValuePerShare10,10
200|20.891390559039337|17|1.228905327002314|1.1428571428571428|TotalCurrentAssetsChange,32
205|20.891390559039337|17|1.228905327002314|1.1428571428571428|TotalCurrentAssetsChange,32
210|20.891390559039337|17|1.228905327002314|1.1428571428571428|TotalCurrentAssetsChange,32
215|20.891390559039337|17|1.228905327002314|1.1428571428571428|TotalCurrentAssetsChange,32
220|20.891390559039337|17|1.228905327002314|1.1428571428571428|TotalCurrentAssetsChange,32
225|20.891390559039337|17|1.228905327002314|1.1428571428571428|TotalCurrentAssetsChange,32
230|20.891390559039337|17|1.228905327002314|1.1428571428571428|TotalCurrentAssetsChange,32
235|20.891390559039337|17|1.228905327002314|1.1428571428571428|TotalCurrentAssetsChange,32
240|20.891390559039337|17|1.228905327002314|1.1428571428571428|TotalCurrentAssetsChange,32
245|20.891390559039337|17|1.228905327002314|1.1428571428571428|TotalCurrentAssetsChange,32
250|20.891390559039337|17|1.228905327002314|1.1428571428571428|TotalCurrentAssetsChange,32
255|20.891390559039337|17|1.228905327002314|1.1428571428571428|TotalCurrentAssetsChange,32
260|20.891390559039337|17|1.228905327002314|1.1428571428571428|TotalCurrentAssetsChange,32
265|20.891390559039337|17|1.228905327002314|1.1428571428571428|TotalCurrentAssetsChange,32
270|20.891390559039337|17|1.228905327002314|1.1428571428571428|TotalCurrentAssetsChange,32
275|20.891390559039337|17|1.228905327002314|1.1428571428571428|TotalCurrentAssetsChange,32
280|20.891390559039337|17|1.228905327002314|1.1428571428571428|TotalCurrentAssetsChange,32
285|20.891390559039337|17|1.228905327002314|1.1428571428571428|TotalCurrentAssetsChange,32
290|20.891390559039337|17|1.228905327002314|1.1428571428571428|TotalCurrentAssetsChange,32
295|20.891390559039337|17|1.228905327002314|1.1428571428571428|TotalCurrentAssetsChange,32
300|20.891390559039337|17|1.228905327002314|1.1428571428571428|TotalCurrentAssetsChange,32
305|20.891390559039337|17|1.228905327002314|1.1428571428571428|TotalCurrentAssetsChange,32
310|20.891390559039337|17|1.228905327002314|1.1428571428571428|TotalCurrentAssetsChange,32
315|20.891390559039337|17|1.228905327002314|1.1428571428571428|TotalCurrentAssetsChange,32
320|20.891390559039337|17|1.228905327002314|1.1428571428571428|TotalCurrentAssetsChange,32
325|20.891390559039337|17|1.228905327002314|1.1428571428571428|TotalCurrentAssetsChange,32
330|20.891390559039337|17|1.228905327002314|1.1428571428571428|TotalCurrentAssetsChange,32
335|20.891390559039337|17|1.228905327002314|1.1428571428571428|TotalCurrentAssetsChange,32
340|20.891390559039337|17|1.228905327002314|1.1428571428571428|TotalCurrentAssetsChange,32
345|20.891390559039337|17|1.228905327002314|1.1428571428571428|TotalCurrentAssetsChange,32
350|20.891390559039337|17|1.228905327002314|1.1428571428571428|TotalCurrentAssetsChange,32
355|20.891390559039337|17|1.228905327002314|1.1428571428571428|TotalCurrentAssetsChange,32
360|20.891390559039337|17|1.228905327002314|1.1428571428571428|TotalCurrentAssetsChange,32
365|20.891390559039337|17|1.228905327002314|1.1428571428571428|TotalCurrentAssetsChange,32
370|20.891390559039337|17|1.228905327002314|1.1428571428571428|TotalCurrentAssetsChange,32
375|20.891390559039337|17|1.228905327002314|1.1428571428571428|TotalCurrentAssetsChange,32
380|20.891390559039337|17|1.228905327002314|1.1428571428571428|TotalCurrentAssetsChange,32
385|20.891390559039337|17|1.228905327002314|1.1428571428571428|TotalCurrentAssetsChange,32
390|20.891390559039337|17|1.228905327002314|1.1428571428571428|TotalCurrentAssetsChange,32
395|20.891390559039337|17|1.228905327002314|1.1428571428571428|TotalCurrentAssetsChange,32
400|20.891390559039337|17|1.228905327002314|1.1428571428571428|TotalCurrentAssetsChange,32
405|20.891390559039337|17|1.228905327002314|1.1428571428571428|TotalCurrentAssetsChange,32
410|20.891390559039337|17|1.228905327002314|1.1428571428571428|TotalCurrentAssetsChange,32
415|20.891390559039337|17|1.228905327002314|1.1428571428571428|TotalCurrentAssetsChange,32
420|20.891390559039337|17|1.228905327002314|1.1428571428571428|TotalCurrentAssetsChange,32
425|20.891390559039337|17|1.228905327002314|1.1428571428571428|TotalCurrentAssetsChange,32
430|20.891390559039337|17|1.228905327002314|1.1428571428571428|TotalCurrentAssetsChange,32
435|20.891390559039337|17|1.228905327002314|1.1428571428571428|TotalCurrentAssetsChange,32
440|20.891390559039337|17|1.228905327002314|1.1428571428571428|TotalCurrentAssetsChange,32
445|20.891390559039337|17|1.228905327002314|1.1428571428571428|TotalCurrentAssetsChange,32
450|20.891390559039337|17|1.228905327002314|1.1428571428571428|TotalCurrentAssetsChange,32
455|20.891390559039337|17|1.228905327002314|1.1428571428571428|TotalCurrentAssetsChange,32
460|20.891390559039337|15|1.3927593706026224|1.0|OperatingMargin10,4
465|20.891390559039337|15|1.3927593706026224|1.0|OperatingMargin10,4
470|20.891390559039337|15|1.3927593706026224|1.0|OperatingMargin10,4
475|20.891390559039337|15|1.3927593706026224|1.0|OperatingMargin10,4
480|20.891390559039337|15|1.3927593706026224|1.0|OperatingMargin10,4
485|20.891390559039337|15|1.3927593706026224|1.0|OperatingMargin10,4
490|20.891390559039337|15|1.3927593706026224|1.0|OperatingMargin10,4
495|20.891390559039337|15|1.3927593706026224|1.0|OperatingMargin10,4
500|20.891390559039337|15|1.3927593706026224|1.0|OperatingMargin10,4
505|20.891390559039337|15|1.3927593706026224|1.0|OperatingMargin10,4
510|20.891390559039337|15|1.3927593706026224|1.0|OperatingMargin10,4
515|20.891390559039337|15|1.3927593706026224|1.0|OperatingMargin10,4
520|20.891390559039337|13|1.607030043003026|1.0|OperatingMargin10,4
525|20.891390559039337|13|1.607030043003026|1.0|OperatingMargin10,4
530|20.891390559039337|13|1.607030043003026|1.0|OperatingMargin10,4
535|20.891390559039337|13|1.607030043003026|1.0|OperatingMargin10,4
540|20.891390559039337|13|1.607030043003026|1.0|OperatingMargin10,4
545|20.891390559039337|13|1.607030043003026|1.0|OperatingMargin10,4
550|20.891390559039337|13|1.607030043003026|1.0|OperatingMargin10,4
555|20.891390559039337|13|1.607030043003026|1.0|OperatingMargin10,4
560|20.891390559039337|13|1.607030043003026|1.0|OperatingMargin10,4
565|20.891390559039337|13|1.607030043003026|1.0|OperatingMargin10,4
570|20.891390559039337|13|1.607030043003026|1.0|OperatingMargin10,4
575|20.891390559039337|13|1.607030043003026|1.0|OperatingMargin10,4
580|20.891390559039337|13|1.607030043003026|1.0|OperatingMargin10,4
585|20.891390559039337|13|1.607030043003026|1.0|OperatingMargin10,4
590|20.891390559039337|13|1.607030043003026|1.0|OperatingMargin10,4
595|20.891390559039337|13|1.607030043003026|1.0|OperatingMargin10,4
600|20.891390559039337|13|1.607030043003026|1.0|OperatingMargin10,4
605|20.891390559039337|13|1.607030043003026|1.0|OperatingMargin10,4
610|20.891390559039337|13|1.607030043003026|1.0|OperatingMargin10,4
615|20.891390559039337|13|1.607030043003026|1.0|OperatingMargin10,4
620|20.891390559039337|13|1.607030043003026|1.0|OperatingMargin10,4
625|20.891390559039337|13|1.607030043003026|1.0|OperatingMargin10,4
630|20.891390559039337|13|1.607030043003026|1.0|OperatingMargin10,4
635|20.891390559039337|13|1.607030043003026|1.0|OperatingMargin10,4
640|20.891390559039337|13|1.607030043003026|1.0|OperatingMargin10,4
645|20.891390559039337|13|1.607030043003026|1.0|OperatingMargin10,4
650|20.891390559039337|13|1.607030043003026|1.0|OperatingMargin10,4
655|20.891390559039337|13|1.607030043003026|1.0|OperatingMargin10,4
660|20.891390559039337|13|1.607030043003026|1.0|OperatingMargin10,4
665|20.891390559039337|13|1.607030043003026|1.0|OperatingMargin10,4
670|20.891390559039337|13|1.607030043003026|1.0|OperatingMargin10,4
675|20.891390559039337|13|1.607030043003026|1.0|OperatingMargin10,4
680|20.891390559039337|13|1.607030043003026|1.0|OperatingMargin10,4
685|20.891390559039337|13|1.607030043003026|1.0|OperatingMargin10,4
690|20.891390559039337|13|1.607030043003026|1.0|OperatingMargin10,4
695|20.891390559039337|13|1.607030043003026|1.0|OperatingMargin10,4
700|20.891390559039337|13|1.607030043003026|1.0|OperatingMargin10,4
705|20.891390559039337|13|1.607030043003026|1.0|OperatingMargin10,4
710|20.891390559039337|13|1.607030043003026|1.0|OperatingMargin10,4
715|20.891390559039337|13|1.607030043003026|1.0|OperatingMargin10,4
720|20.891390559039337|13|1.607030043003026|1.0|OperatingMargin10,4
725|20.891390559039337|13|1.607030043003026|1.0|OperatingMargin10,4
730|20.891390559039337|13|1.607030043003026|1.0|OperatingMargin10,4
735|20.891390559039337|13|1.607030043003026|1.0|OperatingMargin10,4
740|20.891390559039337|13|1.607030043003026|1.0|OperatingMargin10,4
745|20.891390559039337|13|1.607030043003026|1.0|OperatingMargin10,4
750|20.891390559039337|13|1.607030043003026|1.0|OperatingMargin10,4
755|20.891390559039337|13|1.607030043003026|1.0|OperatingMargin10,4
760|20.891390559039337|13|1.607030043003026|1.0|OperatingMargin10,4
765|20.891390559039337|13|1.607030043003026|1.0|OperatingMargin10,4
770|20.891390559039337|13|1.607030043003026|1.0|OperatingMargin10,4
775|20.891390559039337|13|1.607030043003026|1.0|OperatingMargin10,4
780|20.891390559039337|13|1.607030043003026|1.0|OperatingMargin10,4
785|20.891390559039337|13|1.607030043003026|1.0|OperatingMargin10,4
790|20.891390559039337|13|1.607030043003026|1.0|OperatingMargin10,4
795|20.891390559039337|13|1.607030043003026|1.0|OperatingMargin10,4
800|20.891390559039337|13|1.607030043003026|1.0|OperatingMargin10,4
805|20.891390559039337|13|1.607030043003026|1.0|OperatingMargin10,4
810|20.891390559039337|13|1.607030043003026|1.0|OperatingMargin10,4
815|20.891390559039337|13|1.607030043003026|1.0|OperatingMargin10,4
820|20.891390559039337|13|1.607030043003026|1.0|OperatingMargin10,4
825|20.891390559039337|13|1.607030043003026|1.0|OperatingMargin10,4
830|20.891390559039337|13|1.607030043003026|1.0|OperatingMargin10,4
835|20.891390559039337|13|1.607030043003026|1.0|OperatingMargin10,4
840|20.891390559039337|13|1.607030043003026|1.0|OperatingMargin10,4
845|20.891390559039337|13|1.607030043003026|1.0|OperatingMargin10,4
850|20.891390559039337|13|1.607030043003026|1.0|OperatingMargin10,4
855|20.891390559039337|13|1.607030043003026|1.0|OperatingMargin10,4
860|20.891390559039337|13|1.607030043003026|1.0|OperatingMargin10,4
865|20.891390559039337|13|1.607030043003026|1.0|OperatingMargin10,4
870|20.891390559039337|13|1.607030043003026|1.0|OperatingMargin10,4
875|20.891390559039337|13|1.607030043003026|1.0|OperatingMargin10,4
880|20.891390559039337|13|1.607030043003026|1.0|OperatingMargin10,4
885|20.891390559039337|13|1.607030043003026|1.0|OperatingMargin10,4
890|20.891390559039337|13|1.607030043003026|1.0|OperatingMargin10,4
895|20.891390559039337|13|1.607030043003026|1.0|OperatingMargin10,4
900|20.891390559039337|13|1.607030043003026|1.0|OperatingMargin10,4
905|20.891390559039337|13|1.607030043003026|1.0|OperatingMargin10,4
910|20.891390559039337|13|1.607030043003026|1.0|OperatingMargin10,4
915|20.891390559039337|13|1.607030043003026|1.0|OperatingMargin10,4
920|20.891390559039337|13|1.607030043003026|1.0|OperatingMargin10,4
925|20.891390559039337|13|1.607030043003026|1.0|OperatingMargin10,4
930|20.891390559039337|13|1.607030043003026|1.0|OperatingMargin10,4
935|20.891390559039337|13|1.607030043003026|1.0|OperatingMargin10,4
940|20.891390559039337|13|1.607030043003026|1.0|OperatingMargin10,4
945|20.891390559039337|13|1.607030043003026|1.0|OperatingMargin10,4
950|20.891390559039337|13|1.607030043003026|1.0|OperatingMargin10,4
955|20.891390559039337|13|1.607030043003026|1.0|OperatingMargin10,4
960|20.891390559039337|13|1.607030043003026|1.0|OperatingMargin10,4
965|20.891390559039337|13|1.607030043003026|1.0|OperatingMargin10,4
970|20.891390559039337|13|1.607030043003026|1.0|OperatingMargin10,4
975|20.891390559039337|13|1.607030043003026|1.0|OperatingMargin10,4
980|20.891390559039337|13|1.607030043003026|1.0|OperatingMargin10,4
985|20.891390559039337|13|1.607030043003026|1.0|OperatingMargin10,4
990|20.891390559039337|13|1.607030043003026|1.0|OperatingMargin10,4
995|20.891390559039337|13|1.607030043003026|1.0|OperatingMargin10,4
1000|20.891390559039337|13|1.607030043003026|1.0|OperatingMargin10,4
1005|20.891390559039337|13|1.607030043003026|1.0|OperatingMargin10,4
1010|20.891390559039337|13|1.607030043003026|1.0|OperatingMargin10,4
1015|20.891390559039337|13|1.607030043003026|1.0|OperatingMargin10,4
1020|20.891390559039337|13|1.607030043003026|1.0|OperatingMargin10,4
1025|20.891390559039337|13|1.607030043003026|1.0|OperatingMargin10,4
1030|20.891390559039337|13|1.607030043003026|1.0|OperatingMargin10,4
1035|20.891390559039337|13|1.607030043003026|1.0|OperatingMargin10,4
1040|20.891390559039337|13|1.607030043003026|1.0|OperatingMargin10,4
1045|20.891390559039337|13|1.607030043003026|1.0|OperatingMargin10,4
1050|20.891390559039337|13|1.607030043003026|1.0|OperatingMargin10,4
1055|20.891390559039337|13|1.607030043003026|1.0|OperatingMargin10,4
1060|20.891390559039337|13|1.607030043003026|1.0|OperatingMargin10,4
1065|20.891390559039337|13|1.607030043003026|1.0|OperatingMargin10,4
1070|20.891390559039337|13|1.607030043003026|1.0|OperatingMargin10,4
1075|20.891390559039337|13|1.607030043003026|1.0|OperatingMargin10,4
1080|20.891390559039337|13|1.607030043003026|1.0|OperatingMargin10,4
1085|20.891390559039337|13|1.607030043003026|1.0|OperatingMargin10,4
1090|20.891390559039337|13|1.607030043003026|1.0|OperatingMargin10,4
1095|20.891390559039337|13|1.607030043003026|1.0|OperatingMargin10,4
1100|20.891390559039337|13|1.607030043003026|1.0|OperatingMargin10,4
1105|20.891390559039337|13|1.607030043003026|1.0|OperatingMargin10,4
1110|20.891390559039337|13|1.607030043003026|1.0|OperatingMargin10,4
1115|20.891390559039337|13|1.607030043003026|1.0|OperatingMargin10,4
1120|20.891390559039337|13|1.607030043003026|1.0|OperatingMargin10,4
1125|20.891390559039337|13|1.607030043003026|1.0|OperatingMargin10,4
1130|20.891390559039337|13|1.607030043003026|1.0|OperatingMargin10,4
1135|20.891390559039337|13|1.607030043003026|1.0|OperatingMargin10,4
1140|20.891390559039337|13|1.607030043003026|1.0|OperatingMargin10,4
1145|20.891390559039337|13|1.607030043003026|1.0|OperatingMargin10,4
1150|20.891390559039337|13|1.607030043003026|1.0|OperatingMargin10,4
1155|20.891390559039337|13|1.607030043003026|1.0|OperatingMargin10,4
1160|20.891390559039337|13|1.607030043003026|1.0|OperatingMargin10,4
1165|20.891390559039337|13|1.607030043003026|1.0|OperatingMargin10,4
1170|20.891390559039337|13|1.607030043003026|1.0|OperatingMargin10,4
1175|20.891390559039337|13|1.607030043003026|1.0|OperatingMargin10,4
1180|20.891390559039337|13|1.607030043003026|1.0|OperatingMargin10,4
1185|20.891390559039337|13|1.607030043003026|1.0|OperatingMargin10,4
1190|20.891390559039337|13|1.607030043003026|1.0|OperatingMargin10,4
1195|20.891390559039337|13|1.607030043003026|1.0|OperatingMargin10,4
1200|20.891390559039337|13|1.607030043003026|1.0|OperatingMargin10,4
1205|20.891390559039337|13|1.607030043003026|1.0|OperatingMargin10,4
1210|20.891390559039337|13|1.607030043003026|1.0|OperatingMargin10,4
1215|20.891390559039337|13|1.607030043003026|1.0|OperatingMargin10,4
1220|20.891390559039337|13|1.607030043003026|1.0|OperatingMargin10,4
1225|20.891390559039337|13|1.607030043003026|1.0|OperatingMargin10,4
1230|20.891390559039337|13|1.607030043003026|1.0|OperatingMargin10,4
1235|20.891390559039337|13|1.607030043003026|1.0|OperatingMargin10,4
1240|20.891390559039337|13|1.607030043003026|1.0|OperatingMargin10,4
1245|20.891390559039337|13|1.607030043003026|1.0|OperatingMargin10,4
1250|20.891390559039337|13|1.607030043003026|1.0|OperatingMargin10,4
1255|20.891390559039337|13|1.607030043003026|1.0|OperatingMargin10,4
1260|20.891390559039337|13|1.607030043003026|1.0|OperatingMargin10,4
1265|20.891390559039337|13|1.607030043003026|1.0|OperatingMargin10,4
1270|20.891390559039337|13|1.607030043003026|1.0|OperatingMargin10,4
1275|20.891390559039337|13|1.607030043003026|1.0|OperatingMargin10,4
1280|20.891390559039337|13|1.607030043003026|1.0|OperatingMargin10,4
1285|20.891390559039337|13|1.607030043003026|1.0|OperatingMargin10,4
1290|20.891390559039337|13|1.607030043003026|1.0|OperatingMargin10,4
1295|20.891390559039337|13|1.607030043003026|1.0|OperatingMargin10,4
1300|20.891390559039337|13|1.607030043003026|1.0|OperatingMargin10,4
1305|20.891390559039337|13|1.607030043003026|1.0|OperatingMargin10,4
1310|20.891390559039337|13|1.607030043003026|1.0|OperatingMargin10,4
1315|20.891390559039337|13|1.607030043003026|1.0|OperatingMargin10,4
1320|20.891390559039337|13|1.607030043003026|1.0|OperatingMargin10,4
1325|20.891390559039337|13|1.607030043003026|1.0|OperatingMargin10,4
1330|20.891390559039337|13|1.607030043003026|1.0|OperatingMargin10,4
1335|20.891390559039337|13|1.607030043003026|1.0|OperatingMargin10,4
1340|20.891390559039337|13|1.607030043003026|1.0|OperatingMargin10,4
1345|20.891390559039337|13|1.607030043003026|1.0|OperatingMargin10,4
1350|20.891390559039337|13|1.607030043003026|1.0|OperatingMargin10,4
1355|20.891390559039337|13|1.607030043003026|1.0|OperatingMargin10,4
1360|20.891390559039337|13|1.607030043003026|1.0|OperatingMargin10,4
1365|20.891390559039337|13|1.607030043003026|1.0|OperatingMargin10,4
1370|20.891390559039337|13|1.607030043003026|1.0|OperatingMargin10,4
1375|20.891390559039337|13|1.607030043003026|1.0|OperatingMargin10,4
1380|20.891390559039337|13|1.607030043003026|1.0|OperatingMargin10,4
1385|20.891390559039337|13|1.607030043003026|1.0|OperatingMargin10,4
1390|20.891390559039337|13|1.607030043003026|1.0|OperatingMargin10,4
1395|20.891390559039337|13|1.607030043003026|1.0|OperatingMargin10,4
1400|20.891390559039337|13|1.607030043003026|1.0|OperatingMargin10,4
1405|20.891390559039337|13|1.607030043003026|1.0|OperatingMargin10,4
1410|20.891390559039337|13|1.607030043003026|1.0|OperatingMargin10,4
1415|20.891390559039337|13|1.607030043003026|1.0|OperatingMargin10,4
1420|20.891390559039337|13|1.607030043003026|1.0|OperatingMargin10,4
1425|20.891390559039337|13|1.607030043003026|1.0|OperatingMargin10,4
1430|20.891390559039337|13|1.607030043003026|1.0|OperatingMargin10,4
1435|20.891390559039337|13|1.607030043003026|1.0|OperatingMargin10,4
1440|20.891390559039337|13|1.607030043003026|1.0|OperatingMargin10,4
1445|20.891390559039337|13|1.607030043003026|1.0|OperatingMargin10,4
1450|20.891390559039337|13|1.607030043003026|1.0|OperatingMargin10,4
1455|20.891390559039337|13|1.607030043003026|1.0|OperatingMargin10,4
1460|20.891390559039337|13|1.607030043003026|1.0|OperatingMargin10,4
1465|20.891390559039337|13|1.607030043003026|1.0|OperatingMargin10,4
1470|20.891390559039337|13|1.607030043003026|1.0|OperatingMargin10,4
1475|20.891390559039337|13|1.607030043003026|1.0|OperatingMargin10,4
1480|20.891390559039337|13|1.607030043003026|1.0|OperatingMargin10,4
1485|20.891390559039337|13|1.607030043003026|1.0|OperatingMargin10,4
1490|20.891390559039337|13|1.607030043003026|1.0|OperatingMargin10,4
1495|20.891390559039337|13|1.607030043003026|1.0|OperatingMargin10,4
1500|20.891390559039337|13|1.607030043003026|1.0|OperatingMargin10,4
1505|20.891390559039337|13|1.607030043003026|1.0|OperatingMargin10,4
1510|20.891390559039337|13|1.607030043003026|1.0|OperatingMargin10,4
1515|20.891390559039337|13|1.607030043003026|1.0|OperatingMargin10,4
1520|20.891390559039337|13|1.607030043003026|1.0|OperatingMargin10,4
1525|20.891390559039337|13|1.607030043003026|1.0|OperatingMargin10,4
1530|20.891390559039337|13|1.607030043003026|1.0|OperatingMargin10,4
1535|20.891390559039337|13|1.607030043003026|1.0|OperatingMargin10,4
1540|20.891390559039337|13|1.607030043003026|1.0|OperatingMargin10,4
1545|20.891390559039337|13|1.607030043003026|1.0|OperatingMargin10,4
1550|20.891390559039337|13|1.607030043003026|1.0|OperatingMargin10,4
1555|20.891390559039337|13|1.607030043003026|1.0|OperatingMargin10,4
1560|20.891390559039337|13|1.607030043003026|1.0|OperatingMargin10,4
1565|20.891390559039337|13|1.607030043003026|1.0|OperatingMargin10,4
1570|20.891390559039337|13|1.607030043003026|1.0|OperatingMargin10,4
1575|20.891390559039337|13|1.607030043003026|1.0|OperatingMargin10,4
1580|20.891390559039337|13|1.607030043003026|1.0|OperatingMargin10,4
1585|20.891390559039337|13|1.607030043003026|1.0|OperatingMargin10,4
1590|20.891390559039337|13|1.607030043003026|1.0|OperatingMargin10,4
1595|20.891390559039337|13|1.607030043003026|1.0|OperatingMargin10,4
1600|20.891390559039337|13|1.607030043003026|1.0|OperatingMargin10,4
1605|20.891390559039337|13|1.607030043003026|1.0|OperatingMargin10,4
1610|20.891390559039337|13|1.607030043003026|1.0|OperatingMargin10,4
1615|20.891390559039337|13|1.607030043003026|1.0|OperatingMargin10,4
1620|20.891390559039337|13|1.607030043003026|1.0|OperatingMargin10,4
1625|20.891390559039337|13|1.607030043003026|1.0|OperatingMargin10,4
1630|20.891390559039337|13|1.607030043003026|1.0|OperatingMargin10,4
1635|20.891390559039337|13|1.607030043003026|1.0|OperatingMargin10,4
1640|20.891390559039337|13|1.607030043003026|1.0|OperatingMargin10,4
1645|20.891390559039337|13|1.607030043003026|1.0|OperatingMargin10,4
1650|20.891390559039337|13|1.607030043003026|1.0|OperatingMargin10,4
1655|20.891390559039337|13|1.607030043003026|1.0|OperatingMargin10,4
1660|20.891390559039337|13|1.607030043003026|1.0|OperatingMargin10,4
1665|20.891390559039337|13|1.607030043003026|1.0|OperatingMargin10,4
1670|20.891390559039337|13|1.607030043003026|1.0|OperatingMargin10,4
1675|20.891390559039337|13|1.607030043003026|1.0|OperatingMargin10,4
1680|20.891390559039337|13|1.607030043003026|1.0|OperatingMargin10,4
1685|20.891390559039337|13|1.607030043003026|1.0|OperatingMargin10,4
1690|20.891390559039337|13|1.607030043003026|1.0|OperatingMargin10,4
1695|20.891390559039337|13|1.607030043003026|1.0|OperatingMargin10,4
1700|20.891390559039337|13|1.607030043003026|1.0|OperatingMargin10,4
1705|20.891390559039337|13|1.607030043003026|1.0|OperatingMargin10,4
1710|20.891390559039337|13|1.607030043003026|1.0|OperatingMargin10,4
1715|20.891390559039337|13|1.607030043003026|1.0|OperatingMargin10,4
1720|20.891390559039337|13|1.607030043003026|1.0|OperatingMargin10,4
1725|20.891390559039337|13|1.607030043003026|1.0|OperatingMargin10,4
1730|20.891390559039337|13|1.607030043003026|1.0|OperatingMargin10,4
1735|20.891390559039337|13|1.607030043003026|1.0|OperatingMargin10,4
1740|20.891390559039337|13|1.607030043003026|1.0|OperatingMargin10,4
1745|20.891390559039337|13|1.607030043003026|1.0|OperatingMargin10,4
1750|20.891390559039337|13|1.607030043003026|1.0|OperatingMargin10,4
1755|20.891390559039337|13|1.607030043003026|1.0|OperatingMargin10,4
1760|20.891390559039337|13|1.607030043003026|1.0|OperatingMargin10,4
1765|20.891390559039337|13|1.607030043003026|1.0|OperatingMargin10,4
1770|20.891390559039337|13|1.607030043003026|1.0|OperatingMargin10,4
1775|20.891390559039337|13|1.607030043003026|1.0|OperatingMargin10,4
1780|20.891390559039337|13|1.607030043003026|1.0|OperatingMargin10,4
1785|20.891390559039337|13|1.607030043003026|1.0|OperatingMargin10,4
1790|20.891390559039337|13|1.607030043003026|1.0|OperatingMargin10,4
1795|20.891390559039337|13|1.607030043003026|1.0|OperatingMargin10,4
1800|20.891390559039337|13|1.607030043003026|1.0|OperatingMargin10,4
1805|20.891390559039337|13|1.607030043003026|1.0|OperatingMargin10,4
1810|20.891390559039337|13|1.607030043003026|1.0|OperatingMargin10,4
1815|20.891390559039337|13|1.607030043003026|1.0|OperatingMargin10,4
1820|20.891390559039337|13|1.607030043003026|1.0|OperatingMargin10,4
1825|20.891390559039337|13|1.607030043003026|1.0|OperatingMargin10,4
1830|20.891390559039337|13|1.607030043003026|1.0|OperatingMargin10,4
1835|20.891390559039337|13|1.607030043003026|1.0|OperatingMargin10,4
1840|20.891390559039337|13|1.607030043003026|1.0|OperatingMargin10,4
1845|20.891390559039337|13|1.607030043003026|1.0|OperatingMargin10,4
1850|20.891390559039337|13|1.607030043003026|1.0|OperatingMargin10,4
1855|20.891390559039337|13|1.607030043003026|1.0|OperatingMargin10,4
1860|20.891390559039337|13|1.607030043003026|1.0|OperatingMargin10,4
1865|20.891390559039337|13|1.607030043003026|1.0|OperatingMargin10,4
1870|20.891390559039337|13|1.607030043003026|1.0|OperatingMargin10,4
1875|20.891390559039337|13|1.607030043003026|1.0|OperatingMargin10,4
1880|20.891390559039337|13|1.607030043003026|1.0|OperatingMargin10,4
1885|20.891390559039337|13|1.607030043003026|1.0|OperatingMargin10,4
1890|20.891390559039337|13|1.607030043003026|1.0|OperatingMargin10,4
1895|20.891390559039337|13|1.607030043003026|1.0|OperatingMargin10,4
1900|20.891390559039337|13|1.607030043003026|1.0|OperatingMargin10,4
1905|20.891390559039337|13|1.607030043003026|1.0|OperatingMargin10,4
1910|20.891390559039337|13|1.607030043003026|1.0|OperatingMargin10,4
1915|20.891390559039337|13|1.607030043003026|1.0|OperatingMargin10,4
1920|20.891390559039337|13|1.607030043003026|1.0|OperatingMargin10,4
1925|20.891390559039337|13|1.607030043003026|1.0|OperatingMargin10,4
1930|20.891390559039337|13|1.607030043003026|1.0|OperatingMargin10,4
1935|20.891390559039337|13|1.607030043003026|1.0|OperatingMargin10,4
1940|20.891390559039337|13|1.607030043003026|1.0|OperatingMargin10,4
1945|20.891390559039337|13|1.607030043003026|1.0|OperatingMargin10,4
1950|20.891390559039337|13|1.607030043003026|1.0|OperatingMargin10,4
1955|20.891390559039337|13|1.607030043003026|1.0|OperatingMargin10,4
1960|20.891390559039337|13|1.607030043003026|1.0|OperatingMargin10,4
1965|20.891390559039337|13|1.607030043003026|1.0|OperatingMargin10,4
1970|20.891390559039337|13|1.607030043003026|1.0|OperatingMargin10,4
1975|20.891390559039337|13|1.607030043003026|1.0|OperatingMargin10,4
1980|20.891390559039337|13|1.607030043003026|1.0|OperatingMargin10,4
1985|20.891390559039337|13|1.607030043003026|1.0|OperatingMargin10,4
1990|20.891390559039337|13|1.607030043003026|1.0|OperatingMargin10,4
1995|20.891390559039337|13|1.607030043003026|1.0|OperatingMargin10,4
2000|20.891390559039337|13|1.607030043003026|1.0|OperatingMargin10,4
