#########################################################
# Algorithm Parameters #
# Generations = 2000
# Population size = 100
# Resolution = 5
#########################################################
# Financial Parameters #
# Quarter = 1
# Crossover probabilities = 0.75 -> 0.25
# Mutation start probabilities = 0.9,0.0,0.6,0.5,0.6,0.9
# Mutation end probabilities = 0.4,0.4,0.1,0.1,0.1,0.4
######################################################### 
0|8.805723477454102|11|0.8005203161321911|1.0|SGAExpensesChange,14
5|8.805723477454102|11|0.8005203161321911|1.0|SGAExpensesChange,14
10|8.873809091722954|11|0.8067099174293595|1.0|EarningsPerShareChange,8
15|9.070597119614757|23|0.39437378780933724|1.5714285714285714|QuickRatio10,40
20|9.106201190391806|35|0.2601771768683373|1.1333333333333333|SGAExpensesChange,14
25|9.130052920067216|31|0.2945178361312005|1.0714285714285714|ResearchDevelopment10,16
30|9.556409839470497|35|0.2730402811277285|1.4166666666666667|ResearchDevelopment10,16
35|9.899203020916397|75|0.13198937361221863|2.176470588235294|ReturnOnEquity09,21
40|10.076896931362297|81|0.12440613495509009|2.2222222222222223|SGAExpensesChange,14
45|10.207786550693443|81|0.12602205618140053|2.1052631578947367|ReturnOnEquity09,21
50|10.512029231595083|121|0.08687627464128167|2.608695652173913|ReturnOnEquity09,21
55|10.512029231595083|71|0.14805674974077582|2.0588235294117645|SGAExpensesChange,14
60|10.512029231595083|67|0.1568959586805236|1.8333333333333333|ReturnOnEquity09,21
65|10.629260309175411|77|0.13804234167760274|1.52|ResearchDevelopment10,16
70|10.629260309175411|65|0.1635270816796217|1.5238095238095237|ResearchDevelopment10,16
75|10.629260309175411|49|0.21692367977909002|1.411764705882353|ResearchDevelopment10,16
80|10.629260309175411|49|0.21692367977909002|1.411764705882353|ResearchDevelopment10,16
85|10.629260309175411|49|0.21692367977909002|1.411764705882353|ResearchDevelopment10,16
90|10.629260309175411|47|0.22615447466330663|1.4375|ResearchDevelopment10,16
95|10.629260309175411|43|0.24719210021338164|1.4|ResearchDevelopment10,16
100|10.629260309175411|37|0.2872773056533895|1.2|ResearchDevelopment10,16
105|10.715263034801639|49|0.2186788374449314|1.411764705882353|BookValuePerShareChange,11
110|10.715263034801639|49|0.2186788374449314|1.411764705882353|BookValuePerShareChange,11
115|10.715263034801639|49|0.2186788374449314|1.411764705882353|BookValuePerShareChange,11
120|10.715263034801639|49|0.2186788374449314|1.411764705882353|BookValuePerShareChange,11
125|10.715263034801639|47|0.22798431988939657|1.6428571428571428|BookValuePerShareChange,11
130|10.715263034801639|47|0.22798431988939657|1.6428571428571428|BookValuePerShareChange,11
135|10.715263034801639|47|0.22798431988939657|1.6428571428571428|BookValuePerShareChange,11
140|10.715263034801639|47|0.22798431988939657|1.6428571428571428|BookValuePerShareChange,11
145|10.715263034801639|47|0.22798431988939657|1.6428571428571428|BookValuePerShareChange,11
150|10.715263034801639|37|0.2896017036432875|1.3846153846153846|BookValuePerShareChange,11
155|10.715263034801639|37|0.2896017036432875|1.3846153846153846|BookValuePerShareChange,11
160|10.715263034801639|35|0.306150372422904|1.3076923076923077|BookValuePerShareChange,11
165|10.715263034801639|33|0.32470494044853454|1.2307692307692308|BookValuePerShareChange,11
170|10.715263034801639|33|0.32470494044853454|1.2307692307692308|BookValuePerShareChange,11
175|10.715263034801639|33|0.32470494044853454|1.2307692307692308|BookValuePerShareChange,11
180|10.715263034801639|33|0.32470494044853454|1.2307692307692308|BookValuePerShareChange,11
185|10.715263034801639|33|0.32470494044853454|1.2307692307692308|BookValuePerShareChange,11
190|10.715263034801639|33|0.32470494044853454|1.2307692307692308|BookValuePerShareChange,11
195|10.715263034801639|33|0.32470494044853454|1.2307692307692308|BookValuePerShareChange,11
200|10.715263034801639|33|0.32470494044853454|1.2307692307692308|BookValuePerShareChange,11
205|10.715263034801639|33|0.32470494044853454|1.2307692307692308|BookValuePerShareChange,11
210|10.715263034801639|33|0.32470494044853454|1.2307692307692308|BookValuePerShareChange,11
215|10.715263034801639|33|0.32470494044853454|1.2307692307692308|BookValuePerShareChange,11
220|10.715263034801639|33|0.32470494044853454|1.2307692307692308|BookValuePerShareChange,11
225|10.715263034801639|31|0.34565364628392387|1.25|BookValuePerShareChange,11
230|10.715263034801639|31|0.34565364628392387|1.25|BookValuePerShareChange,11
235|10.715263034801639|31|0.34565364628392387|1.25|BookValuePerShareChange,11
240|10.715263034801639|31|0.34565364628392387|1.25|BookValuePerShareChange,11
245|10.715263034801639|31|0.34565364628392387|1.25|BookValuePerShareChange,11
250|10.715263034801639|31|0.34565364628392387|1.25|BookValuePerShareChange,11
255|10.715263034801639|29|0.3694918287862634|1.2727272727272727|TotalCurrentLiabilitiesChange,35
260|10.715263034801639|29|0.3694918287862634|1.2727272727272727|TotalCurrentLiabilitiesChange,35
265|10.715263034801639|29|0.3694918287862634|1.2727272727272727|TotalCurrentLiabilitiesChange,35
270|10.715263034801639|27|0.3968615938815422|1.3|BookValuePerShareChange,11
275|10.715263034801639|27|0.3968615938815422|1.3|BookValuePerShareChange,11
280|10.715263034801639|27|0.3968615938815422|1.3|BookValuePerShareChange,11
285|10.715263034801639|27|0.3968615938815422|1.3|BookValuePerShareChange,11
290|10.715263034801639|27|0.3968615938815422|1.3|BookValuePerShareChange,11
295|10.715263034801639|27|0.3968615938815422|1.3|BookValuePerShareChange,11
300|10.715263034801639|27|0.3968615938815422|1.3|BookValuePerShareChange,11
305|10.715263034801639|27|0.3968615938815422|1.3|BookValuePerShareChange,11
310|10.715263034801639|27|0.3968615938815422|1.3|BookValuePerShareChange,11
315|10.715263034801639|27|0.3968615938815422|1.3|BookValuePerShareChange,11
320|10.715263034801639|27|0.3968615938815422|1.3|BookValuePerShareChange,11
325|10.715263034801639|27|0.3968615938815422|1.3|BookValuePerShareChange,11
330|10.715263034801639|27|0.3968615938815422|1.3|BookValuePerShareChange,11
335|10.715263034801639|27|0.3968615938815422|1.3|BookValuePerShareChange,11
340|10.715263034801639|27|0.3968615938815422|1.3|BookValuePerShareChange,11
345|10.715263034801639|27|0.3968615938815422|1.3|BookValuePerShareChange,11
350|10.715263034801639|27|0.3968615938815422|1.3|BookValuePerShareChange,11
355|10.715263034801639|27|0.3968615938815422|1.3|BookValuePerShareChange,11
360|10.715263034801639|27|0.3968615938815422|1.3|BookValuePerShareChange,11
365|10.715263034801639|27|0.3968615938815422|1.3|BookValuePerShareChange,11
370|10.715263034801639|27|0.3968615938815422|1.3|BookValuePerShareChange,11
375|10.715263034801639|27|0.3968615938815422|1.3|BookValuePerShareChange,11
380|10.715263034801639|27|0.3968615938815422|1.3|BookValuePerShareChange,11
385|10.715263034801639|27|0.3968615938815422|1.3|BookValuePerShareChange,11
390|10.715263034801639|27|0.3968615938815422|1.3|BookValuePerShareChange,11
395|10.715263034801639|27|0.3968615938815422|1.3|BookValuePerShareChange,11
400|10.715263034801639|27|0.3968615938815422|1.3|BookValuePerShareChange,11
405|10.715263034801639|27|0.3968615938815422|1.3|BookValuePerShareChange,11
410|10.715263034801639|25|0.42861052139206557|1.3333333333333333|TotalCurrentLiabilitiesChange,35
415|10.715263034801639|25|0.42861052139206557|1.3333333333333333|TotalCurrentLiabilitiesChange,35
420|10.715263034801639|25|0.42861052139206557|1.3333333333333333|TotalCurrentLiabilitiesChange,35
425|10.715263034801639|25|0.42861052139206557|1.3333333333333333|TotalCurrentLiabilitiesChange,35
430|10.715263034801639|25|0.42861052139206557|1.3333333333333333|TotalCurrentLiabilitiesChange,35
435|10.715263034801639|25|0.42861052139206557|1.3333333333333333|TotalCurrentLiabilitiesChange,35
440|10.715263034801639|25|0.42861052139206557|1.3333333333333333|TotalCurrentLiabilitiesChange,35
445|10.715263034801639|25|0.42861052139206557|1.3333333333333333|TotalCurrentLiabilitiesChange,35
450|10.715263034801639|25|0.42861052139206557|1.3333333333333333|TotalCurrentLiabilitiesChange,35
455|10.715263034801639|25|0.42861052139206557|1.3333333333333333|TotalCurrentLiabilitiesChange,35
460|10.715263034801639|25|0.42861052139206557|1.3333333333333333|TotalCurrentLiabilitiesChange,35
465|10.715263034801639|25|0.42861052139206557|1.3333333333333333|TotalCurrentLiabilitiesChange,35
470|10.715263034801639|25|0.42861052139206557|1.3333333333333333|TotalCurrentLiabilitiesChange,35
475|10.715263034801639|25|0.42861052139206557|1.3333333333333333|TotalCurrentLiabilitiesChange,35
480|10.715263034801639|25|0.42861052139206557|1.3333333333333333|TotalCurrentLiabilitiesChange,35
485|10.715263034801639|25|0.42861052139206557|1.3333333333333333|TotalCurrentLiabilitiesChange,35
490|10.715263034801639|23|0.46588100151311473|1.2222222222222223|TotalCurrentLiabilitiesChange,35
495|10.715263034801639|23|0.46588100151311473|1.2222222222222223|TotalCurrentLiabilitiesChange,35
500|10.715263034801639|23|0.46588100151311473|1.2222222222222223|TotalCurrentLiabilitiesChange,35
505|10.715263034801639|23|0.46588100151311473|1.2222222222222223|TotalCurrentLiabilitiesChange,35
510|10.715263034801639|23|0.46588100151311473|1.2222222222222223|TotalCurrentLiabilitiesChange,35
515|10.715263034801639|23|0.46588100151311473|1.2222222222222223|TotalCurrentLiabilitiesChange,35
520|10.715263034801639|23|0.46588100151311473|1.2222222222222223|TotalCurrentLiabilitiesChange,35
525|10.715263034801639|23|0.46588100151311473|1.2222222222222223|TotalCurrentLiabilitiesChange,35
530|10.732867676795081|41|0.2617772604096361|2.0|TotalCurrentLiabilitiesChange,35
535|10.732867676795081|41|0.2617772604096361|2.0|TotalCurrentLiabilitiesChange,35
540|10.732867676795081|41|0.2617772604096361|2.0|TotalCurrentLiabilitiesChange,35
545|10.732867676795081|33|0.3252384144483358|1.4545454545454546|TotalCurrentLiabilitiesChange,35
550|10.732867676795081|33|0.3252384144483358|1.4545454545454546|TotalCurrentLiabilitiesChange,35
555|10.732867676795081|33|0.3252384144483358|1.4545454545454546|TotalCurrentLiabilitiesChange,35
560|10.732867676795081|33|0.3252384144483358|1.4545454545454546|TotalCurrentLiabilitiesChange,35
565|10.732867676795081|33|0.3252384144483358|1.4545454545454546|TotalCurrentLiabilitiesChange,35
570|10.732867676795081|33|0.3252384144483358|1.4545454545454546|TotalCurrentLiabilitiesChange,35
575|10.732867676795081|33|0.3252384144483358|1.4545454545454546|TotalCurrentLiabilitiesChange,35
580|10.792392915014753|41|0.2632290954881647|1.6666666666666667|TotalCurrentLiabilitiesChange,35
585|10.792392915014753|41|0.2632290954881647|1.6666666666666667|TotalCurrentLiabilitiesChange,35
590|10.792392915014753|37|0.2916862950003987|1.3846153846153846|TotalCurrentLiabilitiesChange,35
595|10.792392915014753|37|0.2916862950003987|1.3846153846153846|TotalCurrentLiabilitiesChange,35
600|10.792392915014753|37|0.2916862950003987|1.3846153846153846|TotalCurrentLiabilitiesChange,35
605|10.792392915014753|37|0.2916862950003987|1.3846153846153846|TotalCurrentLiabilitiesChange,35
610|10.792392915014753|35|0.3083540832861358|1.4166666666666667|TotalCurrentLiabilitiesChange,35
615|10.792392915014753|35|0.3083540832861358|1.4166666666666667|TotalCurrentLiabilitiesChange,35
620|10.792392915014753|35|0.3083540832861358|1.4166666666666667|TotalCurrentLiabilitiesChange,35
625|10.792392915014753|35|0.3083540832861358|1.4166666666666667|TotalCurrentLiabilitiesChange,35
630|10.792392915014753|35|0.3083540832861358|1.4166666666666667|TotalCurrentLiabilitiesChange,35
635|10.792392915014753|35|0.3083540832861358|1.4166666666666667|TotalCurrentLiabilitiesChange,35
640|10.792392915014753|35|0.3083540832861358|1.4166666666666667|TotalCurrentLiabilitiesChange,35
645|10.792392915014753|31|0.3481417069359598|1.3636363636363635|TotalCurrentLiabilitiesChange,35
650|10.792392915014753|31|0.3481417069359598|1.3636363636363635|TotalCurrentLiabilitiesChange,35
655|10.792392915014753|31|0.3481417069359598|1.3636363636363635|TotalCurrentLiabilitiesChange,35
660|10.792392915014753|31|0.3481417069359598|1.3636363636363635|TotalCurrentLiabilitiesChange,35
665|10.792392915014753|31|0.3481417069359598|1.3636363636363635|TotalCurrentLiabilitiesChange,35
670|10.792392915014753|31|0.3481417069359598|1.3636363636363635|TotalCurrentLiabilitiesChange,35
675|10.792392915014753|29|0.37215147982809493|1.1666666666666667|ReturnOnEquity10,22
680|10.792392915014753|29|0.37215147982809493|1.1666666666666667|ReturnOnEquity10,22
685|10.792392915014753|29|0.37215147982809493|1.1666666666666667|ReturnOnEquity10,22
690|10.792392915014753|29|0.37215147982809493|1.1666666666666667|ReturnOnEquity10,22
695|10.792392915014753|29|0.37215147982809493|1.1666666666666667|ReturnOnEquity10,22
700|10.792392915014753|29|0.37215147982809493|1.1666666666666667|ReturnOnEquity10,22
705|10.792392915014753|29|0.37215147982809493|1.1666666666666667|ReturnOnEquity10,22
710|10.792392915014753|29|0.37215147982809493|1.1666666666666667|ReturnOnEquity10,22
715|10.792392915014753|29|0.37215147982809493|1.1666666666666667|ReturnOnEquity10,22
720|10.792392915014753|27|0.3997182561116575|1.3|TotalCurrentLiabilitiesChange,35
725|10.792392915014753|27|0.3997182561116575|1.3|TotalCurrentLiabilitiesChange,35
730|10.792392915014753|27|0.3997182561116575|1.3|TotalCurrentLiabilitiesChange,35
735|10.792392915014753|27|0.3997182561116575|1.3|TotalCurrentLiabilitiesChange,35
740|10.792392915014753|27|0.3997182561116575|1.3|TotalCurrentLiabilitiesChange,35
745|10.792392915014753|27|0.3997182561116575|1.3|TotalCurrentLiabilitiesChange,35
750|10.792392915014753|27|0.3997182561116575|1.3|TotalCurrentLiabilitiesChange,35
755|10.792392915014753|27|0.3997182561116575|1.3|TotalCurrentLiabilitiesChange,35
760|10.792392915014753|27|0.3997182561116575|1.3|TotalCurrentLiabilitiesChange,35
765|10.792392915014753|27|0.3997182561116575|1.3|TotalCurrentLiabilitiesChange,35
770|10.792392915014753|27|0.3997182561116575|1.3|TotalCurrentLiabilitiesChange,35
775|10.792392915014753|27|0.3997182561116575|1.3|TotalCurrentLiabilitiesChange,35
780|10.792392915014753|27|0.3997182561116575|1.3|TotalCurrentLiabilitiesChange,35
785|10.792392915014753|27|0.3997182561116575|1.3|TotalCurrentLiabilitiesChange,35
790|10.792392915014753|27|0.3997182561116575|1.3|TotalCurrentLiabilitiesChange,35
795|10.792392915014753|27|0.3997182561116575|1.3|TotalCurrentLiabilitiesChange,35
800|10.792392915014753|27|0.3997182561116575|1.3|TotalCurrentLiabilitiesChange,35
805|10.792392915014753|27|0.3997182561116575|1.3|TotalCurrentLiabilitiesChange,35
810|10.792392915014753|27|0.3997182561116575|1.3|TotalCurrentLiabilitiesChange,35
815|10.792392915014753|27|0.3997182561116575|1.3|TotalCurrentLiabilitiesChange,35
820|10.792392915014753|27|0.3997182561116575|1.3|TotalCurrentLiabilitiesChange,35
825|10.792392915014753|27|0.3997182561116575|1.3|TotalCurrentLiabilitiesChange,35
830|10.792392915014753|27|0.3997182561116575|1.3|TotalCurrentLiabilitiesChange,35
835|10.792392915014753|27|0.3997182561116575|1.3|TotalCurrentLiabilitiesChange,35
840|10.792392915014753|27|0.3997182561116575|1.3|TotalCurrentLiabilitiesChange,35
845|10.792392915014753|27|0.3997182561116575|1.3|TotalCurrentLiabilitiesChange,35
850|10.792392915014753|27|0.3997182561116575|1.3|TotalCurrentLiabilitiesChange,35
855|10.792392915014753|27|0.3997182561116575|1.3|TotalCurrentLiabilitiesChange,35
860|10.792392915014753|27|0.3997182561116575|1.3|TotalCurrentLiabilitiesChange,35
865|10.792392915014753|27|0.3997182561116575|1.3|TotalCurrentLiabilitiesChange,35
870|10.792392915014753|27|0.3997182561116575|1.3|TotalCurrentLiabilitiesChange,35
875|10.792392915014753|27|0.3997182561116575|1.3|TotalCurrentLiabilitiesChange,35
880|10.792392915014753|25|0.43169571660059014|1.2|ReturnOnEquity10,22
885|10.792392915014753|25|0.43169571660059014|1.2|ReturnOnEquity10,22
890|10.792392915014753|25|0.43169571660059014|1.2|ReturnOnEquity10,22
895|10.792392915014753|25|0.43169571660059014|1.2|ReturnOnEquity10,22
900|10.792392915014753|25|0.43169571660059014|1.2|ReturnOnEquity10,22
905|10.792392915014753|25|0.43169571660059014|1.2|ReturnOnEquity10,22
910|10.792392915014753|25|0.43169571660059014|1.2|ReturnOnEquity10,22
915|10.792392915014753|25|0.43169571660059014|1.2|ReturnOnEquity10,22
920|10.792392915014753|25|0.43169571660059014|1.2|ReturnOnEquity10,22
925|10.792392915014753|25|0.43169571660059014|1.2|ReturnOnEquity10,22
930|10.792392915014753|25|0.43169571660059014|1.2|ReturnOnEquity10,22
935|10.792392915014753|25|0.43169571660059014|1.2|ReturnOnEquity10,22
940|10.792392915014753|25|0.43169571660059014|1.2|ReturnOnEquity10,22
945|10.792392915014753|25|0.43169571660059014|1.2|ReturnOnEquity10,22
950|10.792392915014753|25|0.43169571660059014|1.2|ReturnOnEquity10,22
955|10.792392915014753|25|0.43169571660059014|1.2|ReturnOnEquity10,22
960|10.792392915014753|25|0.43169571660059014|1.2|ReturnOnEquity10,22
965|10.792392915014753|25|0.43169571660059014|1.2|ReturnOnEquity10,22
970|10.792392915014753|25|0.43169571660059014|1.2|ReturnOnEquity10,22
975|10.792392915014753|25|0.43169571660059014|1.2|ReturnOnEquity10,22
980|10.792392915014753|25|0.43169571660059014|1.2|ReturnOnEquity10,22
985|10.792392915014753|25|0.43169571660059014|1.2|ReturnOnEquity10,22
990|10.792392915014753|25|0.43169571660059014|1.2|ReturnOnEquity10,22
995|10.792392915014753|25|0.43169571660059014|1.2|ReturnOnEquity10,22
1000|10.792392915014753|25|0.43169571660059014|1.2|ReturnOnEquity10,22
1005|10.792392915014753|25|0.43169571660059014|1.2|ReturnOnEquity10,22
1010|10.792392915014753|25|0.43169571660059014|1.2|ReturnOnEquity10,22
1015|10.792392915014753|25|0.43169571660059014|1.2|ReturnOnEquity10,22
1020|10.792392915014753|25|0.43169571660059014|1.2|ReturnOnEquity10,22
1025|10.792392915014753|25|0.43169571660059014|1.2|ReturnOnEquity10,22
1030|10.792392915014753|25|0.43169571660059014|1.2|ReturnOnEquity10,22
1035|10.792392915014753|25|0.43169571660059014|1.2|ReturnOnEquity10,22
1040|10.792392915014753|25|0.43169571660059014|1.2|ReturnOnEquity10,22
1045|10.792392915014753|25|0.43169571660059014|1.2|ReturnOnEquity10,22
1050|10.792392915014753|25|0.43169571660059014|1.2|ReturnOnEquity10,22
1055|10.792392915014753|25|0.43169571660059014|1.2|ReturnOnEquity10,22
1060|10.792392915014753|25|0.43169571660059014|1.2|ReturnOnEquity10,22
1065|10.792392915014753|25|0.43169571660059014|1.2|ReturnOnEquity10,22
1070|10.792392915014753|25|0.43169571660059014|1.2|ReturnOnEquity10,22
1075|10.792392915014753|25|0.43169571660059014|1.2|ReturnOnEquity10,22
1080|10.792392915014753|25|0.43169571660059014|1.2|ReturnOnEquity10,22
1085|10.792392915014753|25|0.43169571660059014|1.2|ReturnOnEquity10,22
1090|10.792392915014753|25|0.43169571660059014|1.2|ReturnOnEquity10,22
1095|10.792392915014753|25|0.43169571660059014|1.2|ReturnOnEquity10,22
1100|10.792392915014753|25|0.43169571660059014|1.2|ReturnOnEquity10,22
1105|10.792392915014753|25|0.43169571660059014|1.2|ReturnOnEquity10,22
1110|10.792392915014753|25|0.43169571660059014|1.2|ReturnOnEquity10,22
1115|10.792392915014753|25|0.43169571660059014|1.2|ReturnOnEquity10,22
1120|10.792392915014753|25|0.43169571660059014|1.2|ReturnOnEquity10,22
1125|10.792392915014753|25|0.43169571660059014|1.2|ReturnOnEquity10,22
1130|10.792392915014753|25|0.43169571660059014|1.2|ReturnOnEquity10,22
1135|10.792392915014753|25|0.43169571660059014|1.2|ReturnOnEquity10,22
1140|10.792392915014753|25|0.43169571660059014|1.2|ReturnOnEquity10,22
1145|10.792392915014753|25|0.43169571660059014|1.2|ReturnOnEquity10,22
1150|10.792392915014753|25|0.43169571660059014|1.2|ReturnOnEquity10,22
1155|10.792392915014753|25|0.43169571660059014|1.2|ReturnOnEquity10,22
1160|10.792392915014753|25|0.43169571660059014|1.2|ReturnOnEquity10,22
1165|10.792392915014753|25|0.43169571660059014|1.2|ReturnOnEquity10,22
1170|10.792392915014753|25|0.43169571660059014|1.2|ReturnOnEquity10,22
1175|10.792392915014753|25|0.43169571660059014|1.2|ReturnOnEquity10,22
1180|10.792392915014753|25|0.43169571660059014|1.2|ReturnOnEquity10,22
1185|10.792392915014753|25|0.43169571660059014|1.2|ReturnOnEquity10,22
1190|10.792392915014753|25|0.43169571660059014|1.2|ReturnOnEquity10,22
1195|10.792392915014753|25|0.43169571660059014|1.2|ReturnOnEquity10,22
1200|10.792392915014753|25|0.43169571660059014|1.2|ReturnOnEquity10,22
1205|10.792392915014753|25|0.43169571660059014|1.2|ReturnOnEquity10,22
1210|10.792392915014753|25|0.43169571660059014|1.2|ReturnOnEquity10,22
1215|10.792392915014753|25|0.43169571660059014|1.2|ReturnOnEquity10,22
1220|10.792392915014753|25|0.43169571660059014|1.2|ReturnOnEquity10,22
1225|10.834973285463933|35|0.30957066529896954|1.7|ReturnOnEquity10,22
1230|10.834973285463933|35|0.30957066529896954|1.7|ReturnOnEquity10,22
1235|10.834973285463933|35|0.30957066529896954|1.7|ReturnOnEquity10,22
1240|10.834973285463933|35|0.30957066529896954|1.7|ReturnOnEquity10,22
1245|10.834973285463933|35|0.30957066529896954|1.7|ReturnOnEquity10,22
1250|10.834973285463933|33|0.3283325238019374|1.6|BookValuePerShareChange,11
1255|10.834973285463933|33|0.3283325238019374|1.6|BookValuePerShareChange,11
1260|10.834973285463933|33|0.3283325238019374|1.6|BookValuePerShareChange,11
1265|10.834973285463933|33|0.3283325238019374|1.6|BookValuePerShareChange,11
1270|10.834973285463933|33|0.3283325238019374|1.6|BookValuePerShareChange,11
1275|10.834973285463933|33|0.3283325238019374|1.6|BookValuePerShareChange,11
1280|10.834973285463933|33|0.3283325238019374|1.6|BookValuePerShareChange,11
1285|10.834973285463933|33|0.3283325238019374|1.6|BookValuePerShareChange,11
1290|10.834973285463933|33|0.3283325238019374|1.6|BookValuePerShareChange,11
1295|10.834973285463933|33|0.3283325238019374|1.6|BookValuePerShareChange,11
1300|10.834973285463933|33|0.3283325238019374|1.6|BookValuePerShareChange,11
1305|10.834973285463933|33|0.3283325238019374|1.6|BookValuePerShareChange,11
1310|10.834973285463933|33|0.3283325238019374|1.6|BookValuePerShareChange,11
1315|10.834973285463933|33|0.3283325238019374|1.6|BookValuePerShareChange,11
1320|10.834973285463933|33|0.3283325238019374|1.6|BookValuePerShareChange,11
1325|10.834973285463933|33|0.3283325238019374|1.6|BookValuePerShareChange,11
1330|10.834973285463933|31|0.3495152672730301|1.25|BookValuePerShareChange,11
1335|10.834973285463933|31|0.3495152672730301|1.25|BookValuePerShareChange,11
1340|10.834973285463933|31|0.3495152672730301|1.25|BookValuePerShareChange,11
1345|10.834973285463933|31|0.3495152672730301|1.25|BookValuePerShareChange,11
1350|10.834973285463933|31|0.3495152672730301|1.25|BookValuePerShareChange,11
1355|10.834973285463933|31|0.3495152672730301|1.25|BookValuePerShareChange,11
1360|10.834973285463933|31|0.3495152672730301|1.25|BookValuePerShareChange,11
1365|10.834973285463933|31|0.3495152672730301|1.25|BookValuePerShareChange,11
1370|10.834973285463933|31|0.3495152672730301|1.25|BookValuePerShareChange,11
1375|10.834973285463933|31|0.3495152672730301|1.25|BookValuePerShareChange,11
1380|10.834973285463933|31|0.3495152672730301|1.25|BookValuePerShareChange,11
1385|10.834973285463933|31|0.3495152672730301|1.25|BookValuePerShareChange,11
1390|10.834973285463933|31|0.3495152672730301|1.25|BookValuePerShareChange,11
1395|10.834973285463933|31|0.3495152672730301|1.25|BookValuePerShareChange,11
1400|10.834973285463933|31|0.3495152672730301|1.25|BookValuePerShareChange,11
1405|10.834973285463933|31|0.3495152672730301|1.25|BookValuePerShareChange,11
1410|10.834973285463933|31|0.3495152672730301|1.25|BookValuePerShareChange,11
1415|10.834973285463933|31|0.3495152672730301|1.25|BookValuePerShareChange,11
1420|10.834973285463933|31|0.3495152672730301|1.25|BookValuePerShareChange,11
1425|10.834973285463933|31|0.3495152672730301|1.25|BookValuePerShareChange,11
1430|10.834973285463933|31|0.3495152672730301|1.25|BookValuePerShareChange,11
1435|10.834973285463933|31|0.3495152672730301|1.25|BookValuePerShareChange,11
1440|10.834973285463933|31|0.3495152672730301|1.25|BookValuePerShareChange,11
1445|10.834973285463933|31|0.3495152672730301|1.25|BookValuePerShareChange,11
1450|10.834973285463933|31|0.3495152672730301|1.25|BookValuePerShareChange,11
1455|10.834973285463933|31|0.3495152672730301|1.25|BookValuePerShareChange,11
1460|10.834973285463933|31|0.3495152672730301|1.25|BookValuePerShareChange,11
1465|10.834973285463933|31|0.3495152672730301|1.25|BookValuePerShareChange,11
1470|10.834973285463933|31|0.3495152672730301|1.25|BookValuePerShareChange,11
1475|10.834973285463933|31|0.3495152672730301|1.25|BookValuePerShareChange,11
1480|10.834973285463933|31|0.3495152672730301|1.25|BookValuePerShareChange,11
1485|10.834973285463933|31|0.3495152672730301|1.25|BookValuePerShareChange,11
1490|10.834973285463933|31|0.3495152672730301|1.25|BookValuePerShareChange,11
1495|10.834973285463933|31|0.3495152672730301|1.25|BookValuePerShareChange,11
1500|10.834973285463933|31|0.3495152672730301|1.25|BookValuePerShareChange,11
1505|10.834973285463933|31|0.3495152672730301|1.25|BookValuePerShareChange,11
1510|10.834973285463933|31|0.3495152672730301|1.25|BookValuePerShareChange,11
1515|10.834973285463933|31|0.3495152672730301|1.25|BookValuePerShareChange,11
1520|10.834973285463933|31|0.3495152672730301|1.25|BookValuePerShareChange,11
1525|10.834973285463933|31|0.3495152672730301|1.25|BookValuePerShareChange,11
1530|10.834973285463933|31|0.3495152672730301|1.25|BookValuePerShareChange,11
1535|10.834973285463933|31|0.3495152672730301|1.25|BookValuePerShareChange,11
1540|10.834973285463933|31|0.3495152672730301|1.25|BookValuePerShareChange,11
1545|10.834973285463933|31|0.3495152672730301|1.25|BookValuePerShareChange,11
1550|10.834973285463933|31|0.3495152672730301|1.25|BookValuePerShareChange,11
1555|10.834973285463933|31|0.3495152672730301|1.25|BookValuePerShareChange,11
1560|10.834973285463933|31|0.3495152672730301|1.25|BookValuePerShareChange,11
1565|10.834973285463933|31|0.3495152672730301|1.25|BookValuePerShareChange,11
1570|10.834973285463933|31|0.3495152672730301|1.25|BookValuePerShareChange,11
1575|10.834973285463933|31|0.3495152672730301|1.25|BookValuePerShareChange,11
1580|10.834973285463933|31|0.3495152672730301|1.25|BookValuePerShareChange,11
1585|10.834973285463933|31|0.3495152672730301|1.25|BookValuePerShareChange,11
1590|10.834973285463933|31|0.3495152672730301|1.25|BookValuePerShareChange,11
1595|10.834973285463933|31|0.3495152672730301|1.25|BookValuePerShareChange,11
1600|10.834973285463933|31|0.3495152672730301|1.25|BookValuePerShareChange,11
1605|10.834973285463933|31|0.3495152672730301|1.25|BookValuePerShareChange,11
1610|10.834973285463933|31|0.3495152672730301|1.25|BookValuePerShareChange,11
1615|10.834973285463933|31|0.3495152672730301|1.25|BookValuePerShareChange,11
1620|10.834973285463933|31|0.3495152672730301|1.25|BookValuePerShareChange,11
1625|10.834973285463933|31|0.3495152672730301|1.25|BookValuePerShareChange,11
1630|10.834973285463933|31|0.3495152672730301|1.25|BookValuePerShareChange,11
1635|10.834973285463933|31|0.3495152672730301|1.25|BookValuePerShareChange,11
1640|10.834973285463933|31|0.3495152672730301|1.25|BookValuePerShareChange,11
1645|10.834973285463933|31|0.3495152672730301|1.25|BookValuePerShareChange,11
1650|10.834973285463933|31|0.3495152672730301|1.25|BookValuePerShareChange,11
1655|10.834973285463933|31|0.3495152672730301|1.25|BookValuePerShareChange,11
1660|10.834973285463933|31|0.3495152672730301|1.25|BookValuePerShareChange,11
1665|10.834973285463933|31|0.3495152672730301|1.25|BookValuePerShareChange,11
1670|10.834973285463933|31|0.3495152672730301|1.25|BookValuePerShareChange,11
1675|10.834973285463933|31|0.3495152672730301|1.25|BookValuePerShareChange,11
1680|10.834973285463933|31|0.3495152672730301|1.25|BookValuePerShareChange,11
1685|10.834973285463933|31|0.3495152672730301|1.25|BookValuePerShareChange,11
1690|10.834973285463933|31|0.3495152672730301|1.25|BookValuePerShareChange,11
1695|10.834973285463933|31|0.3495152672730301|1.25|BookValuePerShareChange,11
1700|10.834973285463933|31|0.3495152672730301|1.25|BookValuePerShareChange,11
1705|10.834973285463933|31|0.3495152672730301|1.25|BookValuePerShareChange,11
1710|10.834973285463933|31|0.3495152672730301|1.25|BookValuePerShareChange,11
1715|10.834973285463933|31|0.3495152672730301|1.25|BookValuePerShareChange,11
1720|10.834973285463933|31|0.3495152672730301|1.25|BookValuePerShareChange,11
1725|10.834973285463933|29|0.3736197684642736|1.2727272727272727|BookValuePerShareChange,11
1730|10.834973285463933|29|0.3736197684642736|1.2727272727272727|BookValuePerShareChange,11
1735|10.834973285463933|29|0.3736197684642736|1.2727272727272727|BookValuePerShareChange,11
1740|10.834973285463933|29|0.3736197684642736|1.2727272727272727|BookValuePerShareChange,11
1745|10.834973285463933|29|0.3736197684642736|1.2727272727272727|BookValuePerShareChange,11
1750|10.834973285463933|29|0.3736197684642736|1.2727272727272727|BookValuePerShareChange,11
1755|10.834973285463933|29|0.3736197684642736|1.2727272727272727|BookValuePerShareChange,11
1760|10.834973285463933|29|0.3736197684642736|1.2727272727272727|BookValuePerShareChange,11
1765|10.834973285463933|29|0.3736197684642736|1.2727272727272727|BookValuePerShareChange,11
1770|10.834973285463933|29|0.3736197684642736|1.2727272727272727|BookValuePerShareChange,11
1775|10.834973285463933|29|0.3736197684642736|1.2727272727272727|BookValuePerShareChange,11
1780|10.834973285463933|29|0.3736197684642736|1.2727272727272727|BookValuePerShareChange,11
1785|10.834973285463933|29|0.3736197684642736|1.2727272727272727|BookValuePerShareChange,11
1790|10.834973285463933|29|0.3736197684642736|1.2727272727272727|BookValuePerShareChange,11
1795|10.834973285463933|29|0.3736197684642736|1.2727272727272727|BookValuePerShareChange,11
1800|10.834973285463933|29|0.3736197684642736|1.2727272727272727|BookValuePerShareChange,11
1805|10.834973285463933|29|0.3736197684642736|1.2727272727272727|BookValuePerShareChange,11
1810|10.834973285463933|29|0.3736197684642736|1.2727272727272727|BookValuePerShareChange,11
1815|10.834973285463933|29|0.3736197684642736|1.2727272727272727|BookValuePerShareChange,11
1820|10.834973285463933|29|0.3736197684642736|1.2727272727272727|BookValuePerShareChange,11
1825|10.834973285463933|29|0.3736197684642736|1.2727272727272727|BookValuePerShareChange,11
1830|10.834973285463933|29|0.3736197684642736|1.2727272727272727|BookValuePerShareChange,11
1835|10.834973285463933|29|0.3736197684642736|1.2727272727272727|BookValuePerShareChange,11
1840|10.834973285463933|29|0.3736197684642736|1.2727272727272727|BookValuePerShareChange,11
1845|10.834973285463933|29|0.3736197684642736|1.2727272727272727|BookValuePerShareChange,11
1850|10.834973285463933|29|0.3736197684642736|1.2727272727272727|BookValuePerShareChange,11
1855|10.834973285463933|29|0.3736197684642736|1.2727272727272727|BookValuePerShareChange,11
1860|10.834973285463933|29|0.3736197684642736|1.2727272727272727|BookValuePerShareChange,11
1865|10.834973285463933|29|0.3736197684642736|1.2727272727272727|BookValuePerShareChange,11
1870|10.834973285463933|29|0.3736197684642736|1.2727272727272727|BookValuePerShareChange,11
1875|10.834973285463933|29|0.3736197684642736|1.2727272727272727|BookValuePerShareChange,11
1880|10.834973285463933|29|0.3736197684642736|1.2727272727272727|BookValuePerShareChange,11
1885|10.834973285463933|29|0.3736197684642736|1.2727272727272727|BookValuePerShareChange,11
1890|10.834973285463933|29|0.3736197684642736|1.2727272727272727|BookValuePerShareChange,11
1895|10.834973285463933|29|0.3736197684642736|1.2727272727272727|BookValuePerShareChange,11
1900|10.834973285463933|29|0.3736197684642736|1.2727272727272727|BookValuePerShareChange,11
1905|10.834973285463933|29|0.3736197684642736|1.2727272727272727|BookValuePerShareChange,11
1910|10.834973285463933|29|0.3736197684642736|1.2727272727272727|BookValuePerShareChange,11
1915|10.834973285463933|29|0.3736197684642736|1.2727272727272727|BookValuePerShareChange,11
1920|10.834973285463933|29|0.3736197684642736|1.2727272727272727|BookValuePerShareChange,11
1925|10.834973285463933|29|0.3736197684642736|1.2727272727272727|BookValuePerShareChange,11
1930|10.834973285463933|29|0.3736197684642736|1.2727272727272727|BookValuePerShareChange,11
1935|10.834973285463933|29|0.3736197684642736|1.2727272727272727|BookValuePerShareChange,11
1940|10.834973285463933|29|0.3736197684642736|1.2727272727272727|BookValuePerShareChange,11
1945|10.834973285463933|29|0.3736197684642736|1.2727272727272727|BookValuePerShareChange,11
1950|10.834973285463933|29|0.3736197684642736|1.2727272727272727|BookValuePerShareChange,11
1955|10.834973285463933|29|0.3736197684642736|1.2727272727272727|BookValuePerShareChange,11
1960|10.834973285463933|29|0.3736197684642736|1.2727272727272727|BookValuePerShareChange,11
1965|10.834973285463933|29|0.3736197684642736|1.2727272727272727|BookValuePerShareChange,11
1970|10.834973285463933|29|0.3736197684642736|1.2727272727272727|BookValuePerShareChange,11
1975|10.834973285463933|29|0.3736197684642736|1.2727272727272727|BookValuePerShareChange,11
1980|10.834973285463933|29|0.3736197684642736|1.2727272727272727|BookValuePerShareChange,11
1985|10.834973285463933|29|0.3736197684642736|1.2727272727272727|BookValuePerShareChange,11
1990|10.834973285463933|29|0.3736197684642736|1.2727272727272727|BookValuePerShareChange,11
1995|10.834973285463933|29|0.3736197684642736|1.2727272727272727|BookValuePerShareChange,11
2000|10.834973285463933|29|0.3736197684642736|1.2727272727272727|BookValuePerShareChange,11
