#########################################################
# Algorithm Parameters #
# Generations = 2000
# Population size = 100
# Resolution = 5
#########################################################
# Financial Parameters #
# Quarter = 1
# Crossover probabilities = 0.75 -> 0.25
# Mutation start probabilities = 0.9,0.0,0.6,0.5,0.6,0.9
# Mutation end probabilities = 0.4,0.4,0.1,0.1,0.1,0.4
######################################################### 
0|6.98677493335246|9|0.7763083259280511|1.0|GrossMargin09,0
5|7.623606219952461|9|0.8470673577724956|1.3333333333333333|ReturnOnEquity09,21
10|7.878706499988525|11|0.7162460454535022|1.0|GrossMargin09,0
15|8.043220290595082|23|0.3497052300258731|1.1|EarningsPerShare09,6
20|8.873809091722954|41|0.21643436809080377|1.4285714285714286|GrossMargin09,0
25|8.873809091722954|27|0.32865959598973904|1.3|BookValuePerShareChange,11
30|8.873809091722954|23|0.38581778659665017|1.2222222222222223|EarningsPerShare09,6
35|8.873809091722954|17|0.5219887701013503|1.1428571428571428|CapExSalesChange,29
40|8.873809091722954|13|0.6826006993633041|1.0|OperatingMargin10,4
45|8.873809091722954|13|0.6826006993633041|1.0|OperatingMargin10,4
50|8.933334329942626|15|0.5955556219961751|1.4|ReturnOnAssets10,19
55|8.933334329942626|15|0.5955556219961751|1.4|ReturnOnAssets10,19
60|8.933334329942626|15|0.5955556219961751|1.4|ReturnOnAssets10,19
65|8.933334329942626|15|0.5955556219961751|1.4|ReturnOnAssets10,19
70|8.933334329942626|15|0.5955556219961751|1.4|ReturnOnAssets10,19
75|9.106201190391806|21|0.4336286281138955|1.6666666666666667|ReturnOnAssets10,19
80|9.106201190391806|21|0.4336286281138955|1.6666666666666667|ReturnOnAssets10,19
85|9.166758388057378|17|0.539221081650434|1.3333333333333333|ReturnOnAssets10,19
90|9.43919516995574|29|0.32548948861916344|1.75|EarningsPerShare09,6
95|9.43919516995574|27|0.34959982110947185|1.4444444444444444|ResearchDevelopmentChange,17
100|9.43919516995574|23|0.41039978999807564|1.2222222222222223|ReturnOnEquity10,22
105|9.805840081077053|47|0.20863489534206495|2.875|EarningsPerShare09,6
110|9.805840081077053|47|0.20863489534206495|2.875|EarningsPerShare09,6
115|9.865365319296725|35|0.281867580551335|1.5454545454545454|ReturnOnAssets10,19
120|9.97574059523443|39|0.25578822039062643|1.7272727272727273|EarningsPerShare09,6
125|9.97574059523443|39|0.25578822039062643|1.7272727272727273|EarningsPerShare09,6
130|9.97574059523443|37|0.26961461068201165|1.8|GrossMargin10,1
135|9.97574059523443|33|0.30229516955255853|1.6|TotalCurrentAssets09,30
140|9.97574059523443|29|0.3439910550080838|1.4|TotalCurrentAssets09,30
145|10.02169863763115|43|0.2330627590146779|1.9090909090909092|GrossMargin10,1
150|10.02169863763115|43|0.2330627590146779|1.9090909090909092|GrossMargin10,1
155|10.02169863763115|35|0.28633424678946146|1.7|EarningsPerShare09,6
160|10.02169863763115|31|0.32328060121390806|1.5|GrossMargin10,1
165|10.02169863763115|31|0.32328060121390806|1.5|GrossMargin10,1
170|10.02169863763115|31|0.32328060121390806|1.5|GrossMargin10,1
175|10.02169863763115|29|0.3455758150907293|2.0|GrossMargin10,1
180|10.02169863763115|27|0.3711740236159685|1.625|GrossMargin10,1
185|10.02169863763115|27|0.3711740236159685|1.625|GrossMargin10,1
190|10.02169863763115|27|0.3711740236159685|1.625|GrossMargin10,1
195|10.02169863763115|27|0.3711740236159685|1.625|GrossMargin10,1
200|10.02169863763115|27|0.3711740236159685|1.625|GrossMargin10,1
205|10.02169863763115|25|0.400867945505246|1.3333333333333333|EarningsPerShare09,6
210|10.054538325037706|27|0.37239030833472986|1.4444444444444444|GrossMargin10,1
215|10.054538325037706|27|0.37239030833472986|1.4444444444444444|GrossMargin10,1
220|10.224438839195084|43|0.2377776474231415|2.3333333333333335|GrossMargin10,1
225|10.224438839195084|33|0.3098314799756086|1.6|GrossMargin10,1
230|10.224438839195084|29|0.3525668565239684|1.4|ReturnOnEquity10,22
235|10.224438839195084|29|0.3525668565239684|1.4|ReturnOnEquity10,22
240|10.224438839195084|29|0.3525668565239684|1.4|ReturnOnEquity10,22
245|10.224438839195084|27|0.3786829199701883|1.625|ReturnOnEquity10,22
250|10.224438839195084|27|0.3786829199701883|1.625|ReturnOnEquity10,22
255|10.224438839195084|27|0.3786829199701883|1.625|ReturnOnEquity10,22
260|10.224438839195084|27|0.3786829199701883|1.625|ReturnOnEquity10,22
265|10.224438839195084|27|0.3786829199701883|1.625|ReturnOnEquity10,22
270|10.224438839195084|27|0.3786829199701883|1.625|ReturnOnEquity10,22
275|10.224438839195084|27|0.3786829199701883|1.625|ReturnOnEquity10,22
280|10.224438839195084|25|0.40897755356780335|1.7142857142857142|GrossMargin10,1
285|10.224438839195084|25|0.40897755356780335|1.7142857142857142|GrossMargin10,1
290|10.224438839195084|25|0.40897755356780335|1.7142857142857142|GrossMargin10,1
295|10.224438839195084|25|0.40897755356780335|1.7142857142857142|GrossMargin10,1
300|10.224438839195084|25|0.40897755356780335|1.7142857142857142|GrossMargin10,1
305|10.224438839195084|25|0.40897755356780335|1.7142857142857142|GrossMargin10,1
310|10.224438839195084|25|0.40897755356780335|1.7142857142857142|GrossMargin10,1
315|10.224438839195084|25|0.40897755356780335|1.7142857142857142|GrossMargin10,1
320|10.224438839195084|25|0.40897755356780335|1.7142857142857142|GrossMargin10,1
325|10.224438839195084|25|0.40897755356780335|1.7142857142857142|GrossMargin10,1
330|10.224438839195084|25|0.40897755356780335|1.7142857142857142|GrossMargin10,1
335|10.224438839195084|25|0.40897755356780335|1.7142857142857142|GrossMargin10,1
340|10.224438839195084|25|0.40897755356780335|1.7142857142857142|GrossMargin10,1
345|10.224438839195084|25|0.40897755356780335|1.7142857142857142|GrossMargin10,1
350|10.224438839195084|25|0.40897755356780335|1.7142857142857142|GrossMargin10,1
355|10.224438839195084|25|0.40897755356780335|1.7142857142857142|GrossMargin10,1
360|10.224438839195084|25|0.40897755356780335|1.7142857142857142|GrossMargin10,1
365|10.224438839195084|25|0.40897755356780335|1.7142857142857142|GrossMargin10,1
370|10.224438839195084|25|0.40897755356780335|1.7142857142857142|GrossMargin10,1
375|10.224438839195084|25|0.40897755356780335|1.7142857142857142|GrossMargin10,1
380|10.224438839195084|25|0.40897755356780335|1.7142857142857142|GrossMargin10,1
385|10.224438839195084|25|0.40897755356780335|1.7142857142857142|GrossMargin10,1
390|10.224438839195084|25|0.40897755356780335|1.7142857142857142|GrossMargin10,1
395|10.224438839195084|25|0.40897755356780335|1.7142857142857142|GrossMargin10,1
400|10.224438839195084|25|0.40897755356780335|1.7142857142857142|GrossMargin10,1
405|10.224438839195084|25|0.40897755356780335|1.7142857142857142|GrossMargin10,1
410|10.224438839195084|25|0.40897755356780335|1.7142857142857142|GrossMargin10,1
415|10.224438839195084|25|0.40897755356780335|1.7142857142857142|GrossMargin10,1
420|10.224438839195084|25|0.40897755356780335|1.7142857142857142|GrossMargin10,1
425|10.224438839195084|25|0.40897755356780335|1.7142857142857142|GrossMargin10,1
430|10.224438839195084|25|0.40897755356780335|1.7142857142857142|GrossMargin10,1
435|10.224438839195084|25|0.40897755356780335|1.7142857142857142|GrossMargin10,1
440|10.224438839195084|25|0.40897755356780335|1.7142857142857142|GrossMargin10,1
445|10.224438839195084|25|0.40897755356780335|1.7142857142857142|GrossMargin10,1
450|10.224438839195084|25|0.40897755356780335|1.7142857142857142|GrossMargin10,1
455|10.224438839195084|25|0.40897755356780335|1.7142857142857142|GrossMargin10,1
460|10.224438839195084|25|0.40897755356780335|1.7142857142857142|GrossMargin10,1
465|10.224438839195084|25|0.40897755356780335|1.7142857142857142|GrossMargin10,1
470|10.224438839195084|25|0.40897755356780335|1.7142857142857142|GrossMargin10,1
475|10.224438839195084|25|0.40897755356780335|1.7142857142857142|GrossMargin10,1
480|10.224438839195084|25|0.40897755356780335|1.7142857142857142|GrossMargin10,1
485|10.224438839195084|25|0.40897755356780335|1.7142857142857142|GrossMargin10,1
490|10.224438839195084|25|0.40897755356780335|1.7142857142857142|GrossMargin10,1
495|10.224438839195084|25|0.40897755356780335|1.7142857142857142|GrossMargin10,1
500|10.224438839195084|23|0.44454081909543847|1.5714285714285714|ReturnOnEquity10,22
505|10.224438839195084|23|0.44454081909543847|1.5714285714285714|ReturnOnEquity10,22
510|10.224438839195084|23|0.44454081909543847|1.5714285714285714|ReturnOnEquity10,22
515|10.224438839195084|23|0.44454081909543847|1.5714285714285714|ReturnOnEquity10,22
520|10.224438839195084|23|0.44454081909543847|1.5714285714285714|ReturnOnEquity10,22
525|10.224438839195084|23|0.44454081909543847|1.5714285714285714|ReturnOnEquity10,22
530|10.224438839195084|23|0.44454081909543847|1.5714285714285714|ReturnOnEquity10,22
535|10.224438839195084|23|0.44454081909543847|1.5714285714285714|ReturnOnEquity10,22
540|10.224438839195084|23|0.44454081909543847|1.5714285714285714|ReturnOnEquity10,22
545|10.224438839195084|21|0.48687803996167067|1.4285714285714286|GrossMargin10,1
550|10.224438839195084|21|0.48687803996167067|1.4285714285714286|GrossMargin10,1
555|10.224438839195084|21|0.48687803996167067|1.4285714285714286|GrossMargin10,1
560|10.224438839195084|21|0.48687803996167067|1.4285714285714286|GrossMargin10,1
565|10.224438839195084|21|0.48687803996167067|1.4285714285714286|GrossMargin10,1
570|10.224438839195084|21|0.48687803996167067|1.4285714285714286|GrossMargin10,1
575|10.224438839195084|21|0.48687803996167067|1.4285714285714286|GrossMargin10,1
580|10.224438839195084|21|0.48687803996167067|1.4285714285714286|GrossMargin10,1
585|10.224438839195084|21|0.48687803996167067|1.4285714285714286|GrossMargin10,1
590|10.224438839195084|21|0.48687803996167067|1.4285714285714286|GrossMargin10,1
595|10.224438839195084|21|0.48687803996167067|1.4285714285714286|GrossMargin10,1
600|10.224438839195084|21|0.48687803996167067|1.4285714285714286|GrossMargin10,1
605|10.224438839195084|21|0.48687803996167067|1.4285714285714286|GrossMargin10,1
610|10.224438839195084|21|0.48687803996167067|1.4285714285714286|GrossMargin10,1
615|10.224438839195084|21|0.48687803996167067|1.4285714285714286|GrossMargin10,1
620|10.224438839195084|21|0.48687803996167067|1.4285714285714286|GrossMargin10,1
625|10.224438839195084|19|0.538128359957636|1.2857142857142858|EarningsPerShare09,6
630|10.224438839195084|19|0.538128359957636|1.2857142857142858|EarningsPerShare09,6
635|10.224438839195084|19|0.538128359957636|1.2857142857142858|EarningsPerShare09,6
640|10.224438839195084|19|0.538128359957636|1.2857142857142858|EarningsPerShare09,6
645|10.224438839195084|19|0.538128359957636|1.2857142857142858|EarningsPerShare09,6
650|10.224438839195084|19|0.538128359957636|1.2857142857142858|EarningsPerShare09,6
655|10.224438839195084|19|0.538128359957636|1.2857142857142858|EarningsPerShare09,6
660|10.224438839195084|19|0.538128359957636|1.2857142857142858|EarningsPerShare09,6
665|10.224438839195084|19|0.538128359957636|1.2857142857142858|EarningsPerShare09,6
670|10.224438839195084|19|0.538128359957636|1.2857142857142858|EarningsPerShare09,6
675|10.224438839195084|19|0.538128359957636|1.2857142857142858|EarningsPerShare09,6
680|10.224438839195084|19|0.538128359957636|1.2857142857142858|EarningsPerShare09,6
685|10.224438839195084|19|0.538128359957636|1.2857142857142858|EarningsPerShare09,6
690|10.224438839195084|19|0.538128359957636|1.2857142857142858|EarningsPerShare09,6
695|10.224438839195084|19|0.538128359957636|1.2857142857142858|EarningsPerShare09,6
700|10.224438839195084|19|0.538128359957636|1.2857142857142858|EarningsPerShare09,6
705|10.224438839195084|19|0.538128359957636|1.2857142857142858|EarningsPerShare09,6
710|10.224438839195084|19|0.538128359957636|1.2857142857142858|EarningsPerShare09,6
715|10.224438839195084|19|0.538128359957636|1.2857142857142858|EarningsPerShare09,6
720|10.224438839195084|19|0.538128359957636|1.2857142857142858|EarningsPerShare09,6
725|10.224438839195084|19|0.538128359957636|1.2857142857142858|EarningsPerShare09,6
730|10.224438839195084|19|0.538128359957636|1.2857142857142858|EarningsPerShare09,6
735|10.224438839195084|19|0.538128359957636|1.2857142857142858|EarningsPerShare09,6
740|10.224438839195084|19|0.538128359957636|1.2857142857142858|EarningsPerShare09,6
745|10.224438839195084|19|0.538128359957636|1.2857142857142858|EarningsPerShare09,6
750|10.224438839195084|19|0.538128359957636|1.2857142857142858|EarningsPerShare09,6
755|10.224438839195084|19|0.538128359957636|1.2857142857142858|EarningsPerShare09,6
760|10.224438839195084|19|0.538128359957636|1.2857142857142858|EarningsPerShare09,6
765|10.224438839195084|19|0.538128359957636|1.2857142857142858|EarningsPerShare09,6
770|10.224438839195084|19|0.538128359957636|1.2857142857142858|EarningsPerShare09,6
775|10.224438839195084|19|0.538128359957636|1.2857142857142858|EarningsPerShare09,6
780|10.224438839195084|19|0.538128359957636|1.2857142857142858|EarningsPerShare09,6
785|10.224438839195084|19|0.538128359957636|1.2857142857142858|EarningsPerShare09,6
790|10.224438839195084|19|0.538128359957636|1.2857142857142858|EarningsPerShare09,6
795|10.224438839195084|19|0.538128359957636|1.2857142857142858|EarningsPerShare09,6
800|10.224438839195084|19|0.538128359957636|1.2857142857142858|EarningsPerShare09,6
805|10.224438839195084|19|0.538128359957636|1.2857142857142858|EarningsPerShare09,6
810|10.224438839195084|19|0.538128359957636|1.2857142857142858|EarningsPerShare09,6
815|10.224438839195084|19|0.538128359957636|1.2857142857142858|EarningsPerShare09,6
820|10.224438839195084|19|0.538128359957636|1.2857142857142858|EarningsPerShare09,6
825|10.224438839195084|19|0.538128359957636|1.2857142857142858|EarningsPerShare09,6
830|10.224438839195084|19|0.538128359957636|1.2857142857142858|EarningsPerShare09,6
835|10.224438839195084|19|0.538128359957636|1.2857142857142858|EarningsPerShare09,6
840|10.224438839195084|19|0.538128359957636|1.2857142857142858|EarningsPerShare09,6
845|10.224438839195084|19|0.538128359957636|1.2857142857142858|EarningsPerShare09,6
850|10.224438839195084|19|0.538128359957636|1.2857142857142858|EarningsPerShare09,6
855|10.224438839195084|19|0.538128359957636|1.2857142857142858|EarningsPerShare09,6
860|10.224438839195084|19|0.538128359957636|1.2857142857142858|EarningsPerShare09,6
865|10.224438839195084|19|0.538128359957636|1.2857142857142858|EarningsPerShare09,6
870|10.224438839195084|19|0.538128359957636|1.2857142857142858|EarningsPerShare09,6
875|10.224438839195084|19|0.538128359957636|1.2857142857142858|EarningsPerShare09,6
880|10.224438839195084|19|0.538128359957636|1.2857142857142858|EarningsPerShare09,6
885|10.224438839195084|19|0.538128359957636|1.2857142857142858|EarningsPerShare09,6
890|10.224438839195084|19|0.538128359957636|1.2857142857142858|EarningsPerShare09,6
895|10.224438839195084|19|0.538128359957636|1.2857142857142858|EarningsPerShare09,6
900|10.224438839195084|19|0.538128359957636|1.2857142857142858|EarningsPerShare09,6
905|10.224438839195084|19|0.538128359957636|1.2857142857142858|EarningsPerShare09,6
910|10.224438839195084|19|0.538128359957636|1.2857142857142858|EarningsPerShare09,6
915|10.224438839195084|19|0.538128359957636|1.2857142857142858|EarningsPerShare09,6
920|10.224438839195084|19|0.538128359957636|1.2857142857142858|EarningsPerShare09,6
925|10.224438839195084|19|0.538128359957636|1.2857142857142858|EarningsPerShare09,6
930|10.224438839195084|19|0.538128359957636|1.2857142857142858|EarningsPerShare09,6
935|10.224438839195084|19|0.538128359957636|1.2857142857142858|EarningsPerShare09,6
940|10.224438839195084|19|0.538128359957636|1.2857142857142858|EarningsPerShare09,6
945|10.224438839195084|19|0.538128359957636|1.2857142857142858|EarningsPerShare09,6
950|10.224438839195084|19|0.538128359957636|1.2857142857142858|EarningsPerShare09,6
955|10.410872895467216|31|0.33583460953120053|2.142857142857143|EarningsPerShare09,6
960|10.410872895467216|31|0.33583460953120053|2.142857142857143|EarningsPerShare09,6
965|10.433905242598364|39|0.2675360318614965|2.375|EarningsPerShare09,6
970|10.433905242598364|39|0.2675360318614965|2.375|EarningsPerShare09,6
975|10.54428051853607|49|0.2151893983374708|3.0|EarningsPerShare09,6
980|10.54428051853607|45|0.2343173448563571|2.75|EarningsPerShare09,6
985|10.54428051853607|39|0.2703661671419505|2.111111111111111|EarningsPerShare09,6
990|10.59023856093279|55|0.19254979201695982|2.4545454545454546|EarningsPerShare09,6
995|10.59023856093279|55|0.19254979201695982|2.4545454545454546|EarningsPerShare09,6
1000|10.59023856093279|45|0.23533863468739533|2.0|EarningsPerShare09,6
1005|10.59023856093279|41|0.2582985014861656|2.0|EarningsPerShare09,6
1010|10.59023856093279|35|0.3025782445980797|1.8888888888888888|EarningsPerShare09,6
1015|10.59023856093279|35|0.3025782445980797|1.8888888888888888|EarningsPerShare09,6
1020|10.59023856093279|35|0.3025782445980797|1.8888888888888888|EarningsPerShare09,6
1025|10.59023856093279|33|0.32091632002826637|1.4545454545454546|EarningsPerShare09,6
1030|10.59023856093279|27|0.39223105781232553|1.4444444444444444|GrossMarginChange,2
1035|10.59023856093279|27|0.39223105781232553|1.4444444444444444|GrossMarginChange,2
1040|10.59023856093279|27|0.39223105781232553|1.4444444444444444|GrossMarginChange,2
1045|10.59023856093279|27|0.39223105781232553|1.4444444444444444|GrossMarginChange,2
1050|10.59023856093279|27|0.39223105781232553|1.4444444444444444|GrossMarginChange,2
1055|10.59023856093279|27|0.39223105781232553|1.4444444444444444|GrossMarginChange,2
1060|10.59023856093279|25|0.4236095424373116|1.5|GrossMarginChange,2
1065|10.59023856093279|25|0.4236095424373116|1.5|GrossMarginChange,2
1070|10.59023856093279|25|0.4236095424373116|1.5|GrossMarginChange,2
1075|10.59023856093279|25|0.4236095424373116|1.5|GrossMarginChange,2
1080|10.59023856093279|25|0.4236095424373116|1.5|GrossMarginChange,2
1085|10.59023856093279|25|0.4236095424373116|1.5|GrossMarginChange,2
1090|10.59023856093279|25|0.4236095424373116|1.5|GrossMarginChange,2
1095|10.59023856093279|25|0.4236095424373116|1.5|GrossMarginChange,2
1100|10.59023856093279|25|0.4236095424373116|1.5|GrossMarginChange,2
1105|10.59023856093279|25|0.4236095424373116|1.5|GrossMarginChange,2
1110|10.59023856093279|23|0.4604451548231648|1.375|EarningsPerShare09,6
1115|10.59023856093279|23|0.4604451548231648|1.375|EarningsPerShare09,6
1120|10.59023856093279|23|0.4604451548231648|1.375|EarningsPerShare09,6
1125|10.59023856093279|23|0.4604451548231648|1.375|EarningsPerShare09,6
1130|10.59023856093279|23|0.4604451548231648|1.375|EarningsPerShare09,6
1135|10.59023856093279|23|0.4604451548231648|1.375|EarningsPerShare09,6
1140|10.59023856093279|23|0.4604451548231648|1.375|EarningsPerShare09,6
1145|10.59023856093279|23|0.4604451548231648|1.375|EarningsPerShare09,6
1150|10.59023856093279|23|0.4604451548231648|1.375|EarningsPerShare09,6
1155|10.59023856093279|23|0.4604451548231648|1.375|EarningsPerShare09,6
1160|10.59023856093279|23|0.4604451548231648|1.375|EarningsPerShare09,6
1165|10.59023856093279|23|0.4604451548231648|1.375|EarningsPerShare09,6
1170|10.59023856093279|23|0.4604451548231648|1.375|EarningsPerShare09,6
1175|10.59023856093279|23|0.4604451548231648|1.375|EarningsPerShare09,6
1180|10.59023856093279|23|0.4604451548231648|1.375|EarningsPerShare09,6
1185|10.59023856093279|23|0.4604451548231648|1.375|EarningsPerShare09,6
1190|10.59023856093279|23|0.4604451548231648|1.375|EarningsPerShare09,6
1195|10.59023856093279|23|0.4604451548231648|1.375|EarningsPerShare09,6
1200|10.59023856093279|23|0.4604451548231648|1.375|EarningsPerShare09,6
1205|10.59023856093279|23|0.4604451548231648|1.375|EarningsPerShare09,6
1210|10.59023856093279|23|0.4604451548231648|1.375|EarningsPerShare09,6
1215|10.59023856093279|23|0.4604451548231648|1.375|EarningsPerShare09,6
1220|10.59023856093279|23|0.4604451548231648|1.375|EarningsPerShare09,6
1225|10.59023856093279|23|0.4604451548231648|1.375|EarningsPerShare09,6
1230|10.59023856093279|23|0.4604451548231648|1.375|EarningsPerShare09,6
1235|10.59023856093279|23|0.4604451548231648|1.375|EarningsPerShare09,6
1240|10.59023856093279|23|0.4604451548231648|1.375|EarningsPerShare09,6
1245|10.59023856093279|23|0.4604451548231648|1.375|EarningsPerShare09,6
1250|10.59023856093279|23|0.4604451548231648|1.375|EarningsPerShare09,6
1255|10.59023856093279|23|0.4604451548231648|1.375|EarningsPerShare09,6
1260|10.59023856093279|23|0.4604451548231648|1.375|EarningsPerShare09,6
1265|10.59023856093279|23|0.4604451548231648|1.375|EarningsPerShare09,6
1270|10.59023856093279|23|0.4604451548231648|1.375|EarningsPerShare09,6
1275|10.59023856093279|23|0.4604451548231648|1.375|EarningsPerShare09,6
1280|10.59023856093279|23|0.4604451548231648|1.375|EarningsPerShare09,6
1285|10.59023856093279|23|0.4604451548231648|1.375|EarningsPerShare09,6
1290|10.59023856093279|23|0.4604451548231648|1.375|EarningsPerShare09,6
1295|10.59023856093279|23|0.4604451548231648|1.375|EarningsPerShare09,6
1300|10.59023856093279|23|0.4604451548231648|1.375|EarningsPerShare09,6
1305|10.59023856093279|23|0.4604451548231648|1.375|EarningsPerShare09,6
1310|10.59023856093279|23|0.4604451548231648|1.375|EarningsPerShare09,6
1315|10.59023856093279|23|0.4604451548231648|1.375|EarningsPerShare09,6
1320|10.59023856093279|23|0.4604451548231648|1.375|EarningsPerShare09,6
1325|10.59023856093279|23|0.4604451548231648|1.375|EarningsPerShare09,6
1330|10.59023856093279|23|0.4604451548231648|1.375|EarningsPerShare09,6
1335|10.59023856093279|23|0.4604451548231648|1.375|EarningsPerShare09,6
1340|10.59023856093279|23|0.4604451548231648|1.375|EarningsPerShare09,6
1345|10.59023856093279|23|0.4604451548231648|1.375|EarningsPerShare09,6
1350|10.59023856093279|23|0.4604451548231648|1.375|EarningsPerShare09,6
1355|10.59023856093279|23|0.4604451548231648|1.375|EarningsPerShare09,6
1360|10.59023856093279|23|0.4604451548231648|1.375|EarningsPerShare09,6
1365|10.59023856093279|23|0.4604451548231648|1.375|EarningsPerShare09,6
1370|10.59023856093279|23|0.4604451548231648|1.375|EarningsPerShare09,6
1375|10.59023856093279|23|0.4604451548231648|1.375|EarningsPerShare09,6
1380|10.59023856093279|23|0.4604451548231648|1.375|EarningsPerShare09,6
1385|10.59023856093279|23|0.4604451548231648|1.375|EarningsPerShare09,6
1390|10.59023856093279|23|0.4604451548231648|1.375|EarningsPerShare09,6
1395|10.59023856093279|23|0.4604451548231648|1.375|EarningsPerShare09,6
1400|10.59023856093279|23|0.4604451548231648|1.375|EarningsPerShare09,6
1405|10.59023856093279|23|0.4604451548231648|1.375|EarningsPerShare09,6
1410|10.59023856093279|23|0.4604451548231648|1.375|EarningsPerShare09,6
1415|10.59023856093279|23|0.4604451548231648|1.375|EarningsPerShare09,6
1420|10.59023856093279|23|0.4604451548231648|1.375|EarningsPerShare09,6
1425|10.59023856093279|23|0.4604451548231648|1.375|EarningsPerShare09,6
1430|10.59023856093279|23|0.4604451548231648|1.375|EarningsPerShare09,6
1435|10.59023856093279|23|0.4604451548231648|1.375|EarningsPerShare09,6
1440|10.59023856093279|23|0.4604451548231648|1.375|EarningsPerShare09,6
1445|10.59023856093279|23|0.4604451548231648|1.375|EarningsPerShare09,6
1450|10.59023856093279|23|0.4604451548231648|1.375|EarningsPerShare09,6
1455|10.59023856093279|23|0.4604451548231648|1.375|EarningsPerShare09,6
1460|10.59023856093279|23|0.4604451548231648|1.375|EarningsPerShare09,6
1465|10.59023856093279|23|0.4604451548231648|1.375|EarningsPerShare09,6
1470|10.59023856093279|23|0.4604451548231648|1.375|EarningsPerShare09,6
1475|10.59023856093279|23|0.4604451548231648|1.375|EarningsPerShare09,6
1480|10.59023856093279|23|0.4604451548231648|1.375|EarningsPerShare09,6
1485|10.59023856093279|23|0.4604451548231648|1.375|EarningsPerShare09,6
1490|10.59023856093279|23|0.4604451548231648|1.375|EarningsPerShare09,6
1495|10.59023856093279|23|0.4604451548231648|1.375|EarningsPerShare09,6
1500|10.59023856093279|23|0.4604451548231648|1.375|EarningsPerShare09,6
1505|10.59023856093279|23|0.4604451548231648|1.375|EarningsPerShare09,6
1510|10.59023856093279|23|0.4604451548231648|1.375|EarningsPerShare09,6
1515|10.59023856093279|23|0.4604451548231648|1.375|EarningsPerShare09,6
1520|10.59023856093279|23|0.4604451548231648|1.375|EarningsPerShare09,6
1525|10.59023856093279|23|0.4604451548231648|1.375|EarningsPerShare09,6
1530|10.59023856093279|23|0.4604451548231648|1.375|EarningsPerShare09,6
1535|10.59023856093279|23|0.4604451548231648|1.375|EarningsPerShare09,6
1540|10.59023856093279|23|0.4604451548231648|1.375|EarningsPerShare09,6
1545|10.59023856093279|23|0.4604451548231648|1.375|EarningsPerShare09,6
1550|10.59023856093279|23|0.4604451548231648|1.375|EarningsPerShare09,6
1555|10.59023856093279|23|0.4604451548231648|1.375|EarningsPerShare09,6
1560|10.59023856093279|23|0.4604451548231648|1.375|EarningsPerShare09,6
1565|10.59023856093279|23|0.4604451548231648|1.375|EarningsPerShare09,6
1570|10.59023856093279|23|0.4604451548231648|1.375|EarningsPerShare09,6
1575|10.59023856093279|23|0.4604451548231648|1.375|EarningsPerShare09,6
1580|10.59023856093279|23|0.4604451548231648|1.375|EarningsPerShare09,6
1585|10.59023856093279|23|0.4604451548231648|1.375|EarningsPerShare09,6
1590|10.59023856093279|23|0.4604451548231648|1.375|EarningsPerShare09,6
1595|10.59023856093279|23|0.4604451548231648|1.375|EarningsPerShare09,6
1600|10.59023856093279|23|0.4604451548231648|1.375|EarningsPerShare09,6
1605|10.59023856093279|23|0.4604451548231648|1.375|EarningsPerShare09,6
1610|10.59023856093279|23|0.4604451548231648|1.375|EarningsPerShare09,6
1615|10.59023856093279|23|0.4604451548231648|1.375|EarningsPerShare09,6
1620|10.59023856093279|23|0.4604451548231648|1.375|EarningsPerShare09,6
1625|10.59023856093279|23|0.4604451548231648|1.375|EarningsPerShare09,6
1630|10.59023856093279|23|0.4604451548231648|1.375|EarningsPerShare09,6
1635|10.59023856093279|23|0.4604451548231648|1.375|EarningsPerShare09,6
1640|10.59023856093279|23|0.4604451548231648|1.375|EarningsPerShare09,6
1645|10.59023856093279|23|0.4604451548231648|1.375|EarningsPerShare09,6
1650|10.59023856093279|23|0.4604451548231648|1.375|EarningsPerShare09,6
1655|10.59023856093279|23|0.4604451548231648|1.375|EarningsPerShare09,6
1660|10.59023856093279|23|0.4604451548231648|1.375|EarningsPerShare09,6
1665|10.59023856093279|23|0.4604451548231648|1.375|EarningsPerShare09,6
1670|10.59023856093279|23|0.4604451548231648|1.375|EarningsPerShare09,6
1675|10.59023856093279|23|0.4604451548231648|1.375|EarningsPerShare09,6
1680|10.59023856093279|23|0.4604451548231648|1.375|EarningsPerShare09,6
1685|10.59023856093279|23|0.4604451548231648|1.375|EarningsPerShare09,6
1690|10.59023856093279|23|0.4604451548231648|1.375|EarningsPerShare09,6
1695|10.59023856093279|23|0.4604451548231648|1.375|EarningsPerShare09,6
1700|10.59023856093279|23|0.4604451548231648|1.375|EarningsPerShare09,6
1705|10.59023856093279|23|0.4604451548231648|1.375|EarningsPerShare09,6
1710|10.59023856093279|23|0.4604451548231648|1.375|EarningsPerShare09,6
1715|10.59023856093279|23|0.4604451548231648|1.375|EarningsPerShare09,6
1720|10.59023856093279|23|0.4604451548231648|1.375|EarningsPerShare09,6
1725|10.59023856093279|23|0.4604451548231648|1.375|EarningsPerShare09,6
1730|10.59023856093279|23|0.4604451548231648|1.375|EarningsPerShare09,6
1735|10.59023856093279|23|0.4604451548231648|1.375|EarningsPerShare09,6
1740|10.59023856093279|23|0.4604451548231648|1.375|EarningsPerShare09,6
1745|10.59023856093279|23|0.4604451548231648|1.375|EarningsPerShare09,6
1750|10.59023856093279|23|0.4604451548231648|1.375|EarningsPerShare09,6
1755|10.59023856093279|23|0.4604451548231648|1.375|EarningsPerShare09,6
1760|10.59023856093279|23|0.4604451548231648|1.375|EarningsPerShare09,6
1765|10.59023856093279|23|0.4604451548231648|1.375|EarningsPerShare09,6
1770|10.59023856093279|23|0.4604451548231648|1.375|EarningsPerShare09,6
1775|10.59023856093279|23|0.4604451548231648|1.375|EarningsPerShare09,6
1780|10.59023856093279|23|0.4604451548231648|1.375|EarningsPerShare09,6
1785|10.59023856093279|23|0.4604451548231648|1.375|EarningsPerShare09,6
1790|10.59023856093279|23|0.4604451548231648|1.375|EarningsPerShare09,6
1795|10.59023856093279|23|0.4604451548231648|1.375|EarningsPerShare09,6
1800|10.59023856093279|23|0.4604451548231648|1.375|EarningsPerShare09,6
1805|10.59023856093279|23|0.4604451548231648|1.375|EarningsPerShare09,6
1810|10.59023856093279|23|0.4604451548231648|1.375|EarningsPerShare09,6
1815|10.59023856093279|23|0.4604451548231648|1.375|EarningsPerShare09,6
1820|10.59023856093279|23|0.4604451548231648|1.375|EarningsPerShare09,6
1825|10.59023856093279|23|0.4604451548231648|1.375|EarningsPerShare09,6
1830|10.59023856093279|23|0.4604451548231648|1.375|EarningsPerShare09,6
1835|10.59023856093279|23|0.4604451548231648|1.375|EarningsPerShare09,6
1840|10.59023856093279|23|0.4604451548231648|1.375|EarningsPerShare09,6
1845|10.59023856093279|23|0.4604451548231648|1.375|EarningsPerShare09,6
1850|10.59023856093279|23|0.4604451548231648|1.375|EarningsPerShare09,6
1855|10.59023856093279|23|0.4604451548231648|1.375|EarningsPerShare09,6
1860|10.59023856093279|23|0.4604451548231648|1.375|EarningsPerShare09,6
1865|10.59023856093279|23|0.4604451548231648|1.375|EarningsPerShare09,6
1870|10.59023856093279|23|0.4604451548231648|1.375|EarningsPerShare09,6
1875|10.59023856093279|23|0.4604451548231648|1.375|EarningsPerShare09,6
1880|10.59023856093279|23|0.4604451548231648|1.375|EarningsPerShare09,6
1885|10.59023856093279|23|0.4604451548231648|1.375|EarningsPerShare09,6
1890|10.59023856093279|23|0.4604451548231648|1.375|EarningsPerShare09,6
1895|10.59023856093279|23|0.4604451548231648|1.375|EarningsPerShare09,6
1900|10.59023856093279|23|0.4604451548231648|1.375|EarningsPerShare09,6
1905|10.59023856093279|23|0.4604451548231648|1.375|EarningsPerShare09,6
1910|10.59023856093279|23|0.4604451548231648|1.375|EarningsPerShare09,6
1915|10.59023856093279|23|0.4604451548231648|1.375|EarningsPerShare09,6
1920|10.59023856093279|23|0.4604451548231648|1.375|EarningsPerShare09,6
1925|10.59023856093279|23|0.4604451548231648|1.375|EarningsPerShare09,6
1930|10.59023856093279|23|0.4604451548231648|1.375|EarningsPerShare09,6
1935|10.59023856093279|23|0.4604451548231648|1.375|EarningsPerShare09,6
1940|10.59023856093279|23|0.4604451548231648|1.375|EarningsPerShare09,6
1945|10.59023856093279|23|0.4604451548231648|1.375|EarningsPerShare09,6
1950|10.59023856093279|23|0.4604451548231648|1.375|EarningsPerShare09,6
1955|10.59023856093279|23|0.4604451548231648|1.375|EarningsPerShare09,6
1960|10.59023856093279|23|0.4604451548231648|1.375|EarningsPerShare09,6
1965|10.59023856093279|23|0.4604451548231648|1.375|EarningsPerShare09,6
1970|10.59023856093279|23|0.4604451548231648|1.375|EarningsPerShare09,6
1975|10.59023856093279|23|0.4604451548231648|1.375|EarningsPerShare09,6
1980|10.59023856093279|23|0.4604451548231648|1.375|EarningsPerShare09,6
1985|10.59023856093279|23|0.4604451548231648|1.375|EarningsPerShare09,6
1990|10.59023856093279|23|0.4604451548231648|1.375|EarningsPerShare09,6
1995|10.59023856093279|23|0.4604451548231648|1.375|EarningsPerShare09,6
2000|10.59023856093279|23|0.4604451548231648|1.375|EarningsPerShare09,6
