#########################################################
# Algorithm Parameters #
# Generations = 2000
# Population size = 100
# Resolution = 5
#########################################################
# Financial Parameters #
# Quarter = 1
# Crossover probabilities = 0.75 -> 0.25
# Mutation start probabilities = 0.9,0.0,0.6,0.5,0.6,0.9
# Mutation end probabilities = 0.4,0.4,0.1,0.1,0.1,0.4
######################################################### 
0|7.02565237877869|7|1.003664625539813|1.0|ResearchDevelopmentChange,17
5|7.878706499988525|9|0.8754118333320583|1.3333333333333333|TotalCurrentAssetsChange,32
10|8.313838800221312|9|0.9237598666912569|1.0|ReturnOnEquity10,22
15|8.313838800221312|9|0.9237598666912569|1.0|ReturnOnEquity10,22
20|9.308941391955738|11|0.8462673992687034|1.0|OperatingMargin09,3
25|9.308941391955738|11|0.8462673992687034|1.0|OperatingMargin09,3
30|9.308941391955738|11|0.8462673992687034|1.0|OperatingMargin09,3
35|9.308941391955738|11|0.8462673992687034|1.0|OperatingMargin09,3
40|9.308941391955738|11|0.8462673992687034|1.0|OperatingMargin09,3
45|9.308941391955738|9|1.0343268213284154|1.3333333333333333|OperatingMargin09,3
50|9.601890688290164|15|0.6401260458860109|1.1666666666666667|ReturnOnEquity10,22
55|9.601890688290164|15|0.6401260458860109|1.1666666666666667|ReturnOnEquity10,22
60|9.641935371519672|19|0.5074702827115617|1.2857142857142858|OperatingMargin09,3
65|9.641935371519672|19|0.5074702827115617|1.2857142857142858|OperatingMargin09,3
70|9.641935371519672|15|0.6427956914346448|1.4|OperatingMargin09,3
75|9.874327470188526|35|0.2821236420053864|1.8888888888888888|CapExSalesChange,29
80|9.920285512585247|29|0.34207881077880165|1.4|OperatingMargin09,3
85|9.920285512585247|19|0.5221202901360656|1.125|ResearchDevelopmentChange,17
90|9.920285512585247|19|0.5221202901360656|1.125|ResearchDevelopmentChange,17
95|9.920285512585247|19|0.5221202901360656|1.125|ResearchDevelopmentChange,17
100|10.286930423706558|35|0.29391229782018735|1.8888888888888888|ReturnOnAssets10,19
105|10.286930423706558|35|0.29391229782018735|1.8888888888888888|ReturnOnAssets10,19
110|10.286930423706558|23|0.44725784450898076|1.1|ReturnOnAssets10,19
115|10.286930423706558|21|0.48985382970031227|1.0|OperatingMargin09,3
120|10.286930423706558|21|0.48985382970031227|1.0|OperatingMargin09,3
125|10.286930423706558|21|0.48985382970031227|1.0|OperatingMargin09,3
130|10.286930423706558|19|0.5414173907213978|1.125|ReturnOnEquity10,22
135|10.286930423706558|19|0.5414173907213978|1.125|ReturnOnEquity10,22
140|10.286930423706558|19|0.5414173907213978|1.125|ReturnOnEquity10,22
145|10.286930423706558|19|0.5414173907213978|1.125|ReturnOnEquity10,22
150|10.286930423706558|19|0.5414173907213978|1.125|ReturnOnEquity10,22
155|10.286930423706558|19|0.5414173907213978|1.125|ReturnOnEquity10,22
160|10.286930423706558|19|0.5414173907213978|1.125|ReturnOnEquity10,22
165|10.286930423706558|19|0.5414173907213978|1.125|ReturnOnEquity10,22
170|10.286930423706558|19|0.5414173907213978|1.125|ReturnOnEquity10,22
175|10.286930423706558|19|0.5414173907213978|1.125|ReturnOnEquity10,22
180|10.286930423706558|19|0.5414173907213978|1.125|ReturnOnEquity10,22
185|10.286930423706558|19|0.5414173907213978|1.125|ReturnOnEquity10,22
190|10.286930423706558|19|0.5414173907213978|1.125|ReturnOnEquity10,22
195|10.286930423706558|17|0.6051135543356798|1.1428571428571428|TotalCurrentAssets10,31
200|10.286930423706558|17|0.6051135543356798|1.1428571428571428|TotalCurrentAssets10,31
205|10.286930423706558|17|0.6051135543356798|1.1428571428571428|TotalCurrentAssets10,31
210|10.286930423706558|17|0.6051135543356798|1.1428571428571428|TotalCurrentAssets10,31
215|10.286930423706558|17|0.6051135543356798|1.1428571428571428|TotalCurrentAssets10,31
220|10.286930423706558|17|0.6051135543356798|1.1428571428571428|TotalCurrentAssets10,31
225|10.286930423706558|17|0.6051135543356798|1.1428571428571428|TotalCurrentAssets10,31
230|10.286930423706558|17|0.6051135543356798|1.1428571428571428|TotalCurrentAssets10,31
235|10.286930423706558|17|0.6051135543356798|1.1428571428571428|TotalCurrentAssets10,31
240|10.286930423706558|17|0.6051135543356798|1.1428571428571428|TotalCurrentAssets10,31
245|10.286930423706558|17|0.6051135543356798|1.1428571428571428|TotalCurrentAssets10,31
250|10.286930423706558|17|0.6051135543356798|1.1428571428571428|TotalCurrentAssets10,31
255|10.34645566192623|19|0.5445502979961173|1.125|ResearchDevelopment09,15
260|10.34645566192623|19|0.5445502979961173|1.125|ResearchDevelopment09,15
265|10.34645566192623|19|0.5445502979961173|1.125|ResearchDevelopment09,15
270|10.34645566192623|17|0.6086150389368371|1.1428571428571428|TotalCurrentAssets10,31
275|10.34645566192623|17|0.6086150389368371|1.1428571428571428|TotalCurrentAssets10,31
280|10.34645566192623|17|0.6086150389368371|1.1428571428571428|TotalCurrentAssets10,31
285|10.34645566192623|17|0.6086150389368371|1.1428571428571428|TotalCurrentAssets10,31
290|10.34645566192623|17|0.6086150389368371|1.1428571428571428|TotalCurrentAssets10,31
295|10.34645566192623|17|0.6086150389368371|1.1428571428571428|TotalCurrentAssets10,31
300|10.34645566192623|17|0.6086150389368371|1.1428571428571428|TotalCurrentAssets10,31
305|10.34645566192623|17|0.6086150389368371|1.1428571428571428|TotalCurrentAssets10,31
310|10.34645566192623|17|0.6086150389368371|1.1428571428571428|TotalCurrentAssets10,31
315|10.34645566192623|17|0.6086150389368371|1.1428571428571428|TotalCurrentAssets10,31
320|10.34645566192623|17|0.6086150389368371|1.1428571428571428|TotalCurrentAssets10,31
325|10.479863284995083|29|0.3613745960343132|1.5555555555555556|OperatingMargin09,3
330|10.479863284995083|29|0.3613745960343132|1.5555555555555556|OperatingMargin09,3
335|10.479863284995083|29|0.3613745960343132|1.5555555555555556|OperatingMargin09,3
340|10.479863284995083|29|0.3613745960343132|1.5555555555555556|OperatingMargin09,3
345|10.479863284995083|29|0.3613745960343132|1.5555555555555556|OperatingMargin09,3
350|10.479863284995083|29|0.3613745960343132|1.5555555555555556|OperatingMargin09,3
355|10.479863284995083|27|0.3881430846294475|1.625|ReturnOnAssets10,19
360|10.479863284995083|25|0.41919453139980334|1.0909090909090908|ResearchDevelopment09,15
365|10.479863284995083|25|0.41919453139980334|1.0909090909090908|ResearchDevelopment09,15
370|10.479863284995083|21|0.4990411088092897|1.25|ResearchDevelopment09,15
375|10.479863284995083|21|0.4990411088092897|1.25|ResearchDevelopment09,15
380|10.479863284995083|21|0.4990411088092897|1.25|ResearchDevelopment09,15
385|10.479863284995083|21|0.4990411088092897|1.25|ResearchDevelopment09,15
390|10.479863284995083|21|0.4990411088092897|1.25|ResearchDevelopment09,15
395|10.479863284995083|21|0.4990411088092897|1.25|ResearchDevelopment09,15
400|10.479863284995083|21|0.4990411088092897|1.25|ResearchDevelopment09,15
405|10.479863284995083|21|0.4990411088092897|1.25|ResearchDevelopment09,15
410|10.479863284995083|21|0.4990411088092897|1.25|ResearchDevelopment09,15
415|10.479863284995083|21|0.4990411088092897|1.25|ResearchDevelopment09,15
420|10.479863284995083|21|0.4990411088092897|1.25|ResearchDevelopment09,15
425|10.479863284995083|21|0.4990411088092897|1.25|ResearchDevelopment09,15
430|10.479863284995083|21|0.4990411088092897|1.25|ResearchDevelopment09,15
435|10.479863284995083|21|0.4990411088092897|1.25|ResearchDevelopment09,15
440|10.479863284995083|21|0.4990411088092897|1.25|ResearchDevelopment09,15
445|10.479863284995083|21|0.4990411088092897|1.25|ResearchDevelopment09,15
450|10.479863284995083|21|0.4990411088092897|1.25|ResearchDevelopment09,15
455|10.479863284995083|21|0.4990411088092897|1.25|ResearchDevelopment09,15
460|10.479863284995083|21|0.4990411088092897|1.25|ResearchDevelopment09,15
465|10.479863284995083|21|0.4990411088092897|1.25|ResearchDevelopment09,15
470|10.479863284995083|21|0.4990411088092897|1.25|ResearchDevelopment09,15
475|10.479863284995083|21|0.4990411088092897|1.25|ResearchDevelopment09,15
480|10.479863284995083|21|0.4990411088092897|1.25|ResearchDevelopment09,15
485|10.479863284995083|19|0.5515717518418465|1.125|ResearchDevelopment09,15
490|10.479863284995083|19|0.5515717518418465|1.125|ResearchDevelopment09,15
495|10.479863284995083|19|0.5515717518418465|1.125|ResearchDevelopment09,15
500|10.479863284995083|19|0.5515717518418465|1.125|ResearchDevelopment09,15
505|10.479863284995083|19|0.5515717518418465|1.125|ResearchDevelopment09,15
510|10.479863284995083|19|0.5515717518418465|1.125|ResearchDevelopment09,15
515|10.479863284995083|19|0.5515717518418465|1.125|ResearchDevelopment09,15
520|10.479863284995083|19|0.5515717518418465|1.125|ResearchDevelopment09,15
525|10.479863284995083|19|0.5515717518418465|1.125|ResearchDevelopment09,15
530|10.479863284995083|19|0.5515717518418465|1.125|ResearchDevelopment09,15
535|10.479863284995083|19|0.5515717518418465|1.125|ResearchDevelopment09,15
540|10.479863284995083|19|0.5515717518418465|1.125|ResearchDevelopment09,15
545|10.479863284995083|19|0.5515717518418465|1.125|ResearchDevelopment09,15
550|10.479863284995083|19|0.5515717518418465|1.125|ResearchDevelopment09,15
555|10.479863284995083|19|0.5515717518418465|1.125|ResearchDevelopment09,15
560|10.479863284995083|19|0.5515717518418465|1.125|ResearchDevelopment09,15
565|10.479863284995083|19|0.5515717518418465|1.125|ResearchDevelopment09,15
570|10.479863284995083|19|0.5515717518418465|1.125|ResearchDevelopment09,15
575|10.479863284995083|19|0.5515717518418465|1.125|ResearchDevelopment09,15
580|10.479863284995083|19|0.5515717518418465|1.125|ResearchDevelopment09,15
585|10.479863284995083|19|0.5515717518418465|1.125|ResearchDevelopment09,15
590|10.479863284995083|19|0.5515717518418465|1.125|ResearchDevelopment09,15
595|10.479863284995083|19|0.5515717518418465|1.125|ResearchDevelopment09,15
600|10.479863284995083|19|0.5515717518418465|1.125|ResearchDevelopment09,15
605|10.479863284995083|19|0.5515717518418465|1.125|ResearchDevelopment09,15
610|10.479863284995083|19|0.5515717518418465|1.125|ResearchDevelopment09,15
615|10.479863284995083|19|0.5515717518418465|1.125|ResearchDevelopment09,15
620|10.479863284995083|17|0.6164625461761813|1.1428571428571428|ResearchDevelopment09,15
625|10.479863284995083|17|0.6164625461761813|1.1428571428571428|ResearchDevelopment09,15
630|10.479863284995083|17|0.6164625461761813|1.1428571428571428|ResearchDevelopment09,15
635|10.479863284995083|17|0.6164625461761813|1.1428571428571428|ResearchDevelopment09,15
640|10.479863284995083|17|0.6164625461761813|1.1428571428571428|ResearchDevelopment09,15
645|10.479863284995083|17|0.6164625461761813|1.1428571428571428|ResearchDevelopment09,15
650|10.479863284995083|17|0.6164625461761813|1.1428571428571428|ResearchDevelopment09,15
655|10.479863284995083|17|0.6164625461761813|1.1428571428571428|ResearchDevelopment09,15
660|10.479863284995083|17|0.6164625461761813|1.1428571428571428|ResearchDevelopment09,15
665|10.479863284995083|17|0.6164625461761813|1.1428571428571428|ResearchDevelopment09,15
670|10.479863284995083|17|0.6164625461761813|1.1428571428571428|ResearchDevelopment09,15
675|10.479863284995083|17|0.6164625461761813|1.1428571428571428|ResearchDevelopment09,15
680|10.479863284995083|17|0.6164625461761813|1.1428571428571428|ResearchDevelopment09,15
685|10.479863284995083|17|0.6164625461761813|1.1428571428571428|ResearchDevelopment09,15
690|10.479863284995083|17|0.6164625461761813|1.1428571428571428|ResearchDevelopment09,15
695|10.479863284995083|17|0.6164625461761813|1.1428571428571428|ResearchDevelopment09,15
700|10.479863284995083|17|0.6164625461761813|1.1428571428571428|ResearchDevelopment09,15
705|10.479863284995083|17|0.6164625461761813|1.1428571428571428|ResearchDevelopment09,15
710|10.479863284995083|17|0.6164625461761813|1.1428571428571428|ResearchDevelopment09,15
715|10.479863284995083|17|0.6164625461761813|1.1428571428571428|ResearchDevelopment09,15
720|10.479863284995083|17|0.6164625461761813|1.1428571428571428|ResearchDevelopment09,15
725|10.479863284995083|17|0.6164625461761813|1.1428571428571428|ResearchDevelopment09,15
730|10.479863284995083|17|0.6164625461761813|1.1428571428571428|ResearchDevelopment09,15
735|10.479863284995083|17|0.6164625461761813|1.1428571428571428|ResearchDevelopment09,15
740|10.479863284995083|17|0.6164625461761813|1.1428571428571428|ResearchDevelopment09,15
745|10.479863284995083|17|0.6164625461761813|1.1428571428571428|ResearchDevelopment09,15
750|10.479863284995083|17|0.6164625461761813|1.1428571428571428|ResearchDevelopment09,15
755|10.479863284995083|17|0.6164625461761813|1.1428571428571428|ResearchDevelopment09,15
760|10.479863284995083|17|0.6164625461761813|1.1428571428571428|ResearchDevelopment09,15
765|10.479863284995083|17|0.6164625461761813|1.1428571428571428|ResearchDevelopment09,15
770|10.479863284995083|17|0.6164625461761813|1.1428571428571428|ResearchDevelopment09,15
775|10.479863284995083|17|0.6164625461761813|1.1428571428571428|ResearchDevelopment09,15
780|10.479863284995083|17|0.6164625461761813|1.1428571428571428|ResearchDevelopment09,15
785|10.479863284995083|17|0.6164625461761813|1.1428571428571428|ResearchDevelopment09,15
790|10.479863284995083|17|0.6164625461761813|1.1428571428571428|ResearchDevelopment09,15
795|10.479863284995083|17|0.6164625461761813|1.1428571428571428|ResearchDevelopment09,15
800|10.479863284995083|17|0.6164625461761813|1.1428571428571428|ResearchDevelopment09,15
805|10.479863284995083|17|0.6164625461761813|1.1428571428571428|ResearchDevelopment09,15
810|10.479863284995083|17|0.6164625461761813|1.1428571428571428|ResearchDevelopment09,15
815|10.479863284995083|17|0.6164625461761813|1.1428571428571428|ResearchDevelopment09,15
820|10.479863284995083|17|0.6164625461761813|1.1428571428571428|ResearchDevelopment09,15
825|10.479863284995083|17|0.6164625461761813|1.1428571428571428|ResearchDevelopment09,15
830|10.479863284995083|17|0.6164625461761813|1.1428571428571428|ResearchDevelopment09,15
835|10.479863284995083|17|0.6164625461761813|1.1428571428571428|ResearchDevelopment09,15
840|10.479863284995083|17|0.6164625461761813|1.1428571428571428|ResearchDevelopment09,15
845|10.479863284995083|17|0.6164625461761813|1.1428571428571428|ResearchDevelopment09,15
850|10.479863284995083|17|0.6164625461761813|1.1428571428571428|ResearchDevelopment09,15
855|10.479863284995083|17|0.6164625461761813|1.1428571428571428|ResearchDevelopment09,15
860|10.479863284995083|17|0.6164625461761813|1.1428571428571428|ResearchDevelopment09,15
865|10.479863284995083|17|0.6164625461761813|1.1428571428571428|ResearchDevelopment09,15
870|10.479863284995083|17|0.6164625461761813|1.1428571428571428|ResearchDevelopment09,15
875|10.479863284995083|17|0.6164625461761813|1.1428571428571428|ResearchDevelopment09,15
880|10.479863284995083|17|0.6164625461761813|1.1428571428571428|ResearchDevelopment09,15
885|10.479863284995083|17|0.6164625461761813|1.1428571428571428|ResearchDevelopment09,15
890|10.479863284995083|17|0.6164625461761813|1.1428571428571428|ResearchDevelopment09,15
895|10.479863284995083|17|0.6164625461761813|1.1428571428571428|ResearchDevelopment09,15
900|10.479863284995083|17|0.6164625461761813|1.1428571428571428|ResearchDevelopment09,15
905|10.479863284995083|17|0.6164625461761813|1.1428571428571428|ResearchDevelopment09,15
910|10.479863284995083|17|0.6164625461761813|1.1428571428571428|ResearchDevelopment09,15
915|10.479863284995083|17|0.6164625461761813|1.1428571428571428|ResearchDevelopment09,15
920|10.479863284995083|17|0.6164625461761813|1.1428571428571428|ResearchDevelopment09,15
925|10.479863284995083|17|0.6164625461761813|1.1428571428571428|ResearchDevelopment09,15
930|10.479863284995083|17|0.6164625461761813|1.1428571428571428|ResearchDevelopment09,15
935|10.479863284995083|17|0.6164625461761813|1.1428571428571428|ResearchDevelopment09,15
940|10.479863284995083|17|0.6164625461761813|1.1428571428571428|ResearchDevelopment09,15
945|10.479863284995083|17|0.6164625461761813|1.1428571428571428|ResearchDevelopment09,15
950|10.479863284995083|17|0.6164625461761813|1.1428571428571428|ResearchDevelopment09,15
955|10.479863284995083|17|0.6164625461761813|1.1428571428571428|ResearchDevelopment09,15
960|10.479863284995083|17|0.6164625461761813|1.1428571428571428|ResearchDevelopment09,15
965|10.479863284995083|17|0.6164625461761813|1.1428571428571428|ResearchDevelopment09,15
970|10.479863284995083|17|0.6164625461761813|1.1428571428571428|ResearchDevelopment09,15
975|10.479863284995083|17|0.6164625461761813|1.1428571428571428|ResearchDevelopment09,15
980|10.479863284995083|17|0.6164625461761813|1.1428571428571428|ResearchDevelopment09,15
985|10.479863284995083|17|0.6164625461761813|1.1428571428571428|ResearchDevelopment09,15
990|10.479863284995083|17|0.6164625461761813|1.1428571428571428|ResearchDevelopment09,15
995|10.479863284995083|17|0.6164625461761813|1.1428571428571428|ResearchDevelopment09,15
1000|10.479863284995083|17|0.6164625461761813|1.1428571428571428|ResearchDevelopment09,15
1005|10.479863284995083|17|0.6164625461761813|1.1428571428571428|ResearchDevelopment09,15
1010|10.479863284995083|17|0.6164625461761813|1.1428571428571428|ResearchDevelopment09,15
1015|10.479863284995083|17|0.6164625461761813|1.1428571428571428|ResearchDevelopment09,15
1020|10.479863284995083|17|0.6164625461761813|1.1428571428571428|ResearchDevelopment09,15
1025|10.479863284995083|17|0.6164625461761813|1.1428571428571428|ResearchDevelopment09,15
1030|10.479863284995083|17|0.6164625461761813|1.1428571428571428|ResearchDevelopment09,15
1035|10.479863284995083|17|0.6164625461761813|1.1428571428571428|ResearchDevelopment09,15
1040|10.479863284995083|17|0.6164625461761813|1.1428571428571428|ResearchDevelopment09,15
1045|10.479863284995083|17|0.6164625461761813|1.1428571428571428|ResearchDevelopment09,15
1050|10.479863284995083|17|0.6164625461761813|1.1428571428571428|ResearchDevelopment09,15
1055|10.479863284995083|17|0.6164625461761813|1.1428571428571428|ResearchDevelopment09,15
1060|10.479863284995083|17|0.6164625461761813|1.1428571428571428|ResearchDevelopment09,15
1065|10.479863284995083|17|0.6164625461761813|1.1428571428571428|ResearchDevelopment09,15
1070|10.479863284995083|17|0.6164625461761813|1.1428571428571428|ResearchDevelopment09,15
1075|10.479863284995083|17|0.6164625461761813|1.1428571428571428|ResearchDevelopment09,15
1080|10.479863284995083|17|0.6164625461761813|1.1428571428571428|ResearchDevelopment09,15
1085|10.479863284995083|17|0.6164625461761813|1.1428571428571428|ResearchDevelopment09,15
1090|10.479863284995083|17|0.6164625461761813|1.1428571428571428|ResearchDevelopment09,15
1095|10.479863284995083|17|0.6164625461761813|1.1428571428571428|ResearchDevelopment09,15
1100|10.479863284995083|17|0.6164625461761813|1.1428571428571428|ResearchDevelopment09,15
1105|10.479863284995083|17|0.6164625461761813|1.1428571428571428|ResearchDevelopment09,15
1110|10.479863284995083|17|0.6164625461761813|1.1428571428571428|ResearchDevelopment09,15
1115|10.479863284995083|17|0.6164625461761813|1.1428571428571428|ResearchDevelopment09,15
1120|10.479863284995083|17|0.6164625461761813|1.1428571428571428|ResearchDevelopment09,15
1125|10.479863284995083|17|0.6164625461761813|1.1428571428571428|ResearchDevelopment09,15
1130|10.479863284995083|17|0.6164625461761813|1.1428571428571428|ResearchDevelopment09,15
1135|10.479863284995083|17|0.6164625461761813|1.1428571428571428|ResearchDevelopment09,15
1140|10.479863284995083|17|0.6164625461761813|1.1428571428571428|ResearchDevelopment09,15
1145|10.479863284995083|17|0.6164625461761813|1.1428571428571428|ResearchDevelopment09,15
1150|10.479863284995083|17|0.6164625461761813|1.1428571428571428|ResearchDevelopment09,15
1155|10.479863284995083|17|0.6164625461761813|1.1428571428571428|ResearchDevelopment09,15
1160|10.479863284995083|17|0.6164625461761813|1.1428571428571428|ResearchDevelopment09,15
1165|10.479863284995083|17|0.6164625461761813|1.1428571428571428|ResearchDevelopment09,15
1170|10.479863284995083|17|0.6164625461761813|1.1428571428571428|ResearchDevelopment09,15
1175|10.479863284995083|17|0.6164625461761813|1.1428571428571428|ResearchDevelopment09,15
1180|10.479863284995083|17|0.6164625461761813|1.1428571428571428|ResearchDevelopment09,15
1185|10.479863284995083|17|0.6164625461761813|1.1428571428571428|ResearchDevelopment09,15
1190|10.479863284995083|17|0.6164625461761813|1.1428571428571428|ResearchDevelopment09,15
1195|10.479863284995083|17|0.6164625461761813|1.1428571428571428|ResearchDevelopment09,15
1200|10.479863284995083|17|0.6164625461761813|1.1428571428571428|ResearchDevelopment09,15
1205|10.479863284995083|17|0.6164625461761813|1.1428571428571428|ResearchDevelopment09,15
1210|10.479863284995083|17|0.6164625461761813|1.1428571428571428|ResearchDevelopment09,15
1215|10.479863284995083|17|0.6164625461761813|1.1428571428571428|ResearchDevelopment09,15
1220|10.479863284995083|17|0.6164625461761813|1.1428571428571428|ResearchDevelopment09,15
1225|10.479863284995083|17|0.6164625461761813|1.1428571428571428|ResearchDevelopment09,15
1230|10.479863284995083|17|0.6164625461761813|1.1428571428571428|ResearchDevelopment09,15
1235|10.479863284995083|17|0.6164625461761813|1.1428571428571428|ResearchDevelopment09,15
1240|10.479863284995083|17|0.6164625461761813|1.1428571428571428|ResearchDevelopment09,15
1245|10.479863284995083|17|0.6164625461761813|1.1428571428571428|ResearchDevelopment09,15
1250|10.479863284995083|17|0.6164625461761813|1.1428571428571428|ResearchDevelopment09,15
1255|10.479863284995083|17|0.6164625461761813|1.1428571428571428|ResearchDevelopment09,15
1260|10.479863284995083|17|0.6164625461761813|1.1428571428571428|ResearchDevelopment09,15
1265|10.479863284995083|17|0.6164625461761813|1.1428571428571428|ResearchDevelopment09,15
1270|10.479863284995083|17|0.6164625461761813|1.1428571428571428|ResearchDevelopment09,15
1275|10.479863284995083|17|0.6164625461761813|1.1428571428571428|ResearchDevelopment09,15
1280|10.479863284995083|17|0.6164625461761813|1.1428571428571428|ResearchDevelopment09,15
1285|10.479863284995083|17|0.6164625461761813|1.1428571428571428|ResearchDevelopment09,15
1290|10.479863284995083|17|0.6164625461761813|1.1428571428571428|ResearchDevelopment09,15
1295|10.479863284995083|17|0.6164625461761813|1.1428571428571428|ResearchDevelopment09,15
1300|10.479863284995083|17|0.6164625461761813|1.1428571428571428|ResearchDevelopment09,15
1305|10.479863284995083|17|0.6164625461761813|1.1428571428571428|ResearchDevelopment09,15
1310|10.479863284995083|17|0.6164625461761813|1.1428571428571428|ResearchDevelopment09,15
1315|10.479863284995083|17|0.6164625461761813|1.1428571428571428|ResearchDevelopment09,15
1320|10.479863284995083|17|0.6164625461761813|1.1428571428571428|ResearchDevelopment09,15
1325|10.479863284995083|17|0.6164625461761813|1.1428571428571428|ResearchDevelopment09,15
1330|10.479863284995083|17|0.6164625461761813|1.1428571428571428|ResearchDevelopment09,15
1335|10.479863284995083|17|0.6164625461761813|1.1428571428571428|ResearchDevelopment09,15
1340|10.479863284995083|17|0.6164625461761813|1.1428571428571428|ResearchDevelopment09,15
1345|10.479863284995083|17|0.6164625461761813|1.1428571428571428|ResearchDevelopment09,15
1350|10.479863284995083|17|0.6164625461761813|1.1428571428571428|ResearchDevelopment09,15
1355|10.479863284995083|17|0.6164625461761813|1.1428571428571428|ResearchDevelopment09,15
1360|10.479863284995083|17|0.6164625461761813|1.1428571428571428|ResearchDevelopment09,15
1365|10.479863284995083|17|0.6164625461761813|1.1428571428571428|ResearchDevelopment09,15
1370|10.479863284995083|17|0.6164625461761813|1.1428571428571428|ResearchDevelopment09,15
1375|10.479863284995083|17|0.6164625461761813|1.1428571428571428|ResearchDevelopment09,15
1380|10.479863284995083|17|0.6164625461761813|1.1428571428571428|ResearchDevelopment09,15
1385|10.479863284995083|17|0.6164625461761813|1.1428571428571428|ResearchDevelopment09,15
1390|10.479863284995083|17|0.6164625461761813|1.1428571428571428|ResearchDevelopment09,15
1395|10.479863284995083|17|0.6164625461761813|1.1428571428571428|ResearchDevelopment09,15
1400|10.479863284995083|17|0.6164625461761813|1.1428571428571428|ResearchDevelopment09,15
1405|10.479863284995083|17|0.6164625461761813|1.1428571428571428|ResearchDevelopment09,15
1410|10.479863284995083|17|0.6164625461761813|1.1428571428571428|ResearchDevelopment09,15
1415|10.479863284995083|17|0.6164625461761813|1.1428571428571428|ResearchDevelopment09,15
1420|10.479863284995083|17|0.6164625461761813|1.1428571428571428|ResearchDevelopment09,15
1425|10.479863284995083|17|0.6164625461761813|1.1428571428571428|ResearchDevelopment09,15
1430|10.479863284995083|17|0.6164625461761813|1.1428571428571428|ResearchDevelopment09,15
1435|10.479863284995083|17|0.6164625461761813|1.1428571428571428|ResearchDevelopment09,15
1440|10.479863284995083|17|0.6164625461761813|1.1428571428571428|ResearchDevelopment09,15
1445|10.479863284995083|17|0.6164625461761813|1.1428571428571428|ResearchDevelopment09,15
1450|10.479863284995083|17|0.6164625461761813|1.1428571428571428|ResearchDevelopment09,15
1455|10.479863284995083|17|0.6164625461761813|1.1428571428571428|ResearchDevelopment09,15
1460|10.479863284995083|17|0.6164625461761813|1.1428571428571428|ResearchDevelopment09,15
1465|10.479863284995083|17|0.6164625461761813|1.1428571428571428|ResearchDevelopment09,15
1470|10.479863284995083|17|0.6164625461761813|1.1428571428571428|ResearchDevelopment09,15
1475|10.479863284995083|17|0.6164625461761813|1.1428571428571428|ResearchDevelopment09,15
1480|10.479863284995083|17|0.6164625461761813|1.1428571428571428|ResearchDevelopment09,15
1485|10.479863284995083|17|0.6164625461761813|1.1428571428571428|ResearchDevelopment09,15
1490|10.479863284995083|17|0.6164625461761813|1.1428571428571428|ResearchDevelopment09,15
1495|10.479863284995083|17|0.6164625461761813|1.1428571428571428|ResearchDevelopment09,15
1500|10.479863284995083|17|0.6164625461761813|1.1428571428571428|ResearchDevelopment09,15
1505|10.479863284995083|17|0.6164625461761813|1.1428571428571428|ResearchDevelopment09,15
1510|10.479863284995083|17|0.6164625461761813|1.1428571428571428|ResearchDevelopment09,15
1515|10.479863284995083|17|0.6164625461761813|1.1428571428571428|ResearchDevelopment09,15
1520|10.479863284995083|17|0.6164625461761813|1.1428571428571428|ResearchDevelopment09,15
1525|10.479863284995083|17|0.6164625461761813|1.1428571428571428|ResearchDevelopment09,15
1530|10.479863284995083|17|0.6164625461761813|1.1428571428571428|ResearchDevelopment09,15
1535|10.479863284995083|17|0.6164625461761813|1.1428571428571428|ResearchDevelopment09,15
1540|10.479863284995083|17|0.6164625461761813|1.1428571428571428|ResearchDevelopment09,15
1545|10.479863284995083|17|0.6164625461761813|1.1428571428571428|ResearchDevelopment09,15
1550|10.479863284995083|17|0.6164625461761813|1.1428571428571428|ResearchDevelopment09,15
1555|10.479863284995083|17|0.6164625461761813|1.1428571428571428|ResearchDevelopment09,15
1560|10.479863284995083|17|0.6164625461761813|1.1428571428571428|ResearchDevelopment09,15
1565|10.479863284995083|17|0.6164625461761813|1.1428571428571428|ResearchDevelopment09,15
1570|10.479863284995083|17|0.6164625461761813|1.1428571428571428|ResearchDevelopment09,15
1575|10.479863284995083|17|0.6164625461761813|1.1428571428571428|ResearchDevelopment09,15
1580|10.479863284995083|17|0.6164625461761813|1.1428571428571428|ResearchDevelopment09,15
1585|10.479863284995083|17|0.6164625461761813|1.1428571428571428|ResearchDevelopment09,15
1590|10.479863284995083|17|0.6164625461761813|1.1428571428571428|ResearchDevelopment09,15
1595|10.479863284995083|17|0.6164625461761813|1.1428571428571428|ResearchDevelopment09,15
1600|10.479863284995083|17|0.6164625461761813|1.1428571428571428|ResearchDevelopment09,15
1605|10.479863284995083|17|0.6164625461761813|1.1428571428571428|ResearchDevelopment09,15
1610|10.479863284995083|17|0.6164625461761813|1.1428571428571428|ResearchDevelopment09,15
1615|10.479863284995083|17|0.6164625461761813|1.1428571428571428|ResearchDevelopment09,15
1620|10.479863284995083|17|0.6164625461761813|1.1428571428571428|ResearchDevelopment09,15
1625|10.479863284995083|17|0.6164625461761813|1.1428571428571428|ResearchDevelopment09,15
1630|10.479863284995083|17|0.6164625461761813|1.1428571428571428|ResearchDevelopment09,15
1635|10.479863284995083|17|0.6164625461761813|1.1428571428571428|ResearchDevelopment09,15
1640|10.479863284995083|17|0.6164625461761813|1.1428571428571428|ResearchDevelopment09,15
1645|10.479863284995083|17|0.6164625461761813|1.1428571428571428|ResearchDevelopment09,15
1650|10.479863284995083|17|0.6164625461761813|1.1428571428571428|ResearchDevelopment09,15
1655|10.479863284995083|17|0.6164625461761813|1.1428571428571428|ResearchDevelopment09,15
1660|10.479863284995083|17|0.6164625461761813|1.1428571428571428|ResearchDevelopment09,15
1665|10.479863284995083|17|0.6164625461761813|1.1428571428571428|ResearchDevelopment09,15
1670|10.479863284995083|17|0.6164625461761813|1.1428571428571428|ResearchDevelopment09,15
1675|10.479863284995083|17|0.6164625461761813|1.1428571428571428|ResearchDevelopment09,15
1680|10.479863284995083|17|0.6164625461761813|1.1428571428571428|ResearchDevelopment09,15
1685|10.479863284995083|17|0.6164625461761813|1.1428571428571428|ResearchDevelopment09,15
1690|10.479863284995083|17|0.6164625461761813|1.1428571428571428|ResearchDevelopment09,15
1695|10.479863284995083|17|0.6164625461761813|1.1428571428571428|ResearchDevelopment09,15
1700|10.479863284995083|17|0.6164625461761813|1.1428571428571428|ResearchDevelopment09,15
1705|10.479863284995083|17|0.6164625461761813|1.1428571428571428|ResearchDevelopment09,15
1710|10.479863284995083|17|0.6164625461761813|1.1428571428571428|ResearchDevelopment09,15
1715|10.479863284995083|17|0.6164625461761813|1.1428571428571428|ResearchDevelopment09,15
1720|10.479863284995083|17|0.6164625461761813|1.1428571428571428|ResearchDevelopment09,15
1725|10.479863284995083|17|0.6164625461761813|1.1428571428571428|ResearchDevelopment09,15
1730|10.479863284995083|17|0.6164625461761813|1.1428571428571428|ResearchDevelopment09,15
1735|10.479863284995083|17|0.6164625461761813|1.1428571428571428|ResearchDevelopment09,15
1740|10.479863284995083|17|0.6164625461761813|1.1428571428571428|ResearchDevelopment09,15
1745|10.479863284995083|17|0.6164625461761813|1.1428571428571428|ResearchDevelopment09,15
1750|10.479863284995083|17|0.6164625461761813|1.1428571428571428|ResearchDevelopment09,15
1755|10.479863284995083|17|0.6164625461761813|1.1428571428571428|ResearchDevelopment09,15
1760|10.479863284995083|17|0.6164625461761813|1.1428571428571428|ResearchDevelopment09,15
1765|10.479863284995083|17|0.6164625461761813|1.1428571428571428|ResearchDevelopment09,15
1770|10.479863284995083|17|0.6164625461761813|1.1428571428571428|ResearchDevelopment09,15
1775|10.479863284995083|17|0.6164625461761813|1.1428571428571428|ResearchDevelopment09,15
1780|10.479863284995083|17|0.6164625461761813|1.1428571428571428|ResearchDevelopment09,15
1785|10.479863284995083|17|0.6164625461761813|1.1428571428571428|ResearchDevelopment09,15
1790|10.479863284995083|17|0.6164625461761813|1.1428571428571428|ResearchDevelopment09,15
1795|10.479863284995083|17|0.6164625461761813|1.1428571428571428|ResearchDevelopment09,15
1800|10.479863284995083|17|0.6164625461761813|1.1428571428571428|ResearchDevelopment09,15
1805|10.479863284995083|17|0.6164625461761813|1.1428571428571428|ResearchDevelopment09,15
1810|10.479863284995083|17|0.6164625461761813|1.1428571428571428|ResearchDevelopment09,15
1815|10.479863284995083|17|0.6164625461761813|1.1428571428571428|ResearchDevelopment09,15
1820|10.479863284995083|17|0.6164625461761813|1.1428571428571428|ResearchDevelopment09,15
1825|10.479863284995083|17|0.6164625461761813|1.1428571428571428|ResearchDevelopment09,15
1830|10.479863284995083|17|0.6164625461761813|1.1428571428571428|ResearchDevelopment09,15
1835|10.479863284995083|17|0.6164625461761813|1.1428571428571428|ResearchDevelopment09,15
1840|10.479863284995083|17|0.6164625461761813|1.1428571428571428|ResearchDevelopment09,15
1845|10.479863284995083|17|0.6164625461761813|1.1428571428571428|ResearchDevelopment09,15
1850|10.479863284995083|17|0.6164625461761813|1.1428571428571428|ResearchDevelopment09,15
1855|10.479863284995083|17|0.6164625461761813|1.1428571428571428|ResearchDevelopment09,15
1860|10.479863284995083|17|0.6164625461761813|1.1428571428571428|ResearchDevelopment09,15
1865|10.479863284995083|17|0.6164625461761813|1.1428571428571428|ResearchDevelopment09,15
1870|10.479863284995083|17|0.6164625461761813|1.1428571428571428|ResearchDevelopment09,15
1875|10.479863284995083|17|0.6164625461761813|1.1428571428571428|ResearchDevelopment09,15
1880|10.479863284995083|17|0.6164625461761813|1.1428571428571428|ResearchDevelopment09,15
1885|10.479863284995083|17|0.6164625461761813|1.1428571428571428|ResearchDevelopment09,15
1890|10.479863284995083|17|0.6164625461761813|1.1428571428571428|ResearchDevelopment09,15
1895|10.479863284995083|17|0.6164625461761813|1.1428571428571428|ResearchDevelopment09,15
1900|10.479863284995083|17|0.6164625461761813|1.1428571428571428|ResearchDevelopment09,15
1905|10.479863284995083|17|0.6164625461761813|1.1428571428571428|ResearchDevelopment09,15
1910|10.479863284995083|17|0.6164625461761813|1.1428571428571428|ResearchDevelopment09,15
1915|10.479863284995083|17|0.6164625461761813|1.1428571428571428|ResearchDevelopment09,15
1920|10.479863284995083|17|0.6164625461761813|1.1428571428571428|ResearchDevelopment09,15
1925|10.479863284995083|17|0.6164625461761813|1.1428571428571428|ResearchDevelopment09,15
1930|10.479863284995083|17|0.6164625461761813|1.1428571428571428|ResearchDevelopment09,15
1935|10.479863284995083|17|0.6164625461761813|1.1428571428571428|ResearchDevelopment09,15
1940|10.479863284995083|17|0.6164625461761813|1.1428571428571428|ResearchDevelopment09,15
1945|10.479863284995083|17|0.6164625461761813|1.1428571428571428|ResearchDevelopment09,15
1950|10.479863284995083|17|0.6164625461761813|1.1428571428571428|ResearchDevelopment09,15
1955|10.479863284995083|17|0.6164625461761813|1.1428571428571428|ResearchDevelopment09,15
1960|10.479863284995083|17|0.6164625461761813|1.1428571428571428|ResearchDevelopment09,15
1965|10.479863284995083|17|0.6164625461761813|1.1428571428571428|ResearchDevelopment09,15
1970|10.479863284995083|17|0.6164625461761813|1.1428571428571428|ResearchDevelopment09,15
1975|10.479863284995083|17|0.6164625461761813|1.1428571428571428|ResearchDevelopment09,15
1980|10.479863284995083|17|0.6164625461761813|1.1428571428571428|ResearchDevelopment09,15
1985|10.479863284995083|17|0.6164625461761813|1.1428571428571428|ResearchDevelopment09,15
1990|10.479863284995083|17|0.6164625461761813|1.1428571428571428|ResearchDevelopment09,15
1995|10.479863284995083|17|0.6164625461761813|1.1428571428571428|ResearchDevelopment09,15
2000|10.479863284995083|17|0.6164625461761813|1.1428571428571428|ResearchDevelopment09,15
