#########################################################
# Algorithm Parameters #
# Generations = 2000
# Population size = 100
# Resolution = 5
#########################################################
# Financial Parameters #
# Quarter = 1
# Crossover probabilities = 0.75 -> 0.25
# Mutation start probabilities = 0.9,0.0,0.6,0.5,0.6,0.9
# Mutation end probabilities = 0.4,0.4,0.1,0.1,0.1,0.4
######################################################### 
0|7.878706499988525|7|1.1255294999983607|1.0|ReturnOnAssets10,19
5|8.873809091722954|9|0.9859787879692171|1.0|EarningsPerShareChange,8
10|9.007821424631148|27|0.33362301572707953|1.1818181818181819|SGAExpenses10,13
15|9.007821424631148|25|0.3603128569852459|1.0909090909090908|ReturnOnAssets10,19
20|9.166758388057378|27|0.33950956992805104|1.0|GrossMarginChange,2
25|9.679728266788524|43|0.22510995969275638|1.4|SGAExpenses10,13
30|9.747813881057377|39|0.24994394566813788|1.2666666666666666|ReturnOnAssets10,19
35|9.986452710768853|33|0.3026197791142077|1.4545454545454546|SGAExpenses10,13
40|10.218844809437705|69|0.14809920013677833|1.8888888888888888|ReturnOnInvestedCapital09,24
45|10.286930423706558|73|0.1409168551192679|2.0|TotalCurrentLiabilitiesChange,35
50|10.286930423706558|43|0.23923094008619902|1.4|TotalCurrentLiabilitiesChange,35
55|10.286930423706558|41|0.2509007420416234|1.5384615384615385|TotalCurrentLiabilitiesChange,35
60|10.286930423706558|29|0.354721738748502|1.2727272727272727|BookValuePerShareChange,11
65|10.286930423706558|29|0.354721738748502|1.2727272727272727|BookValuePerShareChange,11
70|10.352252432506559|39|0.26544237006427074|1.4615384615384615|BookValuePerShareChange,11
75|10.352252432506559|39|0.26544237006427074|1.4615384615384615|BookValuePerShareChange,11
80|10.352252432506559|35|0.29577864092875883|1.4166666666666667|BookValuePerShareChange,11
85|10.420338046775411|49|0.2126599601382737|1.8461538461538463|BookValuePerShareChange,11
90|10.420338046775411|43|0.24233344294826537|1.6153846153846154|BookValuePerShareChange,11
95|10.420338046775411|41|0.25415458650671735|1.4285714285714286|TotalCurrentLiabilitiesChange,35
100|10.420338046775411|41|0.25415458650671735|1.4285714285714286|TotalCurrentLiabilitiesChange,35
105|10.420338046775411|37|0.28163075802095705|1.5|BookValuePerShareChange,11
110|10.420338046775411|37|0.28163075802095705|1.5|BookValuePerShareChange,11
115|10.420338046775411|35|0.29772394419358317|1.4166666666666667|TotalCurrentAssets09,30
120|10.420338046775411|35|0.29772394419358317|1.4166666666666667|TotalCurrentAssets09,30
125|10.420338046775411|33|0.3157678195992549|1.3333333333333333|TotalCurrentAssets09,30
130|10.420338046775411|33|0.3157678195992549|1.3333333333333333|TotalCurrentAssets09,30
135|10.420338046775411|31|0.3361399369927552|1.3636363636363635|TotalCurrentAssets09,30
140|10.420338046775411|31|0.3361399369927552|1.3636363636363635|TotalCurrentAssets09,30
145|10.420338046775411|31|0.3361399369927552|1.3636363636363635|TotalCurrentAssets09,30
150|10.420338046775411|31|0.3361399369927552|1.3636363636363635|TotalCurrentAssets09,30
155|10.420338046775411|31|0.3361399369927552|1.3636363636363635|TotalCurrentAssets09,30
160|10.420338046775411|31|0.3361399369927552|1.3636363636363635|TotalCurrentAssets09,30
165|10.420338046775411|27|0.38593844617686707|1.4444444444444444|TotalCurrentAssets09,30
170|10.437942688768853|55|0.1897807761594337|2.25|TotalCurrentAssets09,30
175|10.437942688768853|55|0.1897807761594337|2.25|TotalCurrentAssets09,30
180|10.437942688768853|51|0.20466554291703634|2.0833333333333335|TotalCurrentAssets09,30
185|10.437942688768853|51|0.20466554291703634|2.0833333333333335|TotalCurrentAssets09,30
190|10.437942688768853|43|0.24274285322718264|1.75|TotalCurrentAssets09,30
195|10.437942688768853|43|0.24274285322718264|1.75|TotalCurrentAssets09,30
200|10.437942688768853|39|0.2676395561222783|1.5833333333333333|TotalCurrentAssets09,30
205|10.437942688768853|39|0.2676395561222783|1.5833333333333333|TotalCurrentAssets09,30
210|10.437942688768853|39|0.2676395561222783|1.5833333333333333|TotalCurrentAssets09,30
215|10.437942688768853|39|0.2676395561222783|1.5833333333333333|TotalCurrentAssets09,30
220|10.437942688768853|39|0.2676395561222783|1.5833333333333333|TotalCurrentAssets09,30
225|10.437942688768853|39|0.2676395561222783|1.5833333333333333|TotalCurrentAssets09,30
230|10.437942688768853|39|0.2676395561222783|1.5833333333333333|TotalCurrentAssets09,30
235|10.437942688768853|35|0.29822693396482436|1.5454545454545454|TotalCurrentAssets09,30
240|10.437942688768853|35|0.29822693396482436|1.5454545454545454|TotalCurrentAssets09,30
245|10.437942688768853|35|0.29822693396482436|1.5454545454545454|TotalCurrentAssets09,30
250|10.437942688768853|33|0.3163012935990562|1.4545454545454546|TotalCurrentAssets09,30
255|10.437942688768853|33|0.3163012935990562|1.4545454545454546|TotalCurrentAssets09,30
260|10.437942688768853|33|0.3163012935990562|1.4545454545454546|TotalCurrentAssets09,30
265|10.437942688768853|33|0.3163012935990562|1.4545454545454546|TotalCurrentAssets09,30
270|10.437942688768853|33|0.3163012935990562|1.4545454545454546|TotalCurrentAssets09,30
275|10.437942688768853|33|0.3163012935990562|1.4545454545454546|TotalCurrentAssets09,30
280|10.437942688768853|31|0.336707828669963|1.3636363636363635|TotalCurrentAssets09,30
285|10.437942688768853|31|0.336707828669963|1.3636363636363635|TotalCurrentAssets09,30
290|10.437942688768853|31|0.336707828669963|1.3636363636363635|TotalCurrentAssets09,30
295|10.437942688768853|31|0.336707828669963|1.3636363636363635|TotalCurrentAssets09,30
300|10.437942688768853|31|0.336707828669963|1.3636363636363635|TotalCurrentAssets09,30
305|10.437942688768853|31|0.336707828669963|1.3636363636363635|TotalCurrentAssets09,30
310|10.437942688768853|31|0.336707828669963|1.3636363636363635|TotalCurrentAssets09,30
315|10.437942688768853|31|0.336707828669963|1.3636363636363635|TotalCurrentAssets09,30
320|10.437942688768853|31|0.336707828669963|1.3636363636363635|TotalCurrentAssets09,30
325|10.437942688768853|31|0.336707828669963|1.3636363636363635|TotalCurrentAssets09,30
330|10.437942688768853|29|0.3599290582334087|1.4|TotalCurrentAssets09,30
335|10.437942688768853|29|0.3599290582334087|1.4|TotalCurrentAssets09,30
340|10.437942688768853|29|0.3599290582334087|1.4|TotalCurrentAssets09,30
345|10.437942688768853|29|0.3599290582334087|1.4|TotalCurrentAssets09,30
350|10.437942688768853|29|0.3599290582334087|1.4|TotalCurrentAssets09,30
355|10.530713322713117|53|0.19869270420213428|2.1666666666666665|TotalCurrentAssets09,30
360|10.530713322713117|53|0.19869270420213428|2.1666666666666665|TotalCurrentAssets09,30
365|10.548317964706559|41|0.2572760479196722|1.6666666666666667|TotalCurrentAssets09,30
370|10.548317964706559|41|0.2572760479196722|1.6666666666666667|TotalCurrentAssets09,30
375|10.548317964706559|41|0.2572760479196722|1.6666666666666667|TotalCurrentAssets09,30
380|10.548317964706559|41|0.2572760479196722|1.6666666666666667|TotalCurrentAssets09,30
385|10.548317964706559|41|0.2572760479196722|1.6666666666666667|TotalCurrentAssets09,30
390|10.548317964706559|41|0.2572760479196722|1.6666666666666667|TotalCurrentAssets09,30
395|10.548317964706559|41|0.2572760479196722|1.6666666666666667|TotalCurrentAssets09,30
400|10.548317964706559|39|0.2704696914027323|1.4615384615384615|TotalCurrentAssets09,30
405|10.548317964706559|39|0.2704696914027323|1.4615384615384615|TotalCurrentAssets09,30
410|10.548317964706559|39|0.2704696914027323|1.4615384615384615|TotalCurrentAssets09,30
415|10.548317964706559|39|0.2704696914027323|1.4615384615384615|TotalCurrentAssets09,30
420|10.548317964706559|39|0.2704696914027323|1.4615384615384615|TotalCurrentAssets09,30
425|10.548317964706559|39|0.2704696914027323|1.4615384615384615|TotalCurrentAssets09,30
430|10.548317964706559|39|0.2704696914027323|1.4615384615384615|TotalCurrentAssets09,30
435|10.555173766349181|41|0.25744326259388245|1.5384615384615385|TotalCurrentAssets09,30
440|10.665549042286887|97|0.10995411383800914|3.2|TotalCurrentLiabilitiesChange,35
445|10.665549042286887|97|0.10995411383800914|3.2|TotalCurrentLiabilitiesChange,35
450|10.665549042286887|97|0.10995411383800914|3.2|TotalCurrentLiabilitiesChange,35
455|10.665549042286887|77|0.13851362392580374|2.375|TotalCurrentAssets09,30
460|10.665549042286887|69|0.15457317452589692|2.2666666666666666|TotalCurrentLiabilitiesChange,35
465|10.665549042286887|63|0.169294429242649|2.066666666666667|TotalCurrentLiabilitiesChange,35
470|10.665549042286887|61|0.17484506626699814|1.875|TotalCurrentLiabilitiesChange,35
475|10.665549042286887|59|0.18077201766587944|2.230769230769231|TotalCurrentAssets09,30
480|10.665549042286887|59|0.18077201766587944|2.230769230769231|TotalCurrentAssets09,30
485|10.665549042286887|59|0.18077201766587944|2.230769230769231|TotalCurrentAssets09,30
490|10.665549042286887|49|0.21766426616912016|2.1818181818181817|TotalCurrentAssets09,30
495|10.665549042286887|49|0.21766426616912016|2.1818181818181817|TotalCurrentAssets09,30
500|10.665549042286887|47|0.2269265753678061|1.9166666666666667|TotalCurrentLiabilitiesChange,35
505|10.665549042286887|47|0.2269265753678061|1.9166666666666667|TotalCurrentLiabilitiesChange,35
510|10.665549042286887|47|0.2269265753678061|1.9166666666666667|TotalCurrentLiabilitiesChange,35
515|10.665549042286887|45|0.2370122009397086|2.2|TotalCurrentLiabilitiesChange,35
520|10.665549042286887|43|0.24803602423922994|1.6153846153846154|TotalCurrentLiabilitiesChange,35
525|10.665549042286887|43|0.24803602423922994|1.6153846153846154|TotalCurrentLiabilitiesChange,35
530|10.665549042286887|43|0.24803602423922994|1.6153846153846154|TotalCurrentLiabilitiesChange,35
535|10.665549042286887|43|0.24803602423922994|1.6153846153846154|TotalCurrentLiabilitiesChange,35
540|10.665549042286887|43|0.24803602423922994|1.6153846153846154|TotalCurrentLiabilitiesChange,35
545|10.665549042286887|43|0.24803602423922994|1.6153846153846154|TotalCurrentLiabilitiesChange,35
550|10.665549042286887|41|0.26013534249480214|1.5384615384615385|TotalCurrentLiabilitiesChange,35
555|10.665549042286887|41|0.26013534249480214|1.5384615384615385|TotalCurrentLiabilitiesChange,35
560|10.665549042286887|41|0.26013534249480214|1.5384615384615385|TotalCurrentLiabilitiesChange,35
565|10.665549042286887|41|0.26013534249480214|1.5384615384615385|TotalCurrentLiabilitiesChange,35
570|10.665549042286887|39|0.27347561646889457|1.4615384615384615|TotalCurrentAssets09,30
575|10.665549042286887|39|0.27347561646889457|1.4615384615384615|TotalCurrentAssets09,30
580|10.665549042286887|39|0.27347561646889457|1.4615384615384615|TotalCurrentAssets09,30
585|10.665549042286887|39|0.27347561646889457|1.4615384615384615|TotalCurrentAssets09,30
590|10.665549042286887|39|0.27347561646889457|1.4615384615384615|TotalCurrentAssets09,30
595|10.665549042286887|37|0.2882580822239699|1.5|TotalCurrentLiabilitiesChange,35
600|10.665549042286887|37|0.2882580822239699|1.5|TotalCurrentLiabilitiesChange,35
605|10.665549042286887|37|0.2882580822239699|1.5|TotalCurrentLiabilitiesChange,35
610|10.665549042286887|37|0.2882580822239699|1.5|TotalCurrentLiabilitiesChange,35
615|10.665549042286887|37|0.2882580822239699|1.5|TotalCurrentLiabilitiesChange,35
620|10.665549042286887|35|0.3047299726367682|1.7|TotalCurrentLiabilitiesChange,35
625|10.665549042286887|35|0.3047299726367682|1.7|TotalCurrentLiabilitiesChange,35
630|10.665549042286887|35|0.3047299726367682|1.7|TotalCurrentLiabilitiesChange,35
635|10.665549042286887|35|0.3047299726367682|1.7|TotalCurrentLiabilitiesChange,35
640|10.665549042286887|33|0.3231984558268754|1.6|TotalCurrentAssets09,30
645|10.665549042286887|33|0.3231984558268754|1.6|TotalCurrentAssets09,30
650|10.665549042286887|33|0.3231984558268754|1.6|TotalCurrentAssets09,30
655|10.665549042286887|31|0.34404996910602864|1.3636363636363635|CurrentRatio10,37
660|10.665549042286887|31|0.34404996910602864|1.3636363636363635|CurrentRatio10,37
665|10.665549042286887|31|0.34404996910602864|1.3636363636363635|CurrentRatio10,37
670|10.665549042286887|31|0.34404996910602864|1.3636363636363635|CurrentRatio10,37
675|10.665549042286887|31|0.34404996910602864|1.3636363636363635|CurrentRatio10,37
680|10.665549042286887|31|0.34404996910602864|1.3636363636363635|CurrentRatio10,37
685|10.665549042286887|31|0.34404996910602864|1.3636363636363635|CurrentRatio10,37
690|10.665549042286887|29|0.3677775531823065|1.2727272727272727|TotalCurrentAssets09,30
695|10.665549042286887|29|0.3677775531823065|1.2727272727272727|TotalCurrentAssets09,30
700|10.665549042286887|29|0.3677775531823065|1.2727272727272727|TotalCurrentAssets09,30
705|10.665549042286887|29|0.3677775531823065|1.2727272727272727|TotalCurrentAssets09,30
710|10.665549042286887|29|0.3677775531823065|1.2727272727272727|TotalCurrentAssets09,30
715|10.665549042286887|29|0.3677775531823065|1.2727272727272727|TotalCurrentAssets09,30
720|10.665549042286887|29|0.3677775531823065|1.2727272727272727|TotalCurrentAssets09,30
725|10.665549042286887|29|0.3677775531823065|1.2727272727272727|TotalCurrentAssets09,30
730|10.665549042286887|27|0.3950203348995143|1.1818181818181819|TotalCurrentAssets09,30
735|10.665549042286887|27|0.3950203348995143|1.1818181818181819|TotalCurrentAssets09,30
740|10.665549042286887|27|0.3950203348995143|1.1818181818181819|TotalCurrentAssets09,30
745|10.665549042286887|27|0.3950203348995143|1.1818181818181819|TotalCurrentAssets09,30
750|10.665549042286887|27|0.3950203348995143|1.1818181818181819|TotalCurrentAssets09,30
755|10.665549042286887|27|0.3950203348995143|1.1818181818181819|TotalCurrentAssets09,30
760|10.665549042286887|27|0.3950203348995143|1.1818181818181819|TotalCurrentAssets09,30
765|10.665549042286887|27|0.3950203348995143|1.1818181818181819|TotalCurrentAssets09,30
770|10.665549042286887|27|0.3950203348995143|1.1818181818181819|TotalCurrentAssets09,30
775|10.665549042286887|25|0.4266219616914755|1.0909090909090908|TotalCurrentLiabilitiesChange,35
780|10.665549042286887|25|0.4266219616914755|1.0909090909090908|TotalCurrentLiabilitiesChange,35
785|10.665549042286887|25|0.4266219616914755|1.0909090909090908|TotalCurrentLiabilitiesChange,35
790|10.665549042286887|25|0.4266219616914755|1.0909090909090908|TotalCurrentLiabilitiesChange,35
795|10.665549042286887|25|0.4266219616914755|1.0909090909090908|TotalCurrentLiabilitiesChange,35
800|10.665549042286887|25|0.4266219616914755|1.0909090909090908|TotalCurrentLiabilitiesChange,35
805|10.665549042286887|25|0.4266219616914755|1.0909090909090908|TotalCurrentLiabilitiesChange,35
810|10.665549042286887|25|0.4266219616914755|1.0909090909090908|TotalCurrentLiabilitiesChange,35
815|10.665549042286887|25|0.4266219616914755|1.0909090909090908|TotalCurrentLiabilitiesChange,35
820|10.665549042286887|25|0.4266219616914755|1.0909090909090908|TotalCurrentLiabilitiesChange,35
825|10.665549042286887|25|0.4266219616914755|1.0909090909090908|TotalCurrentLiabilitiesChange,35
830|10.665549042286887|25|0.4266219616914755|1.0909090909090908|TotalCurrentLiabilitiesChange,35
835|10.665549042286887|25|0.4266219616914755|1.0909090909090908|TotalCurrentLiabilitiesChange,35
840|10.665549042286887|25|0.4266219616914755|1.0909090909090908|TotalCurrentLiabilitiesChange,35
845|10.665549042286887|25|0.4266219616914755|1.0909090909090908|TotalCurrentLiabilitiesChange,35
850|10.665549042286887|25|0.4266219616914755|1.0909090909090908|TotalCurrentLiabilitiesChange,35
855|10.665549042286887|25|0.4266219616914755|1.0909090909090908|TotalCurrentLiabilitiesChange,35
860|10.665549042286887|25|0.4266219616914755|1.0909090909090908|TotalCurrentLiabilitiesChange,35
865|10.665549042286887|25|0.4266219616914755|1.0909090909090908|TotalCurrentLiabilitiesChange,35
870|10.665549042286887|25|0.4266219616914755|1.0909090909090908|TotalCurrentLiabilitiesChange,35
875|10.665549042286887|25|0.4266219616914755|1.0909090909090908|TotalCurrentLiabilitiesChange,35
880|10.665549042286887|25|0.4266219616914755|1.0909090909090908|TotalCurrentLiabilitiesChange,35
885|10.665549042286887|25|0.4266219616914755|1.0909090909090908|TotalCurrentLiabilitiesChange,35
890|10.665549042286887|25|0.4266219616914755|1.0909090909090908|TotalCurrentLiabilitiesChange,35
895|10.665549042286887|25|0.4266219616914755|1.0909090909090908|TotalCurrentLiabilitiesChange,35
900|10.665549042286887|25|0.4266219616914755|1.0909090909090908|TotalCurrentLiabilitiesChange,35
905|10.665549042286887|25|0.4266219616914755|1.0909090909090908|TotalCurrentLiabilitiesChange,35
910|10.665549042286887|25|0.4266219616914755|1.0909090909090908|TotalCurrentLiabilitiesChange,35
915|10.665549042286887|25|0.4266219616914755|1.0909090909090908|TotalCurrentLiabilitiesChange,35
920|10.665549042286887|25|0.4266219616914755|1.0909090909090908|TotalCurrentLiabilitiesChange,35
925|10.665549042286887|25|0.4266219616914755|1.0909090909090908|TotalCurrentLiabilitiesChange,35
930|10.665549042286887|25|0.4266219616914755|1.0909090909090908|TotalCurrentLiabilitiesChange,35
935|10.665549042286887|25|0.4266219616914755|1.0909090909090908|TotalCurrentLiabilitiesChange,35
940|10.665549042286887|25|0.4266219616914755|1.0909090909090908|TotalCurrentLiabilitiesChange,35
945|10.665549042286887|25|0.4266219616914755|1.0909090909090908|TotalCurrentLiabilitiesChange,35
950|10.665549042286887|23|0.46371952357769075|1.1|TotalCurrentLiabilitiesChange,35
955|10.665549042286887|23|0.46371952357769075|1.1|TotalCurrentLiabilitiesChange,35
960|10.665549042286887|23|0.46371952357769075|1.1|TotalCurrentLiabilitiesChange,35
965|10.665549042286887|23|0.46371952357769075|1.1|TotalCurrentLiabilitiesChange,35
970|10.665549042286887|23|0.46371952357769075|1.1|TotalCurrentLiabilitiesChange,35
975|10.665549042286887|23|0.46371952357769075|1.1|TotalCurrentLiabilitiesChange,35
980|10.665549042286887|23|0.46371952357769075|1.1|TotalCurrentLiabilitiesChange,35
985|10.665549042286887|23|0.46371952357769075|1.1|TotalCurrentLiabilitiesChange,35
990|10.665549042286887|23|0.46371952357769075|1.1|TotalCurrentLiabilitiesChange,35
995|10.665549042286887|23|0.46371952357769075|1.1|TotalCurrentLiabilitiesChange,35
1000|10.665549042286887|23|0.46371952357769075|1.1|TotalCurrentLiabilitiesChange,35
1005|10.665549042286887|23|0.46371952357769075|1.1|TotalCurrentLiabilitiesChange,35
1010|10.665549042286887|23|0.46371952357769075|1.1|TotalCurrentLiabilitiesChange,35
1015|10.665549042286887|23|0.46371952357769075|1.1|TotalCurrentLiabilitiesChange,35
1020|10.665549042286887|23|0.46371952357769075|1.1|TotalCurrentLiabilitiesChange,35
1025|10.665549042286887|23|0.46371952357769075|1.1|TotalCurrentLiabilitiesChange,35
1030|10.665549042286887|23|0.46371952357769075|1.1|TotalCurrentLiabilitiesChange,35
1035|10.665549042286887|23|0.46371952357769075|1.1|TotalCurrentLiabilitiesChange,35
1040|10.665549042286887|23|0.46371952357769075|1.1|TotalCurrentLiabilitiesChange,35
1045|10.665549042286887|23|0.46371952357769075|1.1|TotalCurrentLiabilitiesChange,35
1050|10.665549042286887|23|0.46371952357769075|1.1|TotalCurrentLiabilitiesChange,35
1055|10.665549042286887|23|0.46371952357769075|1.1|TotalCurrentLiabilitiesChange,35
1060|10.665549042286887|23|0.46371952357769075|1.1|TotalCurrentLiabilitiesChange,35
1065|10.665549042286887|23|0.46371952357769075|1.1|TotalCurrentLiabilitiesChange,35
1070|10.665549042286887|23|0.46371952357769075|1.1|TotalCurrentLiabilitiesChange,35
1075|10.665549042286887|23|0.46371952357769075|1.1|TotalCurrentLiabilitiesChange,35
1080|10.665549042286887|23|0.46371952357769075|1.1|TotalCurrentLiabilitiesChange,35
1085|10.665549042286887|23|0.46371952357769075|1.1|TotalCurrentLiabilitiesChange,35
1090|10.665549042286887|23|0.46371952357769075|1.1|TotalCurrentLiabilitiesChange,35
1095|10.665549042286887|23|0.46371952357769075|1.1|TotalCurrentLiabilitiesChange,35
1100|10.665549042286887|23|0.46371952357769075|1.1|TotalCurrentLiabilitiesChange,35
1105|10.665549042286887|23|0.46371952357769075|1.1|TotalCurrentLiabilitiesChange,35
1110|10.665549042286887|23|0.46371952357769075|1.1|TotalCurrentLiabilitiesChange,35
1115|10.665549042286887|23|0.46371952357769075|1.1|TotalCurrentLiabilitiesChange,35
1120|10.665549042286887|23|0.46371952357769075|1.1|TotalCurrentLiabilitiesChange,35
1125|10.665549042286887|23|0.46371952357769075|1.1|TotalCurrentLiabilitiesChange,35
1130|10.665549042286887|23|0.46371952357769075|1.1|TotalCurrentLiabilitiesChange,35
1135|10.665549042286887|23|0.46371952357769075|1.1|TotalCurrentLiabilitiesChange,35
1140|10.665549042286887|23|0.46371952357769075|1.1|TotalCurrentLiabilitiesChange,35
1145|10.665549042286887|23|0.46371952357769075|1.1|TotalCurrentLiabilitiesChange,35
1150|10.665549042286887|23|0.46371952357769075|1.1|TotalCurrentLiabilitiesChange,35
1155|10.665549042286887|23|0.46371952357769075|1.1|TotalCurrentLiabilitiesChange,35
1160|10.665549042286887|23|0.46371952357769075|1.1|TotalCurrentLiabilitiesChange,35
1165|10.665549042286887|23|0.46371952357769075|1.1|TotalCurrentLiabilitiesChange,35
1170|10.665549042286887|23|0.46371952357769075|1.1|TotalCurrentLiabilitiesChange,35
1175|10.665549042286887|23|0.46371952357769075|1.1|TotalCurrentLiabilitiesChange,35
1180|10.665549042286887|23|0.46371952357769075|1.1|TotalCurrentLiabilitiesChange,35
1185|10.665549042286887|23|0.46371952357769075|1.1|TotalCurrentLiabilitiesChange,35
1190|10.665549042286887|23|0.46371952357769075|1.1|TotalCurrentLiabilitiesChange,35
1195|10.665549042286887|23|0.46371952357769075|1.1|TotalCurrentLiabilitiesChange,35
1200|10.665549042286887|23|0.46371952357769075|1.1|TotalCurrentLiabilitiesChange,35
1205|10.665549042286887|23|0.46371952357769075|1.1|TotalCurrentLiabilitiesChange,35
1210|10.665549042286887|23|0.46371952357769075|1.1|TotalCurrentLiabilitiesChange,35
1215|10.665549042286887|23|0.46371952357769075|1.1|TotalCurrentLiabilitiesChange,35
1220|10.665549042286887|23|0.46371952357769075|1.1|TotalCurrentLiabilitiesChange,35
1225|10.665549042286887|23|0.46371952357769075|1.1|TotalCurrentLiabilitiesChange,35
1230|10.665549042286887|23|0.46371952357769075|1.1|TotalCurrentLiabilitiesChange,35
1235|10.665549042286887|23|0.46371952357769075|1.1|TotalCurrentLiabilitiesChange,35
1240|10.665549042286887|23|0.46371952357769075|1.1|TotalCurrentLiabilitiesChange,35
1245|10.665549042286887|23|0.46371952357769075|1.1|TotalCurrentLiabilitiesChange,35
1250|10.665549042286887|23|0.46371952357769075|1.1|TotalCurrentLiabilitiesChange,35
1255|10.665549042286887|23|0.46371952357769075|1.1|TotalCurrentLiabilitiesChange,35
1260|10.665549042286887|23|0.46371952357769075|1.1|TotalCurrentLiabilitiesChange,35
1265|10.665549042286887|23|0.46371952357769075|1.1|TotalCurrentLiabilitiesChange,35
1270|10.665549042286887|23|0.46371952357769075|1.1|TotalCurrentLiabilitiesChange,35
1275|10.725074280506561|41|0.2615871775733308|1.6666666666666667|TotalCurrentLiabilitiesChange,35
1280|10.725074280506561|39|0.2750019046283734|1.7272727272727273|TotalCurrentLiabilitiesChange,35
1285|10.725074280506561|39|0.2750019046283734|1.7272727272727273|TotalCurrentLiabilitiesChange,35
1290|10.725074280506561|39|0.2750019046283734|1.7272727272727273|TotalCurrentLiabilitiesChange,35
1295|10.725074280506561|35|0.3064306937287589|1.4166666666666667|TotalCurrentLiabilitiesChange,35
1300|10.725074280506561|35|0.3064306937287589|1.4166666666666667|TotalCurrentLiabilitiesChange,35
1305|10.725074280506561|35|0.3064306937287589|1.4166666666666667|TotalCurrentLiabilitiesChange,35
1310|10.725074280506561|35|0.3064306937287589|1.4166666666666667|TotalCurrentLiabilitiesChange,35
1315|10.725074280506561|33|0.32500225092444124|1.2307692307692308|TotalCurrentLiabilitiesChange,35
1320|10.725074280506561|33|0.32500225092444124|1.2307692307692308|TotalCurrentLiabilitiesChange,35
1325|10.725074280506561|33|0.32500225092444124|1.2307692307692308|TotalCurrentLiabilitiesChange,35
1330|10.725074280506561|33|0.32500225092444124|1.2307692307692308|TotalCurrentLiabilitiesChange,35
1335|10.725074280506561|31|0.3459701380808568|1.3636363636363635|TotalCurrentLiabilitiesChange,35
1340|10.725074280506561|31|0.3459701380808568|1.3636363636363635|TotalCurrentLiabilitiesChange,35
1345|10.725074280506561|31|0.3459701380808568|1.3636363636363635|TotalCurrentLiabilitiesChange,35
1350|10.725074280506561|31|0.3459701380808568|1.3636363636363635|TotalCurrentLiabilitiesChange,35
1355|10.725074280506561|31|0.3459701380808568|1.3636363636363635|TotalCurrentLiabilitiesChange,35
1360|10.725074280506561|31|0.3459701380808568|1.3636363636363635|TotalCurrentLiabilitiesChange,35
1365|10.725074280506561|31|0.3459701380808568|1.3636363636363635|TotalCurrentLiabilitiesChange,35
1370|10.725074280506561|31|0.3459701380808568|1.3636363636363635|TotalCurrentLiabilitiesChange,35
1375|10.725074280506561|31|0.3459701380808568|1.3636363636363635|TotalCurrentLiabilitiesChange,35
1380|10.725074280506561|31|0.3459701380808568|1.3636363636363635|TotalCurrentLiabilitiesChange,35
1385|10.725074280506561|31|0.3459701380808568|1.3636363636363635|TotalCurrentLiabilitiesChange,35
1390|10.725074280506561|31|0.3459701380808568|1.3636363636363635|TotalCurrentLiabilitiesChange,35
1395|10.725074280506561|29|0.36983014760367455|1.2727272727272727|TotalCurrentLiabilitiesChange,35
1400|10.725074280506561|29|0.36983014760367455|1.2727272727272727|TotalCurrentLiabilitiesChange,35
1405|10.725074280506561|29|0.36983014760367455|1.2727272727272727|TotalCurrentLiabilitiesChange,35
1410|10.725074280506561|29|0.36983014760367455|1.2727272727272727|TotalCurrentLiabilitiesChange,35
1415|10.725074280506561|27|0.3972249733520949|1.1818181818181819|TotalCurrentLiabilitiesChange,35
1420|10.725074280506561|27|0.3972249733520949|1.1818181818181819|TotalCurrentLiabilitiesChange,35
1425|10.725074280506561|27|0.3972249733520949|1.1818181818181819|TotalCurrentLiabilitiesChange,35
1430|10.725074280506561|27|0.3972249733520949|1.1818181818181819|TotalCurrentLiabilitiesChange,35
1435|10.725074280506561|27|0.3972249733520949|1.1818181818181819|TotalCurrentLiabilitiesChange,35
1440|10.725074280506561|27|0.3972249733520949|1.1818181818181819|TotalCurrentLiabilitiesChange,35
1445|10.725074280506561|27|0.3972249733520949|1.1818181818181819|TotalCurrentLiabilitiesChange,35
1450|10.767654650955741|31|0.3473436984179271|1.25|TotalCurrentLiabilitiesChange,35
1455|10.767654650955741|31|0.3473436984179271|1.25|TotalCurrentLiabilitiesChange,35
1460|10.767654650955741|31|0.3473436984179271|1.25|TotalCurrentLiabilitiesChange,35
1465|10.767654650955741|31|0.3473436984179271|1.25|TotalCurrentLiabilitiesChange,35
1470|10.767654650955741|31|0.3473436984179271|1.25|TotalCurrentLiabilitiesChange,35
1475|10.767654650955741|31|0.3473436984179271|1.25|TotalCurrentLiabilitiesChange,35
1480|10.767654650955741|29|0.37129843623985315|1.2727272727272727|TotalCurrentLiabilitiesChange,35
1485|10.767654650955741|29|0.37129843623985315|1.2727272727272727|TotalCurrentLiabilitiesChange,35
1490|10.767654650955741|29|0.37129843623985315|1.2727272727272727|TotalCurrentLiabilitiesChange,35
1495|10.767654650955741|29|0.37129843623985315|1.2727272727272727|TotalCurrentLiabilitiesChange,35
1500|10.767654650955741|29|0.37129843623985315|1.2727272727272727|TotalCurrentLiabilitiesChange,35
1505|10.767654650955741|29|0.37129843623985315|1.2727272727272727|TotalCurrentLiabilitiesChange,35
1510|10.767654650955741|29|0.37129843623985315|1.2727272727272727|TotalCurrentLiabilitiesChange,35
1515|10.767654650955741|27|0.3988020241094719|1.1818181818181819|TotalCurrentLiabilitiesChange,35
1520|10.767654650955741|27|0.3988020241094719|1.1818181818181819|TotalCurrentLiabilitiesChange,35
1525|10.767654650955741|25|0.43070618603822963|1.2|TotalCurrentLiabilitiesChange,35
1530|10.767654650955741|23|0.4681588978676409|1.2222222222222223|TotalCurrentLiabilitiesChange,35
1535|10.767654650955741|23|0.4681588978676409|1.2222222222222223|TotalCurrentLiabilitiesChange,35
1540|10.767654650955741|23|0.4681588978676409|1.2222222222222223|TotalCurrentLiabilitiesChange,35
1545|10.767654650955741|23|0.4681588978676409|1.2222222222222223|TotalCurrentLiabilitiesChange,35
1550|10.767654650955741|23|0.4681588978676409|1.2222222222222223|TotalCurrentLiabilitiesChange,35
1555|10.767654650955741|23|0.4681588978676409|1.2222222222222223|TotalCurrentLiabilitiesChange,35
1560|10.767654650955741|23|0.4681588978676409|1.2222222222222223|TotalCurrentLiabilitiesChange,35
1565|10.767654650955741|23|0.4681588978676409|1.2222222222222223|TotalCurrentLiabilitiesChange,35
1570|10.767654650955741|23|0.4681588978676409|1.2222222222222223|TotalCurrentLiabilitiesChange,35
1575|10.767654650955741|23|0.4681588978676409|1.2222222222222223|TotalCurrentLiabilitiesChange,35
1580|10.767654650955741|23|0.4681588978676409|1.2222222222222223|TotalCurrentLiabilitiesChange,35
1585|10.767654650955741|23|0.4681588978676409|1.2222222222222223|TotalCurrentLiabilitiesChange,35
1590|10.767654650955741|23|0.4681588978676409|1.2222222222222223|TotalCurrentLiabilitiesChange,35
1595|10.767654650955741|23|0.4681588978676409|1.2222222222222223|TotalCurrentLiabilitiesChange,35
1600|10.767654650955741|23|0.4681588978676409|1.2222222222222223|TotalCurrentLiabilitiesChange,35
1605|10.767654650955741|23|0.4681588978676409|1.2222222222222223|TotalCurrentLiabilitiesChange,35
1610|10.767654650955741|23|0.4681588978676409|1.2222222222222223|TotalCurrentLiabilitiesChange,35
1615|10.767654650955741|23|0.4681588978676409|1.2222222222222223|TotalCurrentLiabilitiesChange,35
1620|10.767654650955741|23|0.4681588978676409|1.2222222222222223|TotalCurrentLiabilitiesChange,35
1625|10.767654650955741|21|0.512745459569321|1.25|TotalCurrentLiabilitiesChange,35
1630|10.767654650955741|21|0.512745459569321|1.25|TotalCurrentLiabilitiesChange,35
1635|10.767654650955741|21|0.512745459569321|1.25|TotalCurrentLiabilitiesChange,35
1640|10.767654650955741|21|0.512745459569321|1.25|TotalCurrentLiabilitiesChange,35
1645|10.767654650955741|21|0.512745459569321|1.25|TotalCurrentLiabilitiesChange,35
1650|10.767654650955741|21|0.512745459569321|1.25|TotalCurrentLiabilitiesChange,35
1655|10.767654650955741|21|0.512745459569321|1.25|TotalCurrentLiabilitiesChange,35
1660|10.767654650955741|21|0.512745459569321|1.25|TotalCurrentLiabilitiesChange,35
1665|10.767654650955741|21|0.512745459569321|1.25|TotalCurrentLiabilitiesChange,35
1670|10.767654650955741|21|0.512745459569321|1.25|TotalCurrentLiabilitiesChange,35
1675|10.767654650955741|21|0.512745459569321|1.25|TotalCurrentLiabilitiesChange,35
1680|10.767654650955741|21|0.512745459569321|1.25|TotalCurrentLiabilitiesChange,35
1685|10.767654650955741|21|0.512745459569321|1.25|TotalCurrentLiabilitiesChange,35
1690|10.767654650955741|21|0.512745459569321|1.25|TotalCurrentLiabilitiesChange,35
1695|10.767654650955741|21|0.512745459569321|1.25|TotalCurrentLiabilitiesChange,35
1700|10.767654650955741|21|0.512745459569321|1.25|TotalCurrentLiabilitiesChange,35
1705|10.767654650955741|21|0.512745459569321|1.25|TotalCurrentLiabilitiesChange,35
1710|10.767654650955741|21|0.512745459569321|1.25|TotalCurrentLiabilitiesChange,35
1715|10.767654650955741|21|0.512745459569321|1.25|TotalCurrentLiabilitiesChange,35
1720|10.767654650955741|21|0.512745459569321|1.25|TotalCurrentLiabilitiesChange,35
1725|10.767654650955741|21|0.512745459569321|1.25|TotalCurrentLiabilitiesChange,35
1730|10.767654650955741|21|0.512745459569321|1.25|TotalCurrentLiabilitiesChange,35
1735|10.767654650955741|21|0.512745459569321|1.25|TotalCurrentLiabilitiesChange,35
1740|10.767654650955741|21|0.512745459569321|1.25|TotalCurrentLiabilitiesChange,35
1745|10.767654650955741|21|0.512745459569321|1.25|TotalCurrentLiabilitiesChange,35
1750|10.767654650955741|21|0.512745459569321|1.25|TotalCurrentLiabilitiesChange,35
1755|10.767654650955741|21|0.512745459569321|1.25|TotalCurrentLiabilitiesChange,35
1760|10.767654650955741|21|0.512745459569321|1.25|TotalCurrentLiabilitiesChange,35
1765|10.767654650955741|21|0.512745459569321|1.25|TotalCurrentLiabilitiesChange,35
1770|10.767654650955741|21|0.512745459569321|1.25|TotalCurrentLiabilitiesChange,35
1775|10.767654650955741|21|0.512745459569321|1.25|TotalCurrentLiabilitiesChange,35
1780|10.767654650955741|21|0.512745459569321|1.25|TotalCurrentLiabilitiesChange,35
1785|10.767654650955741|21|0.512745459569321|1.25|TotalCurrentLiabilitiesChange,35
1790|10.767654650955741|21|0.512745459569321|1.25|TotalCurrentLiabilitiesChange,35
1795|10.767654650955741|21|0.512745459569321|1.25|TotalCurrentLiabilitiesChange,35
1800|10.767654650955741|21|0.512745459569321|1.25|TotalCurrentLiabilitiesChange,35
1805|10.767654650955741|21|0.512745459569321|1.25|TotalCurrentLiabilitiesChange,35
1810|10.767654650955741|21|0.512745459569321|1.25|TotalCurrentLiabilitiesChange,35
1815|10.767654650955741|21|0.512745459569321|1.25|TotalCurrentLiabilitiesChange,35
1820|10.767654650955741|21|0.512745459569321|1.25|TotalCurrentLiabilitiesChange,35
1825|10.767654650955741|21|0.512745459569321|1.25|TotalCurrentLiabilitiesChange,35
1830|10.767654650955741|21|0.512745459569321|1.25|TotalCurrentLiabilitiesChange,35
1835|10.767654650955741|21|0.512745459569321|1.25|TotalCurrentLiabilitiesChange,35
1840|10.767654650955741|21|0.512745459569321|1.25|TotalCurrentLiabilitiesChange,35
1845|10.767654650955741|21|0.512745459569321|1.25|TotalCurrentLiabilitiesChange,35
1850|10.767654650955741|21|0.512745459569321|1.25|TotalCurrentLiabilitiesChange,35
1855|10.767654650955741|21|0.512745459569321|1.25|TotalCurrentLiabilitiesChange,35
1860|10.767654650955741|21|0.512745459569321|1.25|TotalCurrentLiabilitiesChange,35
1865|10.767654650955741|21|0.512745459569321|1.25|TotalCurrentLiabilitiesChange,35
1870|10.767654650955741|21|0.512745459569321|1.25|TotalCurrentLiabilitiesChange,35
1875|10.767654650955741|21|0.512745459569321|1.25|TotalCurrentLiabilitiesChange,35
1880|10.767654650955741|21|0.512745459569321|1.25|TotalCurrentLiabilitiesChange,35
1885|10.767654650955741|21|0.512745459569321|1.25|TotalCurrentLiabilitiesChange,35
1890|10.767654650955741|21|0.512745459569321|1.25|TotalCurrentLiabilitiesChange,35
1895|10.767654650955741|21|0.512745459569321|1.25|TotalCurrentLiabilitiesChange,35
1900|10.767654650955741|21|0.512745459569321|1.25|TotalCurrentLiabilitiesChange,35
1905|10.767654650955741|21|0.512745459569321|1.25|TotalCurrentLiabilitiesChange,35
1910|10.767654650955741|21|0.512745459569321|1.25|TotalCurrentLiabilitiesChange,35
1915|10.767654650955741|21|0.512745459569321|1.25|TotalCurrentLiabilitiesChange,35
1920|10.767654650955741|21|0.512745459569321|1.25|TotalCurrentLiabilitiesChange,35
1925|10.767654650955741|21|0.512745459569321|1.25|TotalCurrentLiabilitiesChange,35
1930|10.767654650955741|21|0.512745459569321|1.25|TotalCurrentLiabilitiesChange,35
1935|10.767654650955741|21|0.512745459569321|1.25|TotalCurrentLiabilitiesChange,35
1940|10.767654650955741|21|0.512745459569321|1.25|TotalCurrentLiabilitiesChange,35
1945|10.767654650955741|21|0.512745459569321|1.25|TotalCurrentLiabilitiesChange,35
1950|10.767654650955741|21|0.512745459569321|1.25|TotalCurrentLiabilitiesChange,35
1955|10.767654650955741|21|0.512745459569321|1.25|TotalCurrentLiabilitiesChange,35
1960|10.767654650955741|21|0.512745459569321|1.25|TotalCurrentLiabilitiesChange,35
1965|10.767654650955741|21|0.512745459569321|1.25|TotalCurrentLiabilitiesChange,35
1970|10.767654650955741|21|0.512745459569321|1.25|TotalCurrentLiabilitiesChange,35
1975|10.767654650955741|21|0.512745459569321|1.25|TotalCurrentLiabilitiesChange,35
1980|10.767654650955741|21|0.512745459569321|1.25|TotalCurrentLiabilitiesChange,35
1985|10.767654650955741|21|0.512745459569321|1.25|TotalCurrentLiabilitiesChange,35
1990|10.767654650955741|21|0.512745459569321|1.25|TotalCurrentLiabilitiesChange,35
1995|10.767654650955741|21|0.512745459569321|1.25|TotalCurrentLiabilitiesChange,35
2000|10.767654650955741|21|0.512745459569321|1.25|TotalCurrentLiabilitiesChange,35
