#########################################################
# Algorithm Parameters #
# Generations = 2000
# Population size = 100
# Resolution = 5
#########################################################
# Financial Parameters #
# Quarter = 1
# Crossover probabilities = 0.75 -> 0.25
# Mutation start probabilities = 0.9,0.0,0.6,0.5,0.6,0.9
# Mutation end probabilities = 0.4,0.4,0.1,0.1,0.1,0.4
######################################################### 
0|7.555520605683609|7|1.0793600865262298|1.0|ReturnOnEquity09,21
5|7.629021935126227|15|0.5086014623417484|1.1666666666666667|QuickRatioChange,41
10|8.174609518339343|13|0.6288161167953341|1.2|ReturnOnEquity09,21
15|8.865248715673774|17|0.5214852185690455|1.3333333333333333|ReturnOnEquity09,21
20|8.873809091722954|15|0.5915872727815302|1.0|SGAExpenses09,12
25|9.038115576122953|25|0.3615246230449181|1.2|ReturnOnEquity09,21
30|9.215809486568853|25|0.3686323794627541|1.3333333333333333|ReturnOnEquity09,21
35|9.215809486568853|19|0.4850426045562554|1.5|ReturnOnEquity09,21
40|9.462800740506555|41|0.23080001806113548|1.5384615384615385|CurrentRatio09,36
45|9.530886354775408|57|0.16720853253991944|2.0|CurrentRatio09,36
50|9.590411592995082|29|0.3307038480343132|1.1666666666666667|ResearchDevelopmentChange,17
55|9.590411592995082|23|0.4169744170867427|1.1|ReturnOnEquity09,21
60|9.590411592995082|21|0.45668626633309917|1.1111111111111112|ReturnOnEquity09,21
65|9.636369635391805|31|0.3108506333997357|1.3636363636363635|ResearchDevelopmentChange,17
70|9.636369635391805|29|0.3322886081169588|1.1666666666666667|ResearchDevelopmentChange,17
75|9.794038971421314|51|0.19203997983179047|1.6666666666666667|ReturnOnEquity09,21
80|9.794038971421314|49|0.199878346355537|1.7142857142857142|ResearchDevelopmentChange,17
85|9.794038971421314|43|0.2277683481725887|1.3125|OperatingMarginChange,5
90|9.794038971421314|31|0.31593674101359076|1.1538461538461537|ResearchDevelopmentChange,17
95|9.794038971421314|25|0.39176155885685254|1.2|ResearchDevelopmentChange,17
100|9.794038971421314|25|0.39176155885685254|1.2|ResearchDevelopmentChange,17
105|9.794038971421314|25|0.39176155885685254|1.2|ResearchDevelopmentChange,17
110|10.089017272139346|35|0.28825763634683843|1.5454545454545454|ResearchDevelopmentChange,17
115|10.089017272139346|29|0.34789714731514987|1.2727272727272727|GrossMarginChange,2
120|10.106621914132788|39|0.25914415164443044|1.3571428571428572|ResearchDevelopmentChange,17
125|10.106621914132788|39|0.25914415164443044|1.3571428571428572|ResearchDevelopmentChange,17
130|10.106621914132788|31|0.32602006174621895|1.25|GrossMarginChange,2
135|10.106621914132788|29|0.3485042039356134|1.4|OperatingMarginChange,5
140|10.106621914132788|29|0.3485042039356134|1.4|OperatingMarginChange,5
145|10.106621914132788|29|0.3485042039356134|1.4|OperatingMarginChange,5
150|10.106621914132788|29|0.3485042039356134|1.4|OperatingMarginChange,5
155|10.106621914132788|27|0.37431933015306623|1.1818181818181819|ResearchDevelopmentChange,17
160|10.106621914132788|27|0.37431933015306623|1.1818181818181819|ResearchDevelopmentChange,17
165|10.106621914132788|27|0.37431933015306623|1.1818181818181819|ResearchDevelopmentChange,17
170|10.106621914132788|27|0.37431933015306623|1.1818181818181819|ResearchDevelopmentChange,17
175|10.106621914132788|25|0.4042648765653115|1.2|ResearchDevelopmentChange,17
180|10.106621914132788|25|0.4042648765653115|1.2|ResearchDevelopmentChange,17
185|10.106621914132788|25|0.4042648765653115|1.2|ResearchDevelopmentChange,17
190|10.106621914132788|25|0.4042648765653115|1.2|ResearchDevelopmentChange,17
195|10.106621914132788|25|0.4042648765653115|1.2|ResearchDevelopmentChange,17
200|10.106621914132788|25|0.4042648765653115|1.2|ResearchDevelopmentChange,17
205|10.106621914132788|25|0.4042648765653115|1.2|ResearchDevelopmentChange,17
210|10.106621914132788|25|0.4042648765653115|1.2|ResearchDevelopmentChange,17
215|10.106621914132788|23|0.4394183440927299|1.2222222222222223|OperatingMargin10,4
220|10.106621914132788|23|0.4394183440927299|1.2222222222222223|OperatingMargin10,4
225|10.106621914132788|23|0.4394183440927299|1.2222222222222223|OperatingMargin10,4
230|10.106621914132788|23|0.4394183440927299|1.2222222222222223|OperatingMargin10,4
235|10.324865025024591|29|0.35602982844912384|1.4|ResearchDevelopmentChange,17
240|10.324865025024591|29|0.35602982844912384|1.4|ResearchDevelopmentChange,17
245|10.324865025024591|29|0.35602982844912384|1.4|ResearchDevelopmentChange,17
250|10.324865025024591|29|0.35602982844912384|1.4|ResearchDevelopmentChange,17
255|10.324865025024591|29|0.35602982844912384|1.4|ResearchDevelopmentChange,17
260|10.324865025024591|25|0.4129946010009837|1.2|ResearchDevelopmentChange,17
265|10.541754214365572|31|0.3400565875601797|1.25|GrossMarginChange,2
270|10.541754214365572|31|0.3400565875601797|1.25|GrossMarginChange,2
275|10.541754214365572|31|0.3400565875601797|1.25|GrossMarginChange,2
280|10.541754214365572|31|0.3400565875601797|1.25|GrossMarginChange,2
285|10.541754214365572|31|0.3400565875601797|1.25|GrossMarginChange,2
290|10.541754214365572|29|0.3635087660126059|1.0769230769230769|ReturnOnEquity09,21
295|10.541754214365572|29|0.3635087660126059|1.0769230769230769|ReturnOnEquity09,21
300|10.541754214365572|29|0.3635087660126059|1.0769230769230769|ReturnOnEquity09,21
305|10.541754214365572|29|0.3635087660126059|1.0769230769230769|ReturnOnEquity09,21
310|10.541754214365572|29|0.3635087660126059|1.0769230769230769|ReturnOnEquity09,21
315|10.541754214365572|29|0.3635087660126059|1.0769230769230769|ReturnOnEquity09,21
320|10.541754214365572|29|0.3635087660126059|1.0769230769230769|ReturnOnEquity09,21
325|10.541754214365572|29|0.3635087660126059|1.0769230769230769|ReturnOnEquity09,21
330|10.541754214365572|27|0.39043534127279894|1.1818181818181819|SGAExpenses09,12
335|10.541754214365572|25|0.42167016857462286|1.2|ReturnOnEquity09,21
340|10.541754214365572|25|0.42167016857462286|1.2|ReturnOnEquity09,21
345|10.541754214365572|25|0.42167016857462286|1.2|ReturnOnEquity09,21
350|10.541754214365572|25|0.42167016857462286|1.2|ReturnOnEquity09,21
355|10.541754214365572|25|0.42167016857462286|1.2|ReturnOnEquity09,21
360|10.541754214365572|25|0.42167016857462286|1.2|ReturnOnEquity09,21
365|10.541754214365572|25|0.42167016857462286|1.2|ReturnOnEquity09,21
370|10.541754214365572|25|0.42167016857462286|1.2|ReturnOnEquity09,21
375|10.541754214365572|25|0.42167016857462286|1.2|ReturnOnEquity09,21
380|10.541754214365572|25|0.42167016857462286|1.2|ReturnOnEquity09,21
385|10.541754214365572|25|0.42167016857462286|1.2|ReturnOnEquity09,21
390|10.541754214365572|25|0.42167016857462286|1.2|ReturnOnEquity09,21
395|10.541754214365572|25|0.42167016857462286|1.2|ReturnOnEquity09,21
400|10.541754214365572|25|0.42167016857462286|1.2|ReturnOnEquity09,21
405|10.541754214365572|25|0.42167016857462286|1.2|ReturnOnEquity09,21
410|10.541754214365572|25|0.42167016857462286|1.2|ReturnOnEquity09,21
415|10.541754214365572|25|0.42167016857462286|1.2|ReturnOnEquity09,21
420|10.541754214365572|25|0.42167016857462286|1.2|ReturnOnEquity09,21
425|10.541754214365572|23|0.4583371397550248|1.2222222222222223|ReturnOnEquity09,21
430|10.541754214365572|23|0.4583371397550248|1.2222222222222223|ReturnOnEquity09,21
435|10.541754214365572|23|0.4583371397550248|1.2222222222222223|ReturnOnEquity09,21
440|10.541754214365572|23|0.4583371397550248|1.2222222222222223|ReturnOnEquity09,21
445|10.541754214365572|23|0.4583371397550248|1.2222222222222223|ReturnOnEquity09,21
450|10.541754214365572|23|0.4583371397550248|1.2222222222222223|ReturnOnEquity09,21
455|10.541754214365572|23|0.4583371397550248|1.2222222222222223|ReturnOnEquity09,21
460|10.541754214365572|23|0.4583371397550248|1.2222222222222223|ReturnOnEquity09,21
465|10.541754214365572|23|0.4583371397550248|1.2222222222222223|ReturnOnEquity09,21
470|10.541754214365572|23|0.4583371397550248|1.2222222222222223|ReturnOnEquity09,21
475|10.541754214365572|23|0.4583371397550248|1.2222222222222223|ReturnOnEquity09,21
480|10.541754214365572|23|0.4583371397550248|1.2222222222222223|ReturnOnEquity09,21
485|10.541754214365572|23|0.4583371397550248|1.2222222222222223|ReturnOnEquity09,21
490|10.541754214365572|23|0.4583371397550248|1.2222222222222223|ReturnOnEquity09,21
495|10.541754214365572|23|0.4583371397550248|1.2222222222222223|ReturnOnEquity09,21
500|10.541754214365572|23|0.4583371397550248|1.2222222222222223|ReturnOnEquity09,21
505|10.541754214365572|23|0.4583371397550248|1.2222222222222223|ReturnOnEquity09,21
510|10.541754214365572|23|0.4583371397550248|1.2222222222222223|ReturnOnEquity09,21
515|10.541754214365572|23|0.4583371397550248|1.2222222222222223|ReturnOnEquity09,21
520|10.541754214365572|23|0.4583371397550248|1.2222222222222223|ReturnOnEquity09,21
525|10.541754214365572|23|0.4583371397550248|1.2222222222222223|ReturnOnEquity09,21
530|10.541754214365572|23|0.4583371397550248|1.2222222222222223|ReturnOnEquity09,21
535|10.541754214365572|23|0.4583371397550248|1.2222222222222223|ReturnOnEquity09,21
540|10.541754214365572|23|0.4583371397550248|1.2222222222222223|ReturnOnEquity09,21
545|10.541754214365572|23|0.4583371397550248|1.2222222222222223|ReturnOnEquity09,21
550|10.541754214365572|23|0.4583371397550248|1.2222222222222223|ReturnOnEquity09,21
555|10.541754214365572|23|0.4583371397550248|1.2222222222222223|ReturnOnEquity09,21
560|10.541754214365572|23|0.4583371397550248|1.2222222222222223|ReturnOnEquity09,21
565|10.541754214365572|23|0.4583371397550248|1.2222222222222223|ReturnOnEquity09,21
570|10.541754214365572|23|0.4583371397550248|1.2222222222222223|ReturnOnEquity09,21
575|10.541754214365572|23|0.4583371397550248|1.2222222222222223|ReturnOnEquity09,21
580|10.541754214365572|23|0.4583371397550248|1.2222222222222223|ReturnOnEquity09,21
585|10.541754214365572|23|0.4583371397550248|1.2222222222222223|ReturnOnEquity09,21
590|10.541754214365572|23|0.4583371397550248|1.2222222222222223|ReturnOnEquity09,21
595|10.541754214365572|23|0.4583371397550248|1.2222222222222223|ReturnOnEquity09,21
600|10.541754214365572|23|0.4583371397550248|1.2222222222222223|ReturnOnEquity09,21
605|10.541754214365572|23|0.4583371397550248|1.2222222222222223|ReturnOnEquity09,21
610|10.541754214365572|23|0.4583371397550248|1.2222222222222223|ReturnOnEquity09,21
615|10.675161837434425|25|0.427006473497377|1.2|ReturnOnEquity09,21
620|10.675161837434425|25|0.427006473497377|1.2|ReturnOnEquity09,21
625|10.675161837434425|25|0.427006473497377|1.2|ReturnOnEquity09,21
630|10.675161837434425|25|0.427006473497377|1.2|ReturnOnEquity09,21
635|10.675161837434425|25|0.427006473497377|1.2|ReturnOnEquity09,21
640|10.675161837434425|25|0.427006473497377|1.2|ReturnOnEquity09,21
645|10.675161837434425|25|0.427006473497377|1.2|ReturnOnEquity09,21
650|10.675161837434425|25|0.427006473497377|1.2|ReturnOnEquity09,21
655|10.675161837434425|25|0.427006473497377|1.2|ReturnOnEquity09,21
660|10.675161837434425|25|0.427006473497377|1.2|ReturnOnEquity09,21
665|10.675161837434425|25|0.427006473497377|1.2|ReturnOnEquity09,21
670|10.675161837434425|25|0.427006473497377|1.2|ReturnOnEquity09,21
675|10.675161837434425|25|0.427006473497377|1.2|ReturnOnEquity09,21
680|10.675161837434425|25|0.427006473497377|1.2|ReturnOnEquity09,21
685|10.675161837434425|25|0.427006473497377|1.2|ReturnOnEquity09,21
690|10.675161837434425|25|0.427006473497377|1.2|ReturnOnEquity09,21
695|10.675161837434425|25|0.427006473497377|1.2|ReturnOnEquity09,21
700|10.675161837434425|25|0.427006473497377|1.2|ReturnOnEquity09,21
705|10.675161837434425|25|0.427006473497377|1.2|ReturnOnEquity09,21
710|10.675161837434425|25|0.427006473497377|1.2|ReturnOnEquity09,21
715|10.675161837434425|25|0.427006473497377|1.2|ReturnOnEquity09,21
720|10.675161837434425|25|0.427006473497377|1.2|ReturnOnEquity09,21
725|10.675161837434425|25|0.427006473497377|1.2|ReturnOnEquity09,21
730|10.675161837434425|25|0.427006473497377|1.2|ReturnOnEquity09,21
735|10.675161837434425|25|0.427006473497377|1.2|ReturnOnEquity09,21
740|10.675161837434425|25|0.427006473497377|1.2|ReturnOnEquity09,21
745|10.675161837434425|25|0.427006473497377|1.2|ReturnOnEquity09,21
750|10.675161837434425|23|0.4641374711928011|1.2222222222222223|ReturnOnEquity09,21
755|10.675161837434425|23|0.4641374711928011|1.2222222222222223|ReturnOnEquity09,21
760|10.675161837434425|23|0.4641374711928011|1.2222222222222223|ReturnOnEquity09,21
765|10.675161837434425|23|0.4641374711928011|1.2222222222222223|ReturnOnEquity09,21
770|10.675161837434425|23|0.4641374711928011|1.2222222222222223|ReturnOnEquity09,21
775|10.675161837434425|23|0.4641374711928011|1.2222222222222223|ReturnOnEquity09,21
780|10.675161837434425|23|0.4641374711928011|1.2222222222222223|ReturnOnEquity09,21
785|10.675161837434425|23|0.4641374711928011|1.2222222222222223|ReturnOnEquity09,21
790|10.675161837434425|21|0.5083410398778297|1.1111111111111112|ReturnOnEquity09,21
795|10.675161837434425|21|0.5083410398778297|1.1111111111111112|ReturnOnEquity09,21
800|10.675161837434425|21|0.5083410398778297|1.1111111111111112|ReturnOnEquity09,21
805|10.675161837434425|21|0.5083410398778297|1.1111111111111112|ReturnOnEquity09,21
810|10.675161837434425|21|0.5083410398778297|1.1111111111111112|ReturnOnEquity09,21
815|10.675161837434425|21|0.5083410398778297|1.1111111111111112|ReturnOnEquity09,21
820|10.675161837434425|21|0.5083410398778297|1.1111111111111112|ReturnOnEquity09,21
825|10.675161837434425|21|0.5083410398778297|1.1111111111111112|ReturnOnEquity09,21
830|10.675161837434425|21|0.5083410398778297|1.1111111111111112|ReturnOnEquity09,21
835|10.675161837434425|21|0.5083410398778297|1.1111111111111112|ReturnOnEquity09,21
840|10.675161837434425|21|0.5083410398778297|1.1111111111111112|ReturnOnEquity09,21
845|10.675161837434425|21|0.5083410398778297|1.1111111111111112|ReturnOnEquity09,21
850|10.675161837434425|21|0.5083410398778297|1.1111111111111112|ReturnOnEquity09,21
855|10.675161837434425|21|0.5083410398778297|1.1111111111111112|ReturnOnEquity09,21
860|10.675161837434425|21|0.5083410398778297|1.1111111111111112|ReturnOnEquity09,21
865|10.675161837434425|21|0.5083410398778297|1.1111111111111112|ReturnOnEquity09,21
870|10.675161837434425|21|0.5083410398778297|1.1111111111111112|ReturnOnEquity09,21
875|10.675161837434425|21|0.5083410398778297|1.1111111111111112|ReturnOnEquity09,21
880|10.675161837434425|21|0.5083410398778297|1.1111111111111112|ReturnOnEquity09,21
885|10.675161837434425|21|0.5083410398778297|1.1111111111111112|ReturnOnEquity09,21
890|10.675161837434425|21|0.5083410398778297|1.1111111111111112|ReturnOnEquity09,21
895|10.675161837434425|21|0.5083410398778297|1.1111111111111112|ReturnOnEquity09,21
900|10.675161837434425|21|0.5083410398778297|1.1111111111111112|ReturnOnEquity09,21
905|10.675161837434425|21|0.5083410398778297|1.1111111111111112|ReturnOnEquity09,21
910|10.675161837434425|21|0.5083410398778297|1.1111111111111112|ReturnOnEquity09,21
915|10.675161837434425|21|0.5083410398778297|1.1111111111111112|ReturnOnEquity09,21
920|10.675161837434425|21|0.5083410398778297|1.1111111111111112|ReturnOnEquity09,21
925|10.675161837434425|21|0.5083410398778297|1.1111111111111112|ReturnOnEquity09,21
930|10.675161837434425|21|0.5083410398778297|1.1111111111111112|ReturnOnEquity09,21
935|10.675161837434425|21|0.5083410398778297|1.1111111111111112|ReturnOnEquity09,21
940|10.675161837434425|21|0.5083410398778297|1.1111111111111112|ReturnOnEquity09,21
945|10.675161837434425|21|0.5083410398778297|1.1111111111111112|ReturnOnEquity09,21
950|10.675161837434425|21|0.5083410398778297|1.1111111111111112|ReturnOnEquity09,21
955|10.675161837434425|21|0.5083410398778297|1.1111111111111112|ReturnOnEquity09,21
960|10.675161837434425|21|0.5083410398778297|1.1111111111111112|ReturnOnEquity09,21
965|10.675161837434425|21|0.5083410398778297|1.1111111111111112|ReturnOnEquity09,21
970|10.675161837434425|21|0.5083410398778297|1.1111111111111112|ReturnOnEquity09,21
975|10.675161837434425|21|0.5083410398778297|1.1111111111111112|ReturnOnEquity09,21
980|10.675161837434425|21|0.5083410398778297|1.1111111111111112|ReturnOnEquity09,21
985|10.675161837434425|21|0.5083410398778297|1.1111111111111112|ReturnOnEquity09,21
990|10.675161837434425|21|0.5083410398778297|1.1111111111111112|ReturnOnEquity09,21
995|10.675161837434425|21|0.5083410398778297|1.1111111111111112|ReturnOnEquity09,21
1000|10.675161837434425|21|0.5083410398778297|1.1111111111111112|ReturnOnEquity09,21
1005|10.675161837434425|21|0.5083410398778297|1.1111111111111112|ReturnOnEquity09,21
1010|10.675161837434425|21|0.5083410398778297|1.1111111111111112|ReturnOnEquity09,21
1015|10.675161837434425|21|0.5083410398778297|1.1111111111111112|ReturnOnEquity09,21
1020|10.675161837434425|21|0.5083410398778297|1.1111111111111112|ReturnOnEquity09,21
1025|10.675161837434425|21|0.5083410398778297|1.1111111111111112|ReturnOnEquity09,21
1030|10.675161837434425|21|0.5083410398778297|1.1111111111111112|ReturnOnEquity09,21
1035|10.675161837434425|21|0.5083410398778297|1.1111111111111112|ReturnOnEquity09,21
1040|10.675161837434425|21|0.5083410398778297|1.1111111111111112|ReturnOnEquity09,21
1045|10.675161837434425|21|0.5083410398778297|1.1111111111111112|ReturnOnEquity09,21
1050|10.675161837434425|21|0.5083410398778297|1.1111111111111112|ReturnOnEquity09,21
1055|10.675161837434425|21|0.5083410398778297|1.1111111111111112|ReturnOnEquity09,21
1060|10.675161837434425|21|0.5083410398778297|1.1111111111111112|ReturnOnEquity09,21
1065|10.675161837434425|21|0.5083410398778297|1.1111111111111112|ReturnOnEquity09,21
1070|10.675161837434425|21|0.5083410398778297|1.1111111111111112|ReturnOnEquity09,21
1075|10.675161837434425|21|0.5083410398778297|1.1111111111111112|ReturnOnEquity09,21
1080|10.675161837434425|21|0.5083410398778297|1.1111111111111112|ReturnOnEquity09,21
1085|10.675161837434425|21|0.5083410398778297|1.1111111111111112|ReturnOnEquity09,21
1090|10.675161837434425|21|0.5083410398778297|1.1111111111111112|ReturnOnEquity09,21
1095|10.675161837434425|21|0.5083410398778297|1.1111111111111112|ReturnOnEquity09,21
1100|10.675161837434425|21|0.5083410398778297|1.1111111111111112|ReturnOnEquity09,21
1105|10.675161837434425|21|0.5083410398778297|1.1111111111111112|ReturnOnEquity09,21
1110|10.675161837434425|21|0.5083410398778297|1.1111111111111112|ReturnOnEquity09,21
1115|10.675161837434425|21|0.5083410398778297|1.1111111111111112|ReturnOnEquity09,21
1120|10.675161837434425|21|0.5083410398778297|1.1111111111111112|ReturnOnEquity09,21
1125|10.675161837434425|21|0.5083410398778297|1.1111111111111112|ReturnOnEquity09,21
1130|10.675161837434425|21|0.5083410398778297|1.1111111111111112|ReturnOnEquity09,21
1135|10.675161837434425|21|0.5083410398778297|1.1111111111111112|ReturnOnEquity09,21
1140|10.675161837434425|21|0.5083410398778297|1.1111111111111112|ReturnOnEquity09,21
1145|10.675161837434425|21|0.5083410398778297|1.1111111111111112|ReturnOnEquity09,21
1150|10.675161837434425|21|0.5083410398778297|1.1111111111111112|ReturnOnEquity09,21
1155|10.675161837434425|21|0.5083410398778297|1.1111111111111112|ReturnOnEquity09,21
1160|10.675161837434425|21|0.5083410398778297|1.1111111111111112|ReturnOnEquity09,21
1165|10.675161837434425|21|0.5083410398778297|1.1111111111111112|ReturnOnEquity09,21
1170|10.675161837434425|21|0.5083410398778297|1.1111111111111112|ReturnOnEquity09,21
1175|10.675161837434425|21|0.5083410398778297|1.1111111111111112|ReturnOnEquity09,21
1180|10.675161837434425|21|0.5083410398778297|1.1111111111111112|ReturnOnEquity09,21
1185|10.675161837434425|21|0.5083410398778297|1.1111111111111112|ReturnOnEquity09,21
1190|10.675161837434425|21|0.5083410398778297|1.1111111111111112|ReturnOnEquity09,21
1195|10.675161837434425|21|0.5083410398778297|1.1111111111111112|ReturnOnEquity09,21
1200|10.675161837434425|21|0.5083410398778297|1.1111111111111112|ReturnOnEquity09,21
1205|10.675161837434425|21|0.5083410398778297|1.1111111111111112|ReturnOnEquity09,21
1210|10.675161837434425|21|0.5083410398778297|1.1111111111111112|ReturnOnEquity09,21
1215|10.675161837434425|21|0.5083410398778297|1.1111111111111112|ReturnOnEquity09,21
1220|10.675161837434425|21|0.5083410398778297|1.1111111111111112|ReturnOnEquity09,21
1225|10.675161837434425|21|0.5083410398778297|1.1111111111111112|ReturnOnEquity09,21
1230|10.675161837434425|21|0.5083410398778297|1.1111111111111112|ReturnOnEquity09,21
1235|10.675161837434425|21|0.5083410398778297|1.1111111111111112|ReturnOnEquity09,21
1240|10.675161837434425|21|0.5083410398778297|1.1111111111111112|ReturnOnEquity09,21
1245|10.675161837434425|21|0.5083410398778297|1.1111111111111112|ReturnOnEquity09,21
1250|10.675161837434425|21|0.5083410398778297|1.1111111111111112|ReturnOnEquity09,21
1255|10.675161837434425|21|0.5083410398778297|1.1111111111111112|ReturnOnEquity09,21
1260|10.675161837434425|21|0.5083410398778297|1.1111111111111112|ReturnOnEquity09,21
1265|10.675161837434425|21|0.5083410398778297|1.1111111111111112|ReturnOnEquity09,21
1270|10.675161837434425|21|0.5083410398778297|1.1111111111111112|ReturnOnEquity09,21
1275|10.675161837434425|21|0.5083410398778297|1.1111111111111112|ReturnOnEquity09,21
1280|10.675161837434425|21|0.5083410398778297|1.1111111111111112|ReturnOnEquity09,21
1285|10.675161837434425|21|0.5083410398778297|1.1111111111111112|ReturnOnEquity09,21
1290|10.675161837434425|21|0.5083410398778297|1.1111111111111112|ReturnOnEquity09,21
1295|10.675161837434425|21|0.5083410398778297|1.1111111111111112|ReturnOnEquity09,21
1300|10.675161837434425|21|0.5083410398778297|1.1111111111111112|ReturnOnEquity09,21
1305|10.675161837434425|21|0.5083410398778297|1.1111111111111112|ReturnOnEquity09,21
1310|10.675161837434425|21|0.5083410398778297|1.1111111111111112|ReturnOnEquity09,21
1315|10.675161837434425|21|0.5083410398778297|1.1111111111111112|ReturnOnEquity09,21
1320|10.675161837434425|21|0.5083410398778297|1.1111111111111112|ReturnOnEquity09,21
1325|10.675161837434425|21|0.5083410398778297|1.1111111111111112|ReturnOnEquity09,21
1330|10.675161837434425|21|0.5083410398778297|1.1111111111111112|ReturnOnEquity09,21
1335|10.675161837434425|21|0.5083410398778297|1.1111111111111112|ReturnOnEquity09,21
1340|10.675161837434425|21|0.5083410398778297|1.1111111111111112|ReturnOnEquity09,21
1345|10.675161837434425|21|0.5083410398778297|1.1111111111111112|ReturnOnEquity09,21
1350|10.675161837434425|21|0.5083410398778297|1.1111111111111112|ReturnOnEquity09,21
1355|10.675161837434425|21|0.5083410398778297|1.1111111111111112|ReturnOnEquity09,21
1360|10.675161837434425|21|0.5083410398778297|1.1111111111111112|ReturnOnEquity09,21
1365|10.675161837434425|21|0.5083410398778297|1.1111111111111112|ReturnOnEquity09,21
1370|10.675161837434425|21|0.5083410398778297|1.1111111111111112|ReturnOnEquity09,21
1375|10.675161837434425|21|0.5083410398778297|1.1111111111111112|ReturnOnEquity09,21
1380|10.675161837434425|21|0.5083410398778297|1.1111111111111112|ReturnOnEquity09,21
1385|10.675161837434425|21|0.5083410398778297|1.1111111111111112|ReturnOnEquity09,21
1390|10.675161837434425|21|0.5083410398778297|1.1111111111111112|ReturnOnEquity09,21
1395|10.675161837434425|21|0.5083410398778297|1.1111111111111112|ReturnOnEquity09,21
1400|10.675161837434425|21|0.5083410398778297|1.1111111111111112|ReturnOnEquity09,21
1405|10.675161837434425|21|0.5083410398778297|1.1111111111111112|ReturnOnEquity09,21
1410|10.675161837434425|21|0.5083410398778297|1.1111111111111112|ReturnOnEquity09,21
1415|10.675161837434425|21|0.5083410398778297|1.1111111111111112|ReturnOnEquity09,21
1420|10.675161837434425|21|0.5083410398778297|1.1111111111111112|ReturnOnEquity09,21
1425|10.675161837434425|21|0.5083410398778297|1.1111111111111112|ReturnOnEquity09,21
1430|10.675161837434425|21|0.5083410398778297|1.1111111111111112|ReturnOnEquity09,21
1435|10.675161837434425|21|0.5083410398778297|1.1111111111111112|ReturnOnEquity09,21
1440|10.675161837434425|21|0.5083410398778297|1.1111111111111112|ReturnOnEquity09,21
1445|10.675161837434425|21|0.5083410398778297|1.1111111111111112|ReturnOnEquity09,21
1450|10.675161837434425|21|0.5083410398778297|1.1111111111111112|ReturnOnEquity09,21
1455|10.675161837434425|21|0.5083410398778297|1.1111111111111112|ReturnOnEquity09,21
1460|10.675161837434425|21|0.5083410398778297|1.1111111111111112|ReturnOnEquity09,21
1465|10.675161837434425|21|0.5083410398778297|1.1111111111111112|ReturnOnEquity09,21
1470|10.675161837434425|21|0.5083410398778297|1.1111111111111112|ReturnOnEquity09,21
1475|10.675161837434425|21|0.5083410398778297|1.1111111111111112|ReturnOnEquity09,21
1480|10.675161837434425|21|0.5083410398778297|1.1111111111111112|ReturnOnEquity09,21
1485|10.675161837434425|21|0.5083410398778297|1.1111111111111112|ReturnOnEquity09,21
1490|10.675161837434425|21|0.5083410398778297|1.1111111111111112|ReturnOnEquity09,21
1495|10.675161837434425|21|0.5083410398778297|1.1111111111111112|ReturnOnEquity09,21
1500|10.675161837434425|21|0.5083410398778297|1.1111111111111112|ReturnOnEquity09,21
1505|10.675161837434425|21|0.5083410398778297|1.1111111111111112|ReturnOnEquity09,21
1510|10.675161837434425|21|0.5083410398778297|1.1111111111111112|ReturnOnEquity09,21
1515|10.675161837434425|21|0.5083410398778297|1.1111111111111112|ReturnOnEquity09,21
1520|10.675161837434425|21|0.5083410398778297|1.1111111111111112|ReturnOnEquity09,21
1525|10.675161837434425|21|0.5083410398778297|1.1111111111111112|ReturnOnEquity09,21
1530|10.675161837434425|21|0.5083410398778297|1.1111111111111112|ReturnOnEquity09,21
1535|10.675161837434425|21|0.5083410398778297|1.1111111111111112|ReturnOnEquity09,21
1540|10.675161837434425|21|0.5083410398778297|1.1111111111111112|ReturnOnEquity09,21
1545|10.675161837434425|21|0.5083410398778297|1.1111111111111112|ReturnOnEquity09,21
1550|10.675161837434425|21|0.5083410398778297|1.1111111111111112|ReturnOnEquity09,21
1555|10.675161837434425|21|0.5083410398778297|1.1111111111111112|ReturnOnEquity09,21
1560|10.675161837434425|21|0.5083410398778297|1.1111111111111112|ReturnOnEquity09,21
1565|10.675161837434425|21|0.5083410398778297|1.1111111111111112|ReturnOnEquity09,21
1570|10.675161837434425|21|0.5083410398778297|1.1111111111111112|ReturnOnEquity09,21
1575|10.675161837434425|21|0.5083410398778297|1.1111111111111112|ReturnOnEquity09,21
1580|10.675161837434425|21|0.5083410398778297|1.1111111111111112|ReturnOnEquity09,21
1585|10.675161837434425|21|0.5083410398778297|1.1111111111111112|ReturnOnEquity09,21
1590|10.675161837434425|21|0.5083410398778297|1.1111111111111112|ReturnOnEquity09,21
1595|10.675161837434425|21|0.5083410398778297|1.1111111111111112|ReturnOnEquity09,21
1600|10.675161837434425|21|0.5083410398778297|1.1111111111111112|ReturnOnEquity09,21
1605|10.675161837434425|21|0.5083410398778297|1.1111111111111112|ReturnOnEquity09,21
1610|10.675161837434425|21|0.5083410398778297|1.1111111111111112|ReturnOnEquity09,21
1615|10.675161837434425|21|0.5083410398778297|1.1111111111111112|ReturnOnEquity09,21
1620|10.675161837434425|21|0.5083410398778297|1.1111111111111112|ReturnOnEquity09,21
1625|10.675161837434425|21|0.5083410398778297|1.1111111111111112|ReturnOnEquity09,21
1630|10.675161837434425|21|0.5083410398778297|1.1111111111111112|ReturnOnEquity09,21
1635|10.675161837434425|21|0.5083410398778297|1.1111111111111112|ReturnOnEquity09,21
1640|10.675161837434425|21|0.5083410398778297|1.1111111111111112|ReturnOnEquity09,21
1645|10.675161837434425|21|0.5083410398778297|1.1111111111111112|ReturnOnEquity09,21
1650|10.675161837434425|21|0.5083410398778297|1.1111111111111112|ReturnOnEquity09,21
1655|10.675161837434425|21|0.5083410398778297|1.1111111111111112|ReturnOnEquity09,21
1660|10.675161837434425|21|0.5083410398778297|1.1111111111111112|ReturnOnEquity09,21
1665|10.675161837434425|21|0.5083410398778297|1.1111111111111112|ReturnOnEquity09,21
1670|10.675161837434425|21|0.5083410398778297|1.1111111111111112|ReturnOnEquity09,21
1675|10.675161837434425|21|0.5083410398778297|1.1111111111111112|ReturnOnEquity09,21
1680|10.675161837434425|21|0.5083410398778297|1.1111111111111112|ReturnOnEquity09,21
1685|10.675161837434425|21|0.5083410398778297|1.1111111111111112|ReturnOnEquity09,21
1690|10.675161837434425|21|0.5083410398778297|1.1111111111111112|ReturnOnEquity09,21
1695|10.675161837434425|21|0.5083410398778297|1.1111111111111112|ReturnOnEquity09,21
1700|10.675161837434425|21|0.5083410398778297|1.1111111111111112|ReturnOnEquity09,21
1705|10.675161837434425|21|0.5083410398778297|1.1111111111111112|ReturnOnEquity09,21
1710|10.675161837434425|21|0.5083410398778297|1.1111111111111112|ReturnOnEquity09,21
1715|10.675161837434425|21|0.5083410398778297|1.1111111111111112|ReturnOnEquity09,21
1720|10.675161837434425|21|0.5083410398778297|1.1111111111111112|ReturnOnEquity09,21
1725|10.675161837434425|21|0.5083410398778297|1.1111111111111112|ReturnOnEquity09,21
1730|10.675161837434425|21|0.5083410398778297|1.1111111111111112|ReturnOnEquity09,21
1735|10.675161837434425|21|0.5083410398778297|1.1111111111111112|ReturnOnEquity09,21
1740|10.675161837434425|21|0.5083410398778297|1.1111111111111112|ReturnOnEquity09,21
1745|10.675161837434425|21|0.5083410398778297|1.1111111111111112|ReturnOnEquity09,21
1750|10.675161837434425|21|0.5083410398778297|1.1111111111111112|ReturnOnEquity09,21
1755|10.675161837434425|21|0.5083410398778297|1.1111111111111112|ReturnOnEquity09,21
1760|10.675161837434425|21|0.5083410398778297|1.1111111111111112|ReturnOnEquity09,21
1765|10.675161837434425|21|0.5083410398778297|1.1111111111111112|ReturnOnEquity09,21
1770|10.675161837434425|21|0.5083410398778297|1.1111111111111112|ReturnOnEquity09,21
1775|10.675161837434425|21|0.5083410398778297|1.1111111111111112|ReturnOnEquity09,21
1780|10.675161837434425|21|0.5083410398778297|1.1111111111111112|ReturnOnEquity09,21
1785|10.675161837434425|21|0.5083410398778297|1.1111111111111112|ReturnOnEquity09,21
1790|10.675161837434425|21|0.5083410398778297|1.1111111111111112|ReturnOnEquity09,21
1795|10.675161837434425|21|0.5083410398778297|1.1111111111111112|ReturnOnEquity09,21
1800|10.675161837434425|21|0.5083410398778297|1.1111111111111112|ReturnOnEquity09,21
1805|10.675161837434425|21|0.5083410398778297|1.1111111111111112|ReturnOnEquity09,21
1810|10.675161837434425|21|0.5083410398778297|1.1111111111111112|ReturnOnEquity09,21
1815|10.675161837434425|21|0.5083410398778297|1.1111111111111112|ReturnOnEquity09,21
1820|10.675161837434425|21|0.5083410398778297|1.1111111111111112|ReturnOnEquity09,21
1825|10.675161837434425|21|0.5083410398778297|1.1111111111111112|ReturnOnEquity09,21
1830|10.675161837434425|21|0.5083410398778297|1.1111111111111112|ReturnOnEquity09,21
1835|10.675161837434425|21|0.5083410398778297|1.1111111111111112|ReturnOnEquity09,21
1840|10.675161837434425|21|0.5083410398778297|1.1111111111111112|ReturnOnEquity09,21
1845|10.675161837434425|21|0.5083410398778297|1.1111111111111112|ReturnOnEquity09,21
1850|10.675161837434425|21|0.5083410398778297|1.1111111111111112|ReturnOnEquity09,21
1855|10.675161837434425|21|0.5083410398778297|1.1111111111111112|ReturnOnEquity09,21
1860|10.675161837434425|21|0.5083410398778297|1.1111111111111112|ReturnOnEquity09,21
1865|10.675161837434425|21|0.5083410398778297|1.1111111111111112|ReturnOnEquity09,21
1870|10.675161837434425|21|0.5083410398778297|1.1111111111111112|ReturnOnEquity09,21
1875|10.675161837434425|21|0.5083410398778297|1.1111111111111112|ReturnOnEquity09,21
1880|10.675161837434425|21|0.5083410398778297|1.1111111111111112|ReturnOnEquity09,21
1885|10.675161837434425|21|0.5083410398778297|1.1111111111111112|ReturnOnEquity09,21
1890|10.675161837434425|21|0.5083410398778297|1.1111111111111112|ReturnOnEquity09,21
1895|10.675161837434425|21|0.5083410398778297|1.1111111111111112|ReturnOnEquity09,21
1900|10.675161837434425|21|0.5083410398778297|1.1111111111111112|ReturnOnEquity09,21
1905|10.675161837434425|21|0.5083410398778297|1.1111111111111112|ReturnOnEquity09,21
1910|10.675161837434425|21|0.5083410398778297|1.1111111111111112|ReturnOnEquity09,21
1915|10.675161837434425|21|0.5083410398778297|1.1111111111111112|ReturnOnEquity09,21
1920|10.675161837434425|21|0.5083410398778297|1.1111111111111112|ReturnOnEquity09,21
1925|10.675161837434425|21|0.5083410398778297|1.1111111111111112|ReturnOnEquity09,21
1930|10.675161837434425|21|0.5083410398778297|1.1111111111111112|ReturnOnEquity09,21
1935|10.675161837434425|21|0.5083410398778297|1.1111111111111112|ReturnOnEquity09,21
1940|10.675161837434425|21|0.5083410398778297|1.1111111111111112|ReturnOnEquity09,21
1945|10.675161837434425|21|0.5083410398778297|1.1111111111111112|ReturnOnEquity09,21
1950|10.675161837434425|21|0.5083410398778297|1.1111111111111112|ReturnOnEquity09,21
1955|10.675161837434425|21|0.5083410398778297|1.1111111111111112|ReturnOnEquity09,21
1960|10.675161837434425|21|0.5083410398778297|1.1111111111111112|ReturnOnEquity09,21
1965|10.675161837434425|21|0.5083410398778297|1.1111111111111112|ReturnOnEquity09,21
1970|10.675161837434425|21|0.5083410398778297|1.1111111111111112|ReturnOnEquity09,21
1975|10.675161837434425|21|0.5083410398778297|1.1111111111111112|ReturnOnEquity09,21
1980|10.675161837434425|21|0.5083410398778297|1.1111111111111112|ReturnOnEquity09,21
1985|10.675161837434425|21|0.5083410398778297|1.1111111111111112|ReturnOnEquity09,21
1990|10.675161837434425|21|0.5083410398778297|1.1111111111111112|ReturnOnEquity09,21
1995|10.675161837434425|21|0.5083410398778297|1.1111111111111112|ReturnOnEquity09,21
2000|10.675161837434425|21|0.5083410398778297|1.1111111111111112|ReturnOnEquity09,21
