#########################################################
# Algorithm Parameters #
# Generations = 2000
# Population size = 100
# Resolution = 5
#########################################################
# Financial Parameters #
# Quarter = 1
# Crossover probabilities = 0.75 -> 0.25
# Mutation start probabilities = 0.9,0.0,0.6,0.5,0.6,0.9
# Mutation end probabilities = 0.4,0.4,0.1,0.1,0.1,0.4
######################################################### 
0|6.938745239739344|7|0.9912493199627634|1.0|ReturnOnEquity09,21
5|7.555520605683609|9|0.839502289520401|1.3333333333333333|ResearchDevelopment10,16
10|7.555520605683609|9|0.839502289520401|1.3333333333333333|ResearchDevelopment10,16
15|8.632604510014756|13|0.6640465007703659|1.0|OperatingMarginChange,5
20|9.04807946480164|23|0.39339475933920176|1.375|OperatingMarginChange,5
25|9.04807946480164|23|0.39339475933920176|1.375|OperatingMarginChange,5
30|9.107604703021313|21|0.4336954620486339|1.25|OperatingMarginChange,5
35|9.107604703021313|21|0.4336954620486339|1.25|OperatingMarginChange,5
40|9.600858728844262|33|0.2909351129952807|1.6|OperatingMarginChange,5
45|9.600858728844262|25|0.3840343491537705|1.3333333333333333|OperatingMarginChange,5
50|9.600858728844262|25|0.3840343491537705|1.3333333333333333|OperatingMarginChange,5
55|9.600858728844262|25|0.3840343491537705|1.3333333333333333|OperatingMarginChange,5
60|9.600858728844262|25|0.3840343491537705|1.3333333333333333|OperatingMarginChange,5
65|9.600858728844262|25|0.3840343491537705|1.3333333333333333|OperatingMarginChange,5
70|9.84209180283115|27|0.36452191862337596|1.3|OperatingMarginChange,5
75|9.84209180283115|27|0.36452191862337596|1.3|OperatingMarginChange,5
80|9.84209180283115|23|0.4279170349057022|1.2222222222222223|ReturnOnEquity10,22
85|10.137070103549183|47|0.21568234262870603|2.3|OperatingMarginChange,5
90|10.137070103549183|43|0.2357458163616089|1.9090909090909092|ReturnOnEquity10,22
95|10.137070103549183|39|0.259924874449979|1.9|ReturnOnEquity10,22
100|10.184884984277051|41|0.24841182888480612|1.25|ReturnOnEquity10,22
105|10.479863284995083|57|0.18385725061394884|1.8666666666666667|OperatingMarginChange,5
110|10.479863284995083|45|0.23288585077766852|1.375|ReturnOnEquity10,22
115|10.479863284995083|45|0.23288585077766852|1.375|ReturnOnEquity10,22
120|10.497467926988525|63|0.1666264750315639|1.9375|OperatingMarginChange,5
125|10.497467926988525|57|0.18416610398225483|1.75|EarningsPerShareChange,8
130|10.497467926988525|45|0.23327706504418946|1.6923076923076923|EarningsPerShareChange,8
135|10.497467926988525|39|0.26916584428175705|1.4615384615384615|CurrentRatio10,37
140|10.497467926988525|39|0.26916584428175705|1.4615384615384615|CurrentRatio10,37
145|10.497467926988525|39|0.26916584428175705|1.4615384615384615|CurrentRatio10,37
150|10.497467926988525|39|0.26916584428175705|1.4615384615384615|CurrentRatio10,37
155|10.497467926988525|37|0.28371534937806825|1.5|CurrentRatio10,37
160|10.497467926988525|35|0.299927655056815|1.3076923076923077|CurrentRatio10,37
165|10.497467926988525|35|0.299927655056815|1.3076923076923077|CurrentRatio10,37
170|10.497467926988525|35|0.299927655056815|1.3076923076923077|CurrentRatio10,37
175|10.497467926988525|35|0.299927655056815|1.3076923076923077|CurrentRatio10,37
180|10.497467926988525|31|0.3386279976447911|1.25|CurrentRatio10,37
185|10.497467926988525|31|0.3386279976447911|1.25|CurrentRatio10,37
190|10.497467926988525|31|0.3386279976447911|1.25|CurrentRatio10,37
195|10.497467926988525|31|0.3386279976447911|1.25|CurrentRatio10,37
200|10.675161837434425|39|0.2737220983957545|1.3571428571428572|CurrentRatio10,37
205|10.675161837434425|39|0.2737220983957545|1.3571428571428572|CurrentRatio10,37
210|10.675161837434425|39|0.2737220983957545|1.3571428571428572|CurrentRatio10,37
215|10.675161837434425|39|0.2737220983957545|1.3571428571428572|CurrentRatio10,37
220|10.675161837434425|37|0.2885178874982277|1.2857142857142858|ReturnOnInvestedCapitalChange,26
225|10.675161837434425|37|0.2885178874982277|1.2857142857142858|ReturnOnInvestedCapitalChange,26
230|10.675161837434425|37|0.2885178874982277|1.2857142857142858|ReturnOnInvestedCapitalChange,26
235|10.675161837434425|35|0.30500462392669786|1.3076923076923077|EarningsPerShareChange,8
240|10.792392915014753|39|0.2767280234619168|1.1875|ResearchDevelopment10,16
245|10.792392915014753|39|0.2767280234619168|1.1875|ResearchDevelopment10,16
250|10.792392915014753|39|0.2767280234619168|1.1875|ResearchDevelopment10,16
255|10.792392915014753|39|0.2767280234619168|1.1875|ResearchDevelopment10,16
260|10.792392915014753|37|0.2916862950003987|1.125|ResearchDevelopment10,16
265|10.792392915014753|37|0.2916862950003987|1.125|ResearchDevelopment10,16
270|10.792392915014753|37|0.2916862950003987|1.125|ResearchDevelopment10,16
275|10.792392915014753|37|0.2916862950003987|1.125|ResearchDevelopment10,16
280|10.792392915014753|37|0.2916862950003987|1.125|ResearchDevelopment10,16
285|10.792392915014753|33|0.32704220954590163|1.1428571428571428|GrossMargin10,1
290|10.792392915014753|33|0.32704220954590163|1.1428571428571428|GrossMargin10,1
295|10.792392915014753|33|0.32704220954590163|1.1428571428571428|GrossMargin10,1
300|10.792392915014753|33|0.32704220954590163|1.1428571428571428|GrossMargin10,1
305|10.792392915014753|33|0.32704220954590163|1.1428571428571428|GrossMargin10,1
310|10.792392915014753|33|0.32704220954590163|1.1428571428571428|GrossMargin10,1
315|10.792392915014753|33|0.32704220954590163|1.1428571428571428|GrossMargin10,1
320|10.792392915014753|33|0.32704220954590163|1.1428571428571428|GrossMargin10,1
325|10.792392915014753|33|0.32704220954590163|1.1428571428571428|GrossMargin10,1
330|10.792392915014753|33|0.32704220954590163|1.1428571428571428|GrossMargin10,1
335|10.792392915014753|33|0.32704220954590163|1.1428571428571428|GrossMargin10,1
340|10.792392915014753|31|0.3481417069359598|1.25|GrossMargin10,1
345|10.792392915014753|31|0.3481417069359598|1.25|GrossMargin10,1
350|10.792392915014753|31|0.3481417069359598|1.25|GrossMargin10,1
355|10.792392915014753|31|0.3481417069359598|1.25|GrossMargin10,1
360|10.792392915014753|31|0.3481417069359598|1.25|GrossMargin10,1
365|10.792392915014753|29|0.37215147982809493|1.2727272727272727|GrossMargin10,1
370|10.792392915014753|29|0.37215147982809493|1.2727272727272727|GrossMargin10,1
375|10.792392915014753|29|0.37215147982809493|1.2727272727272727|GrossMargin10,1
380|10.792392915014753|29|0.37215147982809493|1.2727272727272727|GrossMargin10,1
385|10.792392915014753|29|0.37215147982809493|1.2727272727272727|GrossMargin10,1
390|10.792392915014753|29|0.37215147982809493|1.2727272727272727|GrossMargin10,1
395|10.792392915014753|29|0.37215147982809493|1.2727272727272727|GrossMargin10,1
400|10.792392915014753|29|0.37215147982809493|1.2727272727272727|GrossMargin10,1
405|10.792392915014753|29|0.37215147982809493|1.2727272727272727|GrossMargin10,1
410|10.792392915014753|29|0.37215147982809493|1.2727272727272727|GrossMargin10,1
415|10.792392915014753|29|0.37215147982809493|1.2727272727272727|GrossMargin10,1
420|10.792392915014753|29|0.37215147982809493|1.2727272727272727|GrossMargin10,1
425|10.792392915014753|29|0.37215147982809493|1.2727272727272727|GrossMargin10,1
430|10.792392915014753|29|0.37215147982809493|1.2727272727272727|GrossMargin10,1
435|10.792392915014753|29|0.37215147982809493|1.2727272727272727|GrossMargin10,1
440|10.792392915014753|29|0.37215147982809493|1.2727272727272727|GrossMargin10,1
445|10.792392915014753|29|0.37215147982809493|1.2727272727272727|GrossMargin10,1
450|10.792392915014753|29|0.37215147982809493|1.2727272727272727|GrossMargin10,1
455|10.792392915014753|29|0.37215147982809493|1.2727272727272727|GrossMargin10,1
460|10.792392915014753|29|0.37215147982809493|1.2727272727272727|GrossMargin10,1
465|10.792392915014753|29|0.37215147982809493|1.2727272727272727|GrossMargin10,1
470|10.792392915014753|29|0.37215147982809493|1.2727272727272727|GrossMargin10,1
475|10.792392915014753|29|0.37215147982809493|1.2727272727272727|GrossMargin10,1
480|10.792392915014753|29|0.37215147982809493|1.2727272727272727|GrossMargin10,1
485|10.792392915014753|29|0.37215147982809493|1.2727272727272727|GrossMargin10,1
490|10.792392915014753|29|0.37215147982809493|1.2727272727272727|GrossMargin10,1
495|10.792392915014753|29|0.37215147982809493|1.2727272727272727|GrossMargin10,1
500|10.792392915014753|27|0.3997182561116575|1.3|GrossMargin10,1
505|10.792392915014753|27|0.3997182561116575|1.3|GrossMargin10,1
510|10.792392915014753|27|0.3997182561116575|1.3|GrossMargin10,1
515|10.792392915014753|27|0.3997182561116575|1.3|GrossMargin10,1
520|10.792392915014753|27|0.3997182561116575|1.3|GrossMargin10,1
525|10.792392915014753|27|0.3997182561116575|1.3|GrossMargin10,1
530|10.792392915014753|27|0.3997182561116575|1.3|GrossMargin10,1
535|10.792392915014753|27|0.3997182561116575|1.3|GrossMargin10,1
540|10.792392915014753|27|0.3997182561116575|1.3|GrossMargin10,1
545|10.792392915014753|27|0.3997182561116575|1.3|GrossMargin10,1
550|10.792392915014753|27|0.3997182561116575|1.3|GrossMargin10,1
555|10.792392915014753|27|0.3997182561116575|1.3|GrossMargin10,1
560|10.792392915014753|27|0.3997182561116575|1.3|GrossMargin10,1
565|10.792392915014753|27|0.3997182561116575|1.3|GrossMargin10,1
570|10.792392915014753|27|0.3997182561116575|1.3|GrossMargin10,1
575|10.792392915014753|27|0.3997182561116575|1.3|GrossMargin10,1
580|10.792392915014753|27|0.3997182561116575|1.3|GrossMargin10,1
585|10.792392915014753|27|0.3997182561116575|1.3|GrossMargin10,1
590|10.792392915014753|27|0.3997182561116575|1.3|GrossMargin10,1
595|10.792392915014753|27|0.3997182561116575|1.3|GrossMargin10,1
600|10.792392915014753|27|0.3997182561116575|1.3|GrossMargin10,1
605|10.792392915014753|27|0.3997182561116575|1.3|GrossMargin10,1
610|10.792392915014753|27|0.3997182561116575|1.3|GrossMargin10,1
615|10.792392915014753|27|0.3997182561116575|1.3|GrossMargin10,1
620|10.792392915014753|27|0.3997182561116575|1.3|GrossMargin10,1
625|10.792392915014753|27|0.3997182561116575|1.3|GrossMargin10,1
630|10.792392915014753|27|0.3997182561116575|1.3|GrossMargin10,1
635|10.792392915014753|27|0.3997182561116575|1.3|GrossMargin10,1
640|10.792392915014753|27|0.3997182561116575|1.3|GrossMargin10,1
645|10.792392915014753|27|0.3997182561116575|1.3|GrossMargin10,1
650|10.792392915014753|27|0.3997182561116575|1.3|GrossMargin10,1
655|10.792392915014753|27|0.3997182561116575|1.3|GrossMargin10,1
660|10.792392915014753|27|0.3997182561116575|1.3|GrossMargin10,1
665|10.792392915014753|27|0.3997182561116575|1.3|GrossMargin10,1
670|10.792392915014753|27|0.3997182561116575|1.3|GrossMargin10,1
675|10.792392915014753|27|0.3997182561116575|1.3|GrossMargin10,1
680|10.792392915014753|27|0.3997182561116575|1.3|GrossMargin10,1
685|10.792392915014753|27|0.3997182561116575|1.3|GrossMargin10,1
690|10.792392915014753|27|0.3997182561116575|1.3|GrossMargin10,1
695|10.792392915014753|27|0.3997182561116575|1.3|GrossMargin10,1
700|10.792392915014753|27|0.3997182561116575|1.3|GrossMargin10,1
705|10.792392915014753|27|0.3997182561116575|1.3|GrossMargin10,1
710|10.792392915014753|27|0.3997182561116575|1.3|GrossMargin10,1
715|10.792392915014753|27|0.3997182561116575|1.3|GrossMargin10,1
720|10.792392915014753|27|0.3997182561116575|1.3|GrossMargin10,1
725|10.792392915014753|27|0.3997182561116575|1.3|GrossMargin10,1
730|10.792392915014753|27|0.3997182561116575|1.3|GrossMargin10,1
735|10.792392915014753|27|0.3997182561116575|1.3|GrossMargin10,1
740|10.792392915014753|27|0.3997182561116575|1.3|GrossMargin10,1
745|10.792392915014753|27|0.3997182561116575|1.3|GrossMargin10,1
750|10.792392915014753|27|0.3997182561116575|1.3|GrossMargin10,1
755|10.792392915014753|27|0.3997182561116575|1.3|GrossMargin10,1
760|10.792392915014753|27|0.3997182561116575|1.3|GrossMargin10,1
765|10.792392915014753|27|0.3997182561116575|1.3|GrossMargin10,1
770|10.792392915014753|27|0.3997182561116575|1.3|GrossMargin10,1
775|10.792392915014753|27|0.3997182561116575|1.3|GrossMargin10,1
780|10.792392915014753|27|0.3997182561116575|1.3|GrossMargin10,1
785|10.792392915014753|27|0.3997182561116575|1.3|GrossMargin10,1
790|10.792392915014753|27|0.3997182561116575|1.3|GrossMargin10,1
795|10.792392915014753|27|0.3997182561116575|1.3|GrossMargin10,1
800|10.792392915014753|27|0.3997182561116575|1.3|GrossMargin10,1
805|10.792392915014753|27|0.3997182561116575|1.3|GrossMargin10,1
810|10.792392915014753|27|0.3997182561116575|1.3|GrossMargin10,1
815|10.792392915014753|27|0.3997182561116575|1.3|GrossMargin10,1
820|10.792392915014753|27|0.3997182561116575|1.3|GrossMargin10,1
825|10.792392915014753|27|0.3997182561116575|1.3|GrossMargin10,1
830|10.792392915014753|27|0.3997182561116575|1.3|GrossMargin10,1
835|10.792392915014753|27|0.3997182561116575|1.3|GrossMargin10,1
840|10.792392915014753|25|0.43169571660059014|1.2|GrossMargin10,1
845|10.792392915014753|25|0.43169571660059014|1.2|GrossMargin10,1
850|10.792392915014753|25|0.43169571660059014|1.2|GrossMargin10,1
855|10.792392915014753|25|0.43169571660059014|1.2|GrossMargin10,1
860|10.792392915014753|25|0.43169571660059014|1.2|GrossMargin10,1
865|10.792392915014753|25|0.43169571660059014|1.2|GrossMargin10,1
870|10.792392915014753|25|0.43169571660059014|1.2|GrossMargin10,1
875|10.792392915014753|25|0.43169571660059014|1.2|GrossMargin10,1
880|10.792392915014753|25|0.43169571660059014|1.2|GrossMargin10,1
885|10.792392915014753|25|0.43169571660059014|1.2|GrossMargin10,1
890|10.792392915014753|25|0.43169571660059014|1.2|GrossMargin10,1
895|10.792392915014753|25|0.43169571660059014|1.2|GrossMargin10,1
900|10.792392915014753|25|0.43169571660059014|1.2|GrossMargin10,1
905|10.792392915014753|25|0.43169571660059014|1.2|GrossMargin10,1
910|10.792392915014753|25|0.43169571660059014|1.2|GrossMargin10,1
915|10.792392915014753|25|0.43169571660059014|1.2|GrossMargin10,1
920|10.792392915014753|25|0.43169571660059014|1.2|GrossMargin10,1
925|10.792392915014753|25|0.43169571660059014|1.2|GrossMargin10,1
930|10.792392915014753|25|0.43169571660059014|1.2|GrossMargin10,1
935|10.792392915014753|25|0.43169571660059014|1.2|GrossMargin10,1
940|10.792392915014753|25|0.43169571660059014|1.2|GrossMargin10,1
945|10.792392915014753|25|0.43169571660059014|1.2|GrossMargin10,1
950|10.792392915014753|25|0.43169571660059014|1.2|GrossMargin10,1
955|10.792392915014753|25|0.43169571660059014|1.2|GrossMargin10,1
960|10.792392915014753|25|0.43169571660059014|1.2|GrossMargin10,1
965|10.792392915014753|25|0.43169571660059014|1.2|GrossMargin10,1
970|10.792392915014753|25|0.43169571660059014|1.2|GrossMargin10,1
975|10.792392915014753|25|0.43169571660059014|1.2|GrossMargin10,1
980|10.792392915014753|25|0.43169571660059014|1.2|GrossMargin10,1
985|10.792392915014753|25|0.43169571660059014|1.2|GrossMargin10,1
990|10.792392915014753|25|0.43169571660059014|1.2|GrossMargin10,1
995|10.792392915014753|25|0.43169571660059014|1.2|GrossMargin10,1
1000|10.792392915014753|25|0.43169571660059014|1.2|GrossMargin10,1
1005|10.792392915014753|25|0.43169571660059014|1.2|GrossMargin10,1
1010|10.792392915014753|25|0.43169571660059014|1.2|GrossMargin10,1
1015|10.792392915014753|25|0.43169571660059014|1.2|GrossMargin10,1
1020|10.792392915014753|25|0.43169571660059014|1.2|GrossMargin10,1
1025|10.792392915014753|25|0.43169571660059014|1.2|GrossMargin10,1
1030|10.792392915014753|25|0.43169571660059014|1.2|GrossMargin10,1
1035|10.792392915014753|25|0.43169571660059014|1.2|GrossMargin10,1
1040|10.792392915014753|25|0.43169571660059014|1.2|GrossMargin10,1
1045|10.792392915014753|25|0.43169571660059014|1.2|GrossMargin10,1
1050|10.792392915014753|25|0.43169571660059014|1.2|GrossMargin10,1
1055|10.792392915014753|25|0.43169571660059014|1.2|GrossMargin10,1
1060|10.792392915014753|25|0.43169571660059014|1.2|GrossMargin10,1
1065|10.792392915014753|25|0.43169571660059014|1.2|GrossMargin10,1
1070|10.792392915014753|25|0.43169571660059014|1.2|GrossMargin10,1
1075|10.792392915014753|25|0.43169571660059014|1.2|GrossMargin10,1
1080|10.792392915014753|25|0.43169571660059014|1.2|GrossMargin10,1
1085|10.792392915014753|25|0.43169571660059014|1.2|GrossMargin10,1
1090|10.792392915014753|25|0.43169571660059014|1.2|GrossMargin10,1
1095|10.792392915014753|25|0.43169571660059014|1.2|GrossMargin10,1
1100|10.792392915014753|25|0.43169571660059014|1.2|GrossMargin10,1
1105|10.792392915014753|25|0.43169571660059014|1.2|GrossMargin10,1
1110|10.792392915014753|25|0.43169571660059014|1.2|GrossMargin10,1
1115|10.792392915014753|25|0.43169571660059014|1.2|GrossMargin10,1
1120|10.792392915014753|25|0.43169571660059014|1.2|GrossMargin10,1
1125|10.792392915014753|25|0.43169571660059014|1.2|GrossMargin10,1
1130|10.792392915014753|25|0.43169571660059014|1.2|GrossMargin10,1
1135|10.792392915014753|25|0.43169571660059014|1.2|GrossMargin10,1
1140|10.792392915014753|25|0.43169571660059014|1.2|GrossMargin10,1
1145|10.792392915014753|25|0.43169571660059014|1.2|GrossMargin10,1
1150|10.792392915014753|25|0.43169571660059014|1.2|GrossMargin10,1
1155|10.792392915014753|25|0.43169571660059014|1.2|GrossMargin10,1
1160|10.792392915014753|25|0.43169571660059014|1.2|GrossMargin10,1
1165|10.792392915014753|25|0.43169571660059014|1.2|GrossMargin10,1
1170|10.792392915014753|25|0.43169571660059014|1.2|GrossMargin10,1
1175|10.792392915014753|25|0.43169571660059014|1.2|GrossMargin10,1
1180|10.792392915014753|25|0.43169571660059014|1.2|GrossMargin10,1
1185|10.792392915014753|25|0.43169571660059014|1.2|GrossMargin10,1
1190|10.792392915014753|25|0.43169571660059014|1.2|GrossMargin10,1
1195|10.792392915014753|25|0.43169571660059014|1.2|GrossMargin10,1
1200|10.792392915014753|25|0.43169571660059014|1.2|GrossMargin10,1
1205|10.792392915014753|25|0.43169571660059014|1.2|GrossMargin10,1
1210|10.792392915014753|25|0.43169571660059014|1.2|GrossMargin10,1
1215|10.792392915014753|25|0.43169571660059014|1.2|GrossMargin10,1
1220|10.792392915014753|25|0.43169571660059014|1.2|GrossMargin10,1
1225|10.792392915014753|25|0.43169571660059014|1.2|GrossMargin10,1
1230|10.792392915014753|25|0.43169571660059014|1.2|GrossMargin10,1
1235|10.792392915014753|25|0.43169571660059014|1.2|GrossMargin10,1
1240|10.792392915014753|25|0.43169571660059014|1.2|GrossMargin10,1
1245|10.792392915014753|25|0.43169571660059014|1.2|GrossMargin10,1
1250|10.792392915014753|25|0.43169571660059014|1.2|GrossMargin10,1
1255|10.792392915014753|25|0.43169571660059014|1.2|GrossMargin10,1
1260|10.792392915014753|25|0.43169571660059014|1.2|GrossMargin10,1
1265|10.792392915014753|25|0.43169571660059014|1.2|GrossMargin10,1
1270|10.792392915014753|25|0.43169571660059014|1.2|GrossMargin10,1
1275|10.792392915014753|25|0.43169571660059014|1.2|GrossMargin10,1
1280|10.792392915014753|25|0.43169571660059014|1.2|GrossMargin10,1
1285|10.792392915014753|25|0.43169571660059014|1.2|GrossMargin10,1
1290|10.792392915014753|25|0.43169571660059014|1.2|GrossMargin10,1
1295|10.792392915014753|25|0.43169571660059014|1.2|GrossMargin10,1
1300|10.792392915014753|25|0.43169571660059014|1.2|GrossMargin10,1
1305|10.792392915014753|25|0.43169571660059014|1.2|GrossMargin10,1
1310|10.792392915014753|25|0.43169571660059014|1.2|GrossMargin10,1
1315|10.792392915014753|25|0.43169571660059014|1.2|GrossMargin10,1
1320|10.792392915014753|25|0.43169571660059014|1.2|GrossMargin10,1
1325|10.792392915014753|25|0.43169571660059014|1.2|GrossMargin10,1
1330|10.792392915014753|25|0.43169571660059014|1.2|GrossMargin10,1
1335|10.792392915014753|25|0.43169571660059014|1.2|GrossMargin10,1
1340|10.792392915014753|25|0.43169571660059014|1.2|GrossMargin10,1
1345|10.792392915014753|25|0.43169571660059014|1.2|GrossMargin10,1
1350|10.792392915014753|25|0.43169571660059014|1.2|GrossMargin10,1
1355|10.792392915014753|25|0.43169571660059014|1.2|GrossMargin10,1
1360|10.792392915014753|25|0.43169571660059014|1.2|GrossMargin10,1
1365|10.792392915014753|25|0.43169571660059014|1.2|GrossMargin10,1
1370|10.792392915014753|25|0.43169571660059014|1.2|GrossMargin10,1
1375|10.792392915014753|25|0.43169571660059014|1.2|GrossMargin10,1
1380|10.792392915014753|25|0.43169571660059014|1.2|GrossMargin10,1
1385|10.792392915014753|25|0.43169571660059014|1.2|GrossMargin10,1
1390|10.792392915014753|25|0.43169571660059014|1.2|GrossMargin10,1
1395|10.792392915014753|25|0.43169571660059014|1.2|GrossMargin10,1
1400|10.792392915014753|25|0.43169571660059014|1.2|GrossMargin10,1
1405|10.792392915014753|25|0.43169571660059014|1.2|GrossMargin10,1
1410|10.792392915014753|25|0.43169571660059014|1.2|GrossMargin10,1
1415|10.792392915014753|23|0.4692344745658588|1.1|ResearchDevelopment10,16
1420|10.792392915014753|23|0.4692344745658588|1.1|ResearchDevelopment10,16
1425|10.792392915014753|23|0.4692344745658588|1.1|ResearchDevelopment10,16
1430|10.792392915014753|23|0.4692344745658588|1.1|ResearchDevelopment10,16
1435|10.792392915014753|23|0.4692344745658588|1.1|ResearchDevelopment10,16
1440|10.792392915014753|23|0.4692344745658588|1.1|ResearchDevelopment10,16
1445|10.792392915014753|23|0.4692344745658588|1.1|ResearchDevelopment10,16
1450|10.792392915014753|23|0.4692344745658588|1.1|ResearchDevelopment10,16
1455|10.792392915014753|23|0.4692344745658588|1.1|ResearchDevelopment10,16
1460|10.792392915014753|23|0.4692344745658588|1.1|ResearchDevelopment10,16
1465|10.792392915014753|23|0.4692344745658588|1.1|ResearchDevelopment10,16
1470|10.792392915014753|23|0.4692344745658588|1.1|ResearchDevelopment10,16
1475|10.792392915014753|23|0.4692344745658588|1.1|ResearchDevelopment10,16
1480|10.7989634331|23|0.4695201492652174|1.1|ResearchDevelopment10,16
1485|10.7989634331|23|0.4695201492652174|1.1|ResearchDevelopment10,16
1490|10.7989634331|23|0.4695201492652174|1.1|ResearchDevelopment10,16
1495|10.7989634331|23|0.4695201492652174|1.1|ResearchDevelopment10,16
1500|10.7989634331|23|0.4695201492652174|1.1|ResearchDevelopment10,16
1505|10.7989634331|23|0.4695201492652174|1.1|ResearchDevelopment10,16
1510|10.7989634331|23|0.4695201492652174|1.1|ResearchDevelopment10,16
1515|10.7989634331|23|0.4695201492652174|1.1|ResearchDevelopment10,16
1520|10.7989634331|23|0.4695201492652174|1.1|ResearchDevelopment10,16
1525|10.7989634331|23|0.4695201492652174|1.1|ResearchDevelopment10,16
1530|10.7989634331|23|0.4695201492652174|1.1|ResearchDevelopment10,16
1535|10.7989634331|23|0.4695201492652174|1.1|ResearchDevelopment10,16
1540|10.7989634331|23|0.4695201492652174|1.1|ResearchDevelopment10,16
1545|10.7989634331|23|0.4695201492652174|1.1|ResearchDevelopment10,16
1550|10.7989634331|23|0.4695201492652174|1.1|ResearchDevelopment10,16
1555|10.7989634331|23|0.4695201492652174|1.1|ResearchDevelopment10,16
1560|10.7989634331|23|0.4695201492652174|1.1|ResearchDevelopment10,16
1565|10.7989634331|23|0.4695201492652174|1.1|ResearchDevelopment10,16
1570|10.7989634331|23|0.4695201492652174|1.1|ResearchDevelopment10,16
1575|10.7989634331|23|0.4695201492652174|1.1|ResearchDevelopment10,16
1580|10.7989634331|23|0.4695201492652174|1.1|ResearchDevelopment10,16
1585|10.7989634331|23|0.4695201492652174|1.1|ResearchDevelopment10,16
1590|10.7989634331|23|0.4695201492652174|1.1|ResearchDevelopment10,16
1595|10.7989634331|23|0.4695201492652174|1.1|ResearchDevelopment10,16
1600|10.7989634331|23|0.4695201492652174|1.1|ResearchDevelopment10,16
1605|10.7989634331|23|0.4695201492652174|1.1|ResearchDevelopment10,16
1610|10.7989634331|23|0.4695201492652174|1.1|ResearchDevelopment10,16
1615|10.7989634331|23|0.4695201492652174|1.1|ResearchDevelopment10,16
1620|10.84154380354918|37|0.2930146973932211|1.5|ResearchDevelopment10,16
1625|10.84154380354918|37|0.2930146973932211|1.5|ResearchDevelopment10,16
1630|10.84154380354918|37|0.2930146973932211|1.5|ResearchDevelopment10,16
1635|10.84154380354918|37|0.2930146973932211|1.5|ResearchDevelopment10,16
1640|10.84154380354918|37|0.2930146973932211|1.5|ResearchDevelopment10,16
1645|10.84154380354918|35|0.30975839438711944|1.4166666666666667|ResearchDevelopment10,16
1650|10.84154380354918|35|0.30975839438711944|1.4166666666666667|ResearchDevelopment10,16
1655|10.84154380354918|35|0.30975839438711944|1.4166666666666667|ResearchDevelopment10,16
1660|10.84154380354918|25|0.4336617521419672|1.2|ResearchDevelopment10,16
1665|10.84154380354918|25|0.4336617521419672|1.2|ResearchDevelopment10,16
1670|10.84154380354918|25|0.4336617521419672|1.2|ResearchDevelopment10,16
1675|10.84154380354918|21|0.5162639906451991|1.1111111111111112|ResearchDevelopment10,16
1680|10.84154380354918|21|0.5162639906451991|1.1111111111111112|ResearchDevelopment10,16
1685|10.84154380354918|21|0.5162639906451991|1.1111111111111112|ResearchDevelopment10,16
1690|10.84154380354918|21|0.5162639906451991|1.1111111111111112|ResearchDevelopment10,16
1695|10.84154380354918|21|0.5162639906451991|1.1111111111111112|ResearchDevelopment10,16
1700|10.84154380354918|21|0.5162639906451991|1.1111111111111112|ResearchDevelopment10,16
1705|10.84154380354918|21|0.5162639906451991|1.1111111111111112|ResearchDevelopment10,16
1710|10.84154380354918|21|0.5162639906451991|1.1111111111111112|ResearchDevelopment10,16
1715|10.84154380354918|21|0.5162639906451991|1.1111111111111112|ResearchDevelopment10,16
1720|10.84154380354918|21|0.5162639906451991|1.1111111111111112|ResearchDevelopment10,16
1725|10.84154380354918|21|0.5162639906451991|1.1111111111111112|ResearchDevelopment10,16
1730|10.84154380354918|21|0.5162639906451991|1.1111111111111112|ResearchDevelopment10,16
1735|10.84154380354918|21|0.5162639906451991|1.1111111111111112|ResearchDevelopment10,16
1740|10.84154380354918|21|0.5162639906451991|1.1111111111111112|ResearchDevelopment10,16
1745|10.84154380354918|21|0.5162639906451991|1.1111111111111112|ResearchDevelopment10,16
1750|10.84154380354918|21|0.5162639906451991|1.1111111111111112|ResearchDevelopment10,16
1755|10.84154380354918|21|0.5162639906451991|1.1111111111111112|ResearchDevelopment10,16
1760|10.84154380354918|21|0.5162639906451991|1.1111111111111112|ResearchDevelopment10,16
1765|10.84154380354918|21|0.5162639906451991|1.1111111111111112|ResearchDevelopment10,16
1770|10.84154380354918|21|0.5162639906451991|1.1111111111111112|ResearchDevelopment10,16
1775|10.84154380354918|21|0.5162639906451991|1.1111111111111112|ResearchDevelopment10,16
1780|10.84154380354918|21|0.5162639906451991|1.1111111111111112|ResearchDevelopment10,16
1785|10.84154380354918|21|0.5162639906451991|1.1111111111111112|ResearchDevelopment10,16
1790|10.84154380354918|21|0.5162639906451991|1.1111111111111112|ResearchDevelopment10,16
1795|10.84154380354918|21|0.5162639906451991|1.1111111111111112|ResearchDevelopment10,16
1800|10.84154380354918|21|0.5162639906451991|1.1111111111111112|ResearchDevelopment10,16
1805|10.84154380354918|21|0.5162639906451991|1.1111111111111112|ResearchDevelopment10,16
1810|10.84154380354918|21|0.5162639906451991|1.1111111111111112|ResearchDevelopment10,16
1815|10.84154380354918|21|0.5162639906451991|1.1111111111111112|ResearchDevelopment10,16
1820|10.84154380354918|21|0.5162639906451991|1.1111111111111112|ResearchDevelopment10,16
1825|10.84154380354918|21|0.5162639906451991|1.1111111111111112|ResearchDevelopment10,16
1830|10.84154380354918|21|0.5162639906451991|1.1111111111111112|ResearchDevelopment10,16
1835|10.84154380354918|21|0.5162639906451991|1.1111111111111112|ResearchDevelopment10,16
1840|10.84154380354918|21|0.5162639906451991|1.1111111111111112|ResearchDevelopment10,16
1845|10.84154380354918|21|0.5162639906451991|1.1111111111111112|ResearchDevelopment10,16
1850|10.84154380354918|21|0.5162639906451991|1.1111111111111112|ResearchDevelopment10,16
1855|10.84154380354918|21|0.5162639906451991|1.1111111111111112|ResearchDevelopment10,16
1860|10.84154380354918|21|0.5162639906451991|1.1111111111111112|ResearchDevelopment10,16
1865|10.84154380354918|21|0.5162639906451991|1.1111111111111112|ResearchDevelopment10,16
1870|10.84154380354918|21|0.5162639906451991|1.1111111111111112|ResearchDevelopment10,16
1875|10.84154380354918|21|0.5162639906451991|1.1111111111111112|ResearchDevelopment10,16
1880|10.84154380354918|21|0.5162639906451991|1.1111111111111112|ResearchDevelopment10,16
1885|10.84154380354918|21|0.5162639906451991|1.1111111111111112|ResearchDevelopment10,16
1890|10.84154380354918|21|0.5162639906451991|1.1111111111111112|ResearchDevelopment10,16
1895|10.84154380354918|21|0.5162639906451991|1.1111111111111112|ResearchDevelopment10,16
1900|10.84154380354918|21|0.5162639906451991|1.1111111111111112|ResearchDevelopment10,16
1905|10.84154380354918|21|0.5162639906451991|1.1111111111111112|ResearchDevelopment10,16
1910|10.84154380354918|21|0.5162639906451991|1.1111111111111112|ResearchDevelopment10,16
1915|10.84154380354918|21|0.5162639906451991|1.1111111111111112|ResearchDevelopment10,16
1920|10.84154380354918|21|0.5162639906451991|1.1111111111111112|ResearchDevelopment10,16
1925|10.84154380354918|21|0.5162639906451991|1.1111111111111112|ResearchDevelopment10,16
1930|10.84154380354918|21|0.5162639906451991|1.1111111111111112|ResearchDevelopment10,16
1935|10.84154380354918|21|0.5162639906451991|1.1111111111111112|ResearchDevelopment10,16
1940|10.84154380354918|21|0.5162639906451991|1.1111111111111112|ResearchDevelopment10,16
1945|10.84154380354918|21|0.5162639906451991|1.1111111111111112|ResearchDevelopment10,16
1950|10.84154380354918|21|0.5162639906451991|1.1111111111111112|ResearchDevelopment10,16
1955|10.84154380354918|21|0.5162639906451991|1.1111111111111112|ResearchDevelopment10,16
1960|10.84154380354918|21|0.5162639906451991|1.1111111111111112|ResearchDevelopment10,16
1965|10.84154380354918|21|0.5162639906451991|1.1111111111111112|ResearchDevelopment10,16
1970|10.84154380354918|21|0.5162639906451991|1.1111111111111112|ResearchDevelopment10,16
1975|10.84154380354918|21|0.5162639906451991|1.1111111111111112|ResearchDevelopment10,16
1980|10.84154380354918|21|0.5162639906451991|1.1111111111111112|ResearchDevelopment10,16
1985|10.84154380354918|21|0.5162639906451991|1.1111111111111112|ResearchDevelopment10,16
1990|10.84154380354918|21|0.5162639906451991|1.1111111111111112|ResearchDevelopment10,16
1995|10.84154380354918|21|0.5162639906451991|1.1111111111111112|ResearchDevelopment10,16
2000|10.84154380354918|21|0.5162639906451991|1.1111111111111112|ResearchDevelopment10,16
