#########################################################
# Algorithm Parameters #
# Generations = 2000
# Population size = 100
# Resolution = 5
#########################################################
# Financial Parameters #
# Quarter = 2
# Crossover probabilities = 0.75 -> 0.25
# Mutation start probabilities = 0.9,0.0,0.6,0.5,0.6,0.9
# Mutation end probabilities = 0.4,0.4,0.1,0.1,0.1,0.4
######################################################### 
0|8.61380606865738|7|1.2305437240939114|1.0|ReturnOnEquity10,22
5|8.833975744919675|13|0.6795365957630519|1.0|GrossMargin10,1
10|10.175679497159022|13|0.7827445767045401|1.0|OperatingMarginChange,5
15|10.334251428611482|15|0.6889500952407654|1.0|OperatingMarginChange,5
20|10.334251428611482|15|0.6889500952407654|1.0|OperatingMarginChange,5
25|10.692390850286891|15|0.7128260566857928|1.75|OperatingMarginChange,5
30|10.692390850286891|15|0.7128260566857928|1.75|OperatingMarginChange,5
35|10.692390850286891|13|0.8224916038682224|1.0|GrossMarginChange,2
40|10.85096278173935|13|0.8346894447491807|1.0|GrossMarginChange,2
45|10.85096278173935|13|0.8346894447491807|1.0|GrossMarginChange,2
50|10.94089711598853|21|0.5209951007613586|2.0|ReturnOnEquityChange,23
55|10.94089711598853|15|0.729393141065902|1.4|ReturnOnEquityChange,23
60|10.94089711598853|15|0.729393141065902|1.4|ReturnOnEquityChange,23
65|10.94089711598853|15|0.729393141065902|1.4|ReturnOnEquityChange,23
70|10.94089711598853|15|0.729393141065902|1.4|ReturnOnEquityChange,23
75|10.94089711598853|15|0.729393141065902|1.4|ReturnOnEquityChange,23
80|10.94089711598853|15|0.729393141065902|1.4|ReturnOnEquityChange,23
85|11.080635030067217|21|0.527649287146058|1.6666666666666667|OperatingMarginChange,5
90|11.091902000942627|31|0.35780329035298797|2.142857142857143|OperatingMarginChange,5
95|11.091902000942627|31|0.35780329035298797|2.142857142857143|OperatingMarginChange,5
100|11.091902000942627|31|0.35780329035298797|2.142857142857143|OperatingMarginChange,5
105|11.091902000942627|27|0.4108111852200973|1.625|OperatingMarginChange,5
110|11.091902000942627|27|0.4108111852200973|1.625|OperatingMarginChange,5
115|11.106650540372135|31|0.3582790496894237|1.875|ReturnOnAssetsChange,20
120|11.106650540372135|31|0.3582790496894237|1.875|ReturnOnAssetsChange,20
125|11.1988115195623|29|0.3861659144676655|1.5555555555555556|OperatingMarginChange,5
130|11.665940043201642|39|0.29912666777440106|1.4615384615384615|OperatingMargin09,3
135|11.665940043201642|39|0.29912666777440106|1.4615384615384615|OperatingMargin09,3
140|11.755360724273773|71|0.16556846090526442|2.5|SGAExpenses10,13
145|11.755360724273773|71|0.16556846090526442|2.5|SGAExpenses10,13
150|11.802950550070493|153|0.07714346764751956|3.4545454545454546|SGAExpenses10,13
155|11.802950550070493|67|0.17616344104582826|1.9411764705882353|SGAExpenses10,13
160|11.802950550070493|67|0.17616344104582826|1.9411764705882353|SGAExpenses10,13
165|11.802950550070493|67|0.17616344104582826|1.9411764705882353|SGAExpenses10,13
170|11.802950550070493|63|0.18734842142969038|1.9375|SGAExpenses10,13
175|11.802950550070493|53|0.2226971801900093|2.0|SGAExpenses10,13
180|11.802950550070493|53|0.2226971801900093|2.0|SGAExpenses10,13
185|11.802950550070493|49|0.24087654183817334|1.8461538461538463|SGAExpenses10,13
190|11.802950550070493|49|0.24087654183817334|1.8461538461538463|SGAExpenses10,13
195|11.802950550070493|47|0.2511266074483084|1.9166666666666667|SGAExpenses10,13
200|11.802950550070493|43|0.27448722209466264|1.9090909090909092|SGAExpenses10,13
205|11.802950550070493|41|0.2878768426846462|2.0|SGAExpenses10,13
210|11.802950550070493|41|0.2878768426846462|2.0|SGAExpenses10,13
215|11.802950550070493|41|0.2878768426846462|2.0|SGAExpenses10,13
220|11.802950550070493|39|0.3026397576941152|1.7272727272727273|SGAExpenses10,13
225|11.802950550070493|39|0.3026397576941152|1.7272727272727273|SGAExpenses10,13
230|11.802950550070493|39|0.3026397576941152|1.7272727272727273|SGAExpenses10,13
235|11.802950550070493|39|0.3026397576941152|1.7272727272727273|SGAExpenses10,13
240|11.802950550070493|37|0.3189986635154187|1.8|SGAExpenses10,13
245|11.802950550070493|37|0.3189986635154187|1.8|SGAExpenses10,13
250|11.802950550070493|35|0.33722715857344265|1.5454545454545454|SGAExpenses10,13
255|11.802950550070493|31|0.3807403403248546|1.5|ReturnOnInvestedCapital09,24
260|11.802950550070493|31|0.3807403403248546|1.5|ReturnOnInvestedCapital09,24
265|11.802950550070493|31|0.3807403403248546|1.5|ReturnOnInvestedCapital09,24
270|11.802950550070493|31|0.3807403403248546|1.5|ReturnOnInvestedCapital09,24
275|11.802950550070493|31|0.3807403403248546|1.5|ReturnOnInvestedCapital09,24
280|11.802950550070493|31|0.3807403403248546|1.5|ReturnOnInvestedCapital09,24
285|11.802950550070493|31|0.3807403403248546|1.5|ReturnOnInvestedCapital09,24
290|11.802950550070493|31|0.3807403403248546|1.5|ReturnOnInvestedCapital09,24
295|11.802950550070493|29|0.406998294830017|1.4|ReturnOnInvestedCapital09,24
300|11.802950550070493|29|0.406998294830017|1.4|ReturnOnInvestedCapital09,24
305|11.802950550070493|29|0.406998294830017|1.4|ReturnOnInvestedCapital09,24
310|11.802950550070493|29|0.406998294830017|1.4|ReturnOnInvestedCapital09,24
315|11.802950550070493|29|0.406998294830017|1.4|ReturnOnInvestedCapital09,24
320|11.802950550070493|29|0.406998294830017|1.4|ReturnOnInvestedCapital09,24
325|12.239444179103279|31|0.3948207799710735|1.5|ReturnOnInvestedCapital09,24
330|12.239444179103279|31|0.3948207799710735|1.5|ReturnOnInvestedCapital09,24
335|12.239444179103279|29|0.4220497992794234|1.5555555555555556|ReturnOnInvestedCapital09,24
340|12.239444179103279|29|0.4220497992794234|1.5555555555555556|ReturnOnInvestedCapital09,24
345|12.239444179103279|29|0.4220497992794234|1.5555555555555556|ReturnOnInvestedCapital09,24
350|12.239444179103279|29|0.4220497992794234|1.5555555555555556|ReturnOnInvestedCapital09,24
355|12.239444179103279|27|0.4533127473741955|1.625|ReturnOnInvestedCapital09,24
360|12.239444179103279|27|0.4533127473741955|1.625|ReturnOnInvestedCapital09,24
365|12.239444179103279|27|0.4533127473741955|1.625|ReturnOnInvestedCapital09,24
370|12.239444179103279|27|0.4533127473741955|1.625|ReturnOnInvestedCapital09,24
375|12.239444179103279|27|0.4533127473741955|1.625|ReturnOnInvestedCapital09,24
380|12.239444179103279|25|0.48957776716413115|1.5|ReturnOnInvestedCapital09,24
385|12.239444179103279|25|0.48957776716413115|1.5|ReturnOnInvestedCapital09,24
390|12.239444179103279|25|0.48957776716413115|1.5|ReturnOnInvestedCapital09,24
395|12.239444179103279|25|0.48957776716413115|1.5|ReturnOnInvestedCapital09,24
400|12.239444179103279|25|0.48957776716413115|1.5|ReturnOnInvestedCapital09,24
405|12.239444179103279|25|0.48957776716413115|1.5|ReturnOnInvestedCapital09,24
410|12.239444179103279|25|0.48957776716413115|1.5|ReturnOnInvestedCapital09,24
415|12.239444179103279|25|0.48957776716413115|1.5|ReturnOnInvestedCapital09,24
420|12.239444179103279|25|0.48957776716413115|1.5|ReturnOnInvestedCapital09,24
425|12.239444179103279|25|0.48957776716413115|1.5|ReturnOnInvestedCapital09,24
430|12.239444179103279|25|0.48957776716413115|1.5|ReturnOnInvestedCapital09,24
435|12.239444179103279|25|0.48957776716413115|1.5|ReturnOnInvestedCapital09,24
440|12.239444179103279|25|0.48957776716413115|1.5|ReturnOnInvestedCapital09,24
445|12.239444179103279|25|0.48957776716413115|1.5|ReturnOnInvestedCapital09,24
450|12.239444179103279|25|0.48957776716413115|1.5|ReturnOnInvestedCapital09,24
455|12.239444179103279|25|0.48957776716413115|1.5|ReturnOnInvestedCapital09,24
460|12.239444179103279|25|0.48957776716413115|1.5|ReturnOnInvestedCapital09,24
465|12.239444179103279|25|0.48957776716413115|1.5|ReturnOnInvestedCapital09,24
470|12.239444179103279|25|0.48957776716413115|1.5|ReturnOnInvestedCapital09,24
475|12.239444179103279|25|0.48957776716413115|1.5|ReturnOnInvestedCapital09,24
480|12.239444179103279|25|0.48957776716413115|1.5|ReturnOnInvestedCapital09,24
485|12.239444179103279|25|0.48957776716413115|1.5|ReturnOnInvestedCapital09,24
490|12.239444179103279|25|0.48957776716413115|1.5|ReturnOnInvestedCapital09,24
495|12.239444179103279|25|0.48957776716413115|1.5|ReturnOnInvestedCapital09,24
500|12.239444179103279|25|0.48957776716413115|1.5|ReturnOnInvestedCapital09,24
505|12.239444179103279|25|0.48957776716413115|1.5|ReturnOnInvestedCapital09,24
510|12.239444179103279|25|0.48957776716413115|1.5|ReturnOnInvestedCapital09,24
515|12.239444179103279|25|0.48957776716413115|1.5|ReturnOnInvestedCapital09,24
520|12.239444179103279|25|0.48957776716413115|1.5|ReturnOnInvestedCapital09,24
525|12.239444179103279|25|0.48957776716413115|1.5|ReturnOnInvestedCapital09,24
530|12.239444179103279|25|0.48957776716413115|1.5|ReturnOnInvestedCapital09,24
535|12.239444179103279|25|0.48957776716413115|1.5|ReturnOnInvestedCapital09,24
540|12.239444179103279|25|0.48957776716413115|1.5|ReturnOnInvestedCapital09,24
545|12.239444179103279|25|0.48957776716413115|1.5|ReturnOnInvestedCapital09,24
550|12.239444179103279|25|0.48957776716413115|1.5|ReturnOnInvestedCapital09,24
555|12.239444179103279|23|0.5321497469175338|1.5714285714285714|ReturnOnInvestedCapital09,24
560|12.239444179103279|23|0.5321497469175338|1.5714285714285714|ReturnOnInvestedCapital09,24
565|12.239444179103279|23|0.5321497469175338|1.5714285714285714|ReturnOnInvestedCapital09,24
570|12.239444179103279|23|0.5321497469175338|1.5714285714285714|ReturnOnInvestedCapital09,24
575|12.239444179103279|23|0.5321497469175338|1.5714285714285714|ReturnOnInvestedCapital09,24
580|12.239444179103279|23|0.5321497469175338|1.5714285714285714|ReturnOnInvestedCapital09,24
585|12.239444179103279|23|0.5321497469175338|1.5714285714285714|ReturnOnInvestedCapital09,24
590|12.239444179103279|23|0.5321497469175338|1.5714285714285714|ReturnOnInvestedCapital09,24
595|12.239444179103279|23|0.5321497469175338|1.5714285714285714|ReturnOnInvestedCapital09,24
600|12.239444179103279|23|0.5321497469175338|1.5714285714285714|ReturnOnInvestedCapital09,24
605|12.239444179103279|23|0.5321497469175338|1.5714285714285714|ReturnOnInvestedCapital09,24
610|12.239444179103279|23|0.5321497469175338|1.5714285714285714|ReturnOnInvestedCapital09,24
615|12.239444179103279|23|0.5321497469175338|1.5714285714285714|ReturnOnInvestedCapital09,24
620|12.239444179103279|21|0.5828306751953942|1.4285714285714286|ReturnOnInvestedCapital09,24
625|12.239444179103279|21|0.5828306751953942|1.4285714285714286|ReturnOnInvestedCapital09,24
630|12.239444179103279|21|0.5828306751953942|1.4285714285714286|ReturnOnInvestedCapital09,24
635|12.239444179103279|21|0.5828306751953942|1.4285714285714286|ReturnOnInvestedCapital09,24
640|12.51943465942787|37|0.33836309890345595|2.25|ReturnOnInvestedCapital09,24
645|12.51943465942787|37|0.33836309890345595|2.25|ReturnOnInvestedCapital09,24
650|12.51943465942787|37|0.33836309890345595|2.25|ReturnOnInvestedCapital09,24
655|12.51943465942787|37|0.33836309890345595|2.25|ReturnOnInvestedCapital09,24
660|12.51943465942787|35|0.35769813312651055|1.8888888888888888|ReturnOnInvestedCapital09,24
665|12.51943465942787|35|0.35769813312651055|1.8888888888888888|ReturnOnInvestedCapital09,24
670|12.51943465942787|35|0.35769813312651055|1.8888888888888888|ReturnOnInvestedCapital09,24
675|12.51943465942787|33|0.37937680786145056|2.0|ReturnOnInvestedCapital09,24
680|12.51943465942787|33|0.37937680786145056|2.0|ReturnOnInvestedCapital09,24
685|12.697624253155738|41|0.3096981525159936|2.5|SGAExpenses10,13
690|12.697624253155738|41|0.3096981525159936|2.5|SGAExpenses10,13
695|12.697624253155738|41|0.3096981525159936|2.5|SGAExpenses10,13
700|12.697624253155738|41|0.3096981525159936|2.5|SGAExpenses10,13
705|12.697624253155738|39|0.32558010905527535|2.111111111111111|SGAExpenses10,13
710|12.697624253155738|35|0.3627892643758782|2.125|SGAExpenses10,13
715|12.697624253155738|35|0.3627892643758782|2.125|SGAExpenses10,13
720|12.697624253155738|35|0.3627892643758782|2.125|SGAExpenses10,13
725|12.697624253155738|35|0.3627892643758782|2.125|SGAExpenses10,13
730|12.697624253155738|33|0.38477649251987084|1.7777777777777777|SGAExpenses10,13
735|12.697624253155738|33|0.38477649251987084|1.7777777777777777|SGAExpenses10,13
740|12.697624253155738|33|0.38477649251987084|1.7777777777777777|SGAExpenses10,13
745|12.697624253155738|33|0.38477649251987084|1.7777777777777777|SGAExpenses10,13
750|12.697624253155738|33|0.38477649251987084|1.7777777777777777|SGAExpenses10,13
755|12.697624253155738|33|0.38477649251987084|1.7777777777777777|SGAExpenses10,13
760|12.697624253155738|31|0.4096007823598625|1.6666666666666667|ReturnOnInvestedCapital09,24
765|12.697624253155738|31|0.4096007823598625|1.6666666666666667|ReturnOnInvestedCapital09,24
770|12.697624253155738|31|0.4096007823598625|1.6666666666666667|ReturnOnInvestedCapital09,24
775|12.697624253155738|31|0.4096007823598625|1.6666666666666667|ReturnOnInvestedCapital09,24
780|12.697624253155738|31|0.4096007823598625|1.6666666666666667|ReturnOnInvestedCapital09,24
785|12.697624253155738|29|0.43784911217778405|1.4|ReturnOnInvestedCapital09,24
790|12.697624253155738|29|0.43784911217778405|1.4|ReturnOnInvestedCapital09,24
795|12.697624253155738|29|0.43784911217778405|1.4|ReturnOnInvestedCapital09,24
800|12.697624253155738|27|0.47028237974650877|1.4444444444444444|ReturnOnInvestedCapital09,24
805|12.697624253155738|27|0.47028237974650877|1.4444444444444444|ReturnOnInvestedCapital09,24
810|12.697624253155738|27|0.47028237974650877|1.4444444444444444|ReturnOnInvestedCapital09,24
815|12.697624253155738|27|0.47028237974650877|1.4444444444444444|ReturnOnInvestedCapital09,24
820|12.697624253155738|27|0.47028237974650877|1.4444444444444444|ReturnOnInvestedCapital09,24
825|12.697624253155738|27|0.47028237974650877|1.4444444444444444|ReturnOnInvestedCapital09,24
830|12.697624253155738|27|0.47028237974650877|1.4444444444444444|ReturnOnInvestedCapital09,24
835|12.697624253155738|27|0.47028237974650877|1.4444444444444444|ReturnOnInvestedCapital09,24
840|12.697624253155738|27|0.47028237974650877|1.4444444444444444|ReturnOnInvestedCapital09,24
845|12.697624253155738|27|0.47028237974650877|1.4444444444444444|ReturnOnInvestedCapital09,24
850|12.697624253155738|27|0.47028237974650877|1.4444444444444444|ReturnOnInvestedCapital09,24
855|12.697624253155738|27|0.47028237974650877|1.4444444444444444|ReturnOnInvestedCapital09,24
860|12.697624253155738|27|0.47028237974650877|1.4444444444444444|ReturnOnInvestedCapital09,24
865|12.697624253155738|27|0.47028237974650877|1.4444444444444444|ReturnOnInvestedCapital09,24
870|12.697624253155738|27|0.47028237974650877|1.4444444444444444|ReturnOnInvestedCapital09,24
875|12.697624253155738|27|0.47028237974650877|1.4444444444444444|ReturnOnInvestedCapital09,24
880|12.697624253155738|27|0.47028237974650877|1.4444444444444444|ReturnOnInvestedCapital09,24
885|12.697624253155738|27|0.47028237974650877|1.4444444444444444|ReturnOnInvestedCapital09,24
890|12.697624253155738|27|0.47028237974650877|1.4444444444444444|ReturnOnInvestedCapital09,24
895|12.697624253155738|27|0.47028237974650877|1.4444444444444444|ReturnOnInvestedCapital09,24
900|12.697624253155738|27|0.47028237974650877|1.4444444444444444|ReturnOnInvestedCapital09,24
905|12.697624253155738|27|0.47028237974650877|1.4444444444444444|ReturnOnInvestedCapital09,24
910|12.697624253155738|27|0.47028237974650877|1.4444444444444444|ReturnOnInvestedCapital09,24
915|12.697624253155738|27|0.47028237974650877|1.4444444444444444|ReturnOnInvestedCapital09,24
920|12.697624253155738|27|0.47028237974650877|1.4444444444444444|ReturnOnInvestedCapital09,24
925|12.697624253155738|27|0.47028237974650877|1.4444444444444444|ReturnOnInvestedCapital09,24
930|12.697624253155738|25|0.5079049701262295|1.5|ReturnOnInvestedCapital09,24
935|12.697624253155738|25|0.5079049701262295|1.5|ReturnOnInvestedCapital09,24
940|12.697624253155738|25|0.5079049701262295|1.5|ReturnOnInvestedCapital09,24
945|12.697624253155738|25|0.5079049701262295|1.5|ReturnOnInvestedCapital09,24
950|12.697624253155738|25|0.5079049701262295|1.5|ReturnOnInvestedCapital09,24
955|12.697624253155738|25|0.5079049701262295|1.5|ReturnOnInvestedCapital09,24
960|12.697624253155738|25|0.5079049701262295|1.5|ReturnOnInvestedCapital09,24
965|12.697624253155738|25|0.5079049701262295|1.5|ReturnOnInvestedCapital09,24
970|12.697624253155738|25|0.5079049701262295|1.5|ReturnOnInvestedCapital09,24
975|12.697624253155738|25|0.5079049701262295|1.5|ReturnOnInvestedCapital09,24
980|12.697624253155738|25|0.5079049701262295|1.5|ReturnOnInvestedCapital09,24
985|12.697624253155738|25|0.5079049701262295|1.5|ReturnOnInvestedCapital09,24
990|12.697624253155738|25|0.5079049701262295|1.5|ReturnOnInvestedCapital09,24
995|12.697624253155738|25|0.5079049701262295|1.5|ReturnOnInvestedCapital09,24
1000|12.697624253155738|25|0.5079049701262295|1.5|ReturnOnInvestedCapital09,24
1005|12.697624253155738|25|0.5079049701262295|1.5|ReturnOnInvestedCapital09,24
1010|12.697624253155738|25|0.5079049701262295|1.5|ReturnOnInvestedCapital09,24
1015|12.697624253155738|25|0.5079049701262295|1.5|ReturnOnInvestedCapital09,24
1020|12.697624253155738|25|0.5079049701262295|1.5|ReturnOnInvestedCapital09,24
1025|12.697624253155738|25|0.5079049701262295|1.5|ReturnOnInvestedCapital09,24
1030|12.697624253155738|25|0.5079049701262295|1.5|ReturnOnInvestedCapital09,24
1035|12.697624253155738|25|0.5079049701262295|1.5|ReturnOnInvestedCapital09,24
1040|12.697624253155738|25|0.5079049701262295|1.5|ReturnOnInvestedCapital09,24
1045|12.697624253155738|25|0.5079049701262295|1.5|ReturnOnInvestedCapital09,24
1050|12.697624253155738|25|0.5079049701262295|1.5|ReturnOnInvestedCapital09,24
1055|12.697624253155738|25|0.5079049701262295|1.5|ReturnOnInvestedCapital09,24
1060|12.697624253155738|25|0.5079049701262295|1.5|ReturnOnInvestedCapital09,24
1065|12.697624253155738|25|0.5079049701262295|1.5|ReturnOnInvestedCapital09,24
1070|12.697624253155738|25|0.5079049701262295|1.5|ReturnOnInvestedCapital09,24
1075|12.697624253155738|25|0.5079049701262295|1.5|ReturnOnInvestedCapital09,24
1080|12.697624253155738|25|0.5079049701262295|1.5|ReturnOnInvestedCapital09,24
1085|12.697624253155738|25|0.5079049701262295|1.5|ReturnOnInvestedCapital09,24
1090|12.697624253155738|25|0.5079049701262295|1.5|ReturnOnInvestedCapital09,24
1095|12.697624253155738|25|0.5079049701262295|1.5|ReturnOnInvestedCapital09,24
1100|12.697624253155738|25|0.5079049701262295|1.5|ReturnOnInvestedCapital09,24
1105|12.697624253155738|25|0.5079049701262295|1.5|ReturnOnInvestedCapital09,24
1110|12.697624253155738|25|0.5079049701262295|1.5|ReturnOnInvestedCapital09,24
1115|12.697624253155738|25|0.5079049701262295|1.5|ReturnOnInvestedCapital09,24
1120|12.697624253155738|25|0.5079049701262295|1.5|ReturnOnInvestedCapital09,24
1125|12.697624253155738|25|0.5079049701262295|1.5|ReturnOnInvestedCapital09,24
1130|12.697624253155738|25|0.5079049701262295|1.5|ReturnOnInvestedCapital09,24
1135|12.697624253155738|25|0.5079049701262295|1.5|ReturnOnInvestedCapital09,24
1140|12.697624253155738|25|0.5079049701262295|1.5|ReturnOnInvestedCapital09,24
1145|12.697624253155738|25|0.5079049701262295|1.5|ReturnOnInvestedCapital09,24
1150|12.697624253155738|25|0.5079049701262295|1.5|ReturnOnInvestedCapital09,24
1155|12.697624253155738|25|0.5079049701262295|1.5|ReturnOnInvestedCapital09,24
1160|12.697624253155738|25|0.5079049701262295|1.5|ReturnOnInvestedCapital09,24
1165|12.697624253155738|25|0.5079049701262295|1.5|ReturnOnInvestedCapital09,24
1170|12.697624253155738|25|0.5079049701262295|1.5|ReturnOnInvestedCapital09,24
1175|12.697624253155738|25|0.5079049701262295|1.5|ReturnOnInvestedCapital09,24
1180|12.697624253155738|25|0.5079049701262295|1.5|ReturnOnInvestedCapital09,24
1185|12.697624253155738|25|0.5079049701262295|1.5|ReturnOnInvestedCapital09,24
1190|12.697624253155738|25|0.5079049701262295|1.5|ReturnOnInvestedCapital09,24
1195|12.697624253155738|25|0.5079049701262295|1.5|ReturnOnInvestedCapital09,24
1200|12.697624253155738|25|0.5079049701262295|1.5|ReturnOnInvestedCapital09,24
1205|12.697624253155738|25|0.5079049701262295|1.5|ReturnOnInvestedCapital09,24
1210|12.697624253155738|25|0.5079049701262295|1.5|ReturnOnInvestedCapital09,24
1215|12.697624253155738|25|0.5079049701262295|1.5|ReturnOnInvestedCapital09,24
1220|12.697624253155738|25|0.5079049701262295|1.5|ReturnOnInvestedCapital09,24
1225|12.697624253155738|25|0.5079049701262295|1.5|ReturnOnInvestedCapital09,24
1230|12.697624253155738|25|0.5079049701262295|1.5|ReturnOnInvestedCapital09,24
1235|12.697624253155738|25|0.5079049701262295|1.5|ReturnOnInvestedCapital09,24
1240|12.697624253155738|25|0.5079049701262295|1.5|ReturnOnInvestedCapital09,24
1245|12.697624253155738|25|0.5079049701262295|1.5|ReturnOnInvestedCapital09,24
1250|12.697624253155738|25|0.5079049701262295|1.5|ReturnOnInvestedCapital09,24
1255|12.697624253155738|25|0.5079049701262295|1.5|ReturnOnInvestedCapital09,24
1260|12.697624253155738|25|0.5079049701262295|1.5|ReturnOnInvestedCapital09,24
1265|12.697624253155738|25|0.5079049701262295|1.5|ReturnOnInvestedCapital09,24
1270|12.697624253155738|25|0.5079049701262295|1.5|ReturnOnInvestedCapital09,24
1275|12.697624253155738|25|0.5079049701262295|1.5|ReturnOnInvestedCapital09,24
1280|12.697624253155738|25|0.5079049701262295|1.5|ReturnOnInvestedCapital09,24
1285|12.697624253155738|25|0.5079049701262295|1.5|ReturnOnInvestedCapital09,24
1290|12.697624253155738|25|0.5079049701262295|1.5|ReturnOnInvestedCapital09,24
1295|12.697624253155738|25|0.5079049701262295|1.5|ReturnOnInvestedCapital09,24
1300|12.697624253155738|25|0.5079049701262295|1.5|ReturnOnInvestedCapital09,24
1305|12.697624253155738|25|0.5079049701262295|1.5|ReturnOnInvestedCapital09,24
1310|12.697624253155738|25|0.5079049701262295|1.5|ReturnOnInvestedCapital09,24
1315|12.697624253155738|25|0.5079049701262295|1.5|ReturnOnInvestedCapital09,24
1320|12.697624253155738|25|0.5079049701262295|1.5|ReturnOnInvestedCapital09,24
1325|12.697624253155738|25|0.5079049701262295|1.5|ReturnOnInvestedCapital09,24
1330|12.697624253155738|25|0.5079049701262295|1.5|ReturnOnInvestedCapital09,24
1335|12.697624253155738|25|0.5079049701262295|1.5|ReturnOnInvestedCapital09,24
1340|12.697624253155738|25|0.5079049701262295|1.5|ReturnOnInvestedCapital09,24
1345|12.697624253155738|25|0.5079049701262295|1.5|ReturnOnInvestedCapital09,24
1350|12.697624253155738|25|0.5079049701262295|1.5|ReturnOnInvestedCapital09,24
1355|12.697624253155738|25|0.5079049701262295|1.5|ReturnOnInvestedCapital09,24
1360|12.697624253155738|25|0.5079049701262295|1.5|ReturnOnInvestedCapital09,24
1365|12.697624253155738|25|0.5079049701262295|1.5|ReturnOnInvestedCapital09,24
1370|12.697624253155738|25|0.5079049701262295|1.5|ReturnOnInvestedCapital09,24
1375|12.697624253155738|25|0.5079049701262295|1.5|ReturnOnInvestedCapital09,24
1380|12.697624253155738|25|0.5079049701262295|1.5|ReturnOnInvestedCapital09,24
1385|12.697624253155738|25|0.5079049701262295|1.5|ReturnOnInvestedCapital09,24
1390|12.697624253155738|25|0.5079049701262295|1.5|ReturnOnInvestedCapital09,24
1395|12.697624253155738|25|0.5079049701262295|1.5|ReturnOnInvestedCapital09,24
1400|12.697624253155738|25|0.5079049701262295|1.5|ReturnOnInvestedCapital09,24
1405|12.697624253155738|25|0.5079049701262295|1.5|ReturnOnInvestedCapital09,24
1410|12.697624253155738|25|0.5079049701262295|1.5|ReturnOnInvestedCapital09,24
1415|12.697624253155738|25|0.5079049701262295|1.5|ReturnOnInvestedCapital09,24
1420|12.697624253155738|25|0.5079049701262295|1.5|ReturnOnInvestedCapital09,24
1425|12.697624253155738|25|0.5079049701262295|1.5|ReturnOnInvestedCapital09,24
1430|12.697624253155738|25|0.5079049701262295|1.5|ReturnOnInvestedCapital09,24
1435|12.697624253155738|25|0.5079049701262295|1.5|ReturnOnInvestedCapital09,24
1440|12.697624253155738|25|0.5079049701262295|1.5|ReturnOnInvestedCapital09,24
1445|12.697624253155738|25|0.5079049701262295|1.5|ReturnOnInvestedCapital09,24
1450|12.697624253155738|25|0.5079049701262295|1.5|ReturnOnInvestedCapital09,24
1455|12.697624253155738|25|0.5079049701262295|1.5|ReturnOnInvestedCapital09,24
1460|12.697624253155738|25|0.5079049701262295|1.5|ReturnOnInvestedCapital09,24
1465|12.697624253155738|25|0.5079049701262295|1.5|ReturnOnInvestedCapital09,24
1470|12.697624253155738|25|0.5079049701262295|1.5|ReturnOnInvestedCapital09,24
1475|12.697624253155738|25|0.5079049701262295|1.5|ReturnOnInvestedCapital09,24
1480|12.697624253155738|25|0.5079049701262295|1.5|ReturnOnInvestedCapital09,24
1485|12.697624253155738|25|0.5079049701262295|1.5|ReturnOnInvestedCapital09,24
1490|12.697624253155738|25|0.5079049701262295|1.5|ReturnOnInvestedCapital09,24
1495|12.697624253155738|25|0.5079049701262295|1.5|ReturnOnInvestedCapital09,24
1500|12.697624253155738|25|0.5079049701262295|1.5|ReturnOnInvestedCapital09,24
1505|12.697624253155738|25|0.5079049701262295|1.5|ReturnOnInvestedCapital09,24
1510|12.697624253155738|25|0.5079049701262295|1.5|ReturnOnInvestedCapital09,24
1515|12.697624253155738|25|0.5079049701262295|1.5|ReturnOnInvestedCapital09,24
1520|12.697624253155738|25|0.5079049701262295|1.5|ReturnOnInvestedCapital09,24
1525|12.697624253155738|25|0.5079049701262295|1.5|ReturnOnInvestedCapital09,24
1530|12.697624253155738|25|0.5079049701262295|1.5|ReturnOnInvestedCapital09,24
1535|12.697624253155738|25|0.5079049701262295|1.5|ReturnOnInvestedCapital09,24
1540|12.697624253155738|25|0.5079049701262295|1.5|ReturnOnInvestedCapital09,24
1545|12.697624253155738|25|0.5079049701262295|1.5|ReturnOnInvestedCapital09,24
1550|12.697624253155738|25|0.5079049701262295|1.5|ReturnOnInvestedCapital09,24
1555|12.697624253155738|25|0.5079049701262295|1.5|ReturnOnInvestedCapital09,24
1560|12.697624253155738|25|0.5079049701262295|1.5|ReturnOnInvestedCapital09,24
1565|12.697624253155738|25|0.5079049701262295|1.5|ReturnOnInvestedCapital09,24
1570|12.697624253155738|25|0.5079049701262295|1.5|ReturnOnInvestedCapital09,24
1575|12.697624253155738|25|0.5079049701262295|1.5|ReturnOnInvestedCapital09,24
1580|12.697624253155738|25|0.5079049701262295|1.5|ReturnOnInvestedCapital09,24
1585|12.697624253155738|25|0.5079049701262295|1.5|ReturnOnInvestedCapital09,24
1590|12.697624253155738|25|0.5079049701262295|1.5|ReturnOnInvestedCapital09,24
1595|12.697624253155738|25|0.5079049701262295|1.5|ReturnOnInvestedCapital09,24
1600|12.697624253155738|25|0.5079049701262295|1.5|ReturnOnInvestedCapital09,24
1605|12.697624253155738|25|0.5079049701262295|1.5|ReturnOnInvestedCapital09,24
1610|12.697624253155738|25|0.5079049701262295|1.5|ReturnOnInvestedCapital09,24
1615|12.697624253155738|25|0.5079049701262295|1.5|ReturnOnInvestedCapital09,24
1620|12.697624253155738|25|0.5079049701262295|1.5|ReturnOnInvestedCapital09,24
1625|12.697624253155738|25|0.5079049701262295|1.5|ReturnOnInvestedCapital09,24
1630|12.697624253155738|25|0.5079049701262295|1.5|ReturnOnInvestedCapital09,24
1635|12.697624253155738|25|0.5079049701262295|1.5|ReturnOnInvestedCapital09,24
1640|12.697624253155738|25|0.5079049701262295|1.5|ReturnOnInvestedCapital09,24
1645|12.697624253155738|25|0.5079049701262295|1.5|ReturnOnInvestedCapital09,24
1650|12.697624253155738|25|0.5079049701262295|1.5|ReturnOnInvestedCapital09,24
1655|12.697624253155738|25|0.5079049701262295|1.5|ReturnOnInvestedCapital09,24
1660|12.697624253155738|25|0.5079049701262295|1.5|ReturnOnInvestedCapital09,24
1665|12.697624253155738|25|0.5079049701262295|1.5|ReturnOnInvestedCapital09,24
1670|12.697624253155738|25|0.5079049701262295|1.5|ReturnOnInvestedCapital09,24
1675|12.697624253155738|25|0.5079049701262295|1.5|ReturnOnInvestedCapital09,24
1680|12.697624253155738|25|0.5079049701262295|1.5|ReturnOnInvestedCapital09,24
1685|12.697624253155738|25|0.5079049701262295|1.5|ReturnOnInvestedCapital09,24
1690|12.697624253155738|25|0.5079049701262295|1.5|ReturnOnInvestedCapital09,24
1695|12.697624253155738|25|0.5079049701262295|1.5|ReturnOnInvestedCapital09,24
1700|12.697624253155738|25|0.5079049701262295|1.5|ReturnOnInvestedCapital09,24
1705|12.697624253155738|25|0.5079049701262295|1.5|ReturnOnInvestedCapital09,24
1710|12.697624253155738|25|0.5079049701262295|1.5|ReturnOnInvestedCapital09,24
1715|12.697624253155738|25|0.5079049701262295|1.5|ReturnOnInvestedCapital09,24
1720|12.697624253155738|25|0.5079049701262295|1.5|ReturnOnInvestedCapital09,24
1725|12.697624253155738|25|0.5079049701262295|1.5|ReturnOnInvestedCapital09,24
1730|12.697624253155738|25|0.5079049701262295|1.5|ReturnOnInvestedCapital09,24
1735|12.697624253155738|25|0.5079049701262295|1.5|ReturnOnInvestedCapital09,24
1740|12.697624253155738|25|0.5079049701262295|1.5|ReturnOnInvestedCapital09,24
1745|12.697624253155738|25|0.5079049701262295|1.5|ReturnOnInvestedCapital09,24
1750|12.697624253155738|25|0.5079049701262295|1.5|ReturnOnInvestedCapital09,24
1755|12.697624253155738|25|0.5079049701262295|1.5|ReturnOnInvestedCapital09,24
1760|12.697624253155738|25|0.5079049701262295|1.5|ReturnOnInvestedCapital09,24
1765|12.697624253155738|25|0.5079049701262295|1.5|ReturnOnInvestedCapital09,24
1770|12.697624253155738|25|0.5079049701262295|1.5|ReturnOnInvestedCapital09,24
1775|12.697624253155738|25|0.5079049701262295|1.5|ReturnOnInvestedCapital09,24
1780|12.697624253155738|25|0.5079049701262295|1.5|ReturnOnInvestedCapital09,24
1785|12.697624253155738|25|0.5079049701262295|1.5|ReturnOnInvestedCapital09,24
1790|12.697624253155738|25|0.5079049701262295|1.5|ReturnOnInvestedCapital09,24
1795|12.697624253155738|25|0.5079049701262295|1.5|ReturnOnInvestedCapital09,24
1800|12.697624253155738|25|0.5079049701262295|1.5|ReturnOnInvestedCapital09,24
1805|12.697624253155738|25|0.5079049701262295|1.5|ReturnOnInvestedCapital09,24
1810|12.697624253155738|25|0.5079049701262295|1.5|ReturnOnInvestedCapital09,24
1815|12.697624253155738|25|0.5079049701262295|1.5|ReturnOnInvestedCapital09,24
1820|12.697624253155738|25|0.5079049701262295|1.5|ReturnOnInvestedCapital09,24
1825|12.697624253155738|25|0.5079049701262295|1.5|ReturnOnInvestedCapital09,24
1830|12.697624253155738|25|0.5079049701262295|1.5|ReturnOnInvestedCapital09,24
1835|12.697624253155738|25|0.5079049701262295|1.5|ReturnOnInvestedCapital09,24
1840|12.697624253155738|25|0.5079049701262295|1.5|ReturnOnInvestedCapital09,24
1845|12.697624253155738|25|0.5079049701262295|1.5|ReturnOnInvestedCapital09,24
1850|12.697624253155738|25|0.5079049701262295|1.5|ReturnOnInvestedCapital09,24
1855|12.697624253155738|25|0.5079049701262295|1.5|ReturnOnInvestedCapital09,24
1860|12.697624253155738|25|0.5079049701262295|1.5|ReturnOnInvestedCapital09,24
1865|12.697624253155738|25|0.5079049701262295|1.5|ReturnOnInvestedCapital09,24
1870|12.697624253155738|25|0.5079049701262295|1.5|ReturnOnInvestedCapital09,24
1875|12.697624253155738|25|0.5079049701262295|1.5|ReturnOnInvestedCapital09,24
1880|12.697624253155738|25|0.5079049701262295|1.5|ReturnOnInvestedCapital09,24
1885|12.697624253155738|25|0.5079049701262295|1.5|ReturnOnInvestedCapital09,24
1890|12.697624253155738|25|0.5079049701262295|1.5|ReturnOnInvestedCapital09,24
1895|12.697624253155738|25|0.5079049701262295|1.5|ReturnOnInvestedCapital09,24
1900|12.697624253155738|25|0.5079049701262295|1.5|ReturnOnInvestedCapital09,24
1905|12.697624253155738|25|0.5079049701262295|1.5|ReturnOnInvestedCapital09,24
1910|12.697624253155738|25|0.5079049701262295|1.5|ReturnOnInvestedCapital09,24
1915|12.697624253155738|25|0.5079049701262295|1.5|ReturnOnInvestedCapital09,24
1920|12.697624253155738|25|0.5079049701262295|1.5|ReturnOnInvestedCapital09,24
1925|12.697624253155738|25|0.5079049701262295|1.5|ReturnOnInvestedCapital09,24
1930|12.697624253155738|25|0.5079049701262295|1.5|ReturnOnInvestedCapital09,24
1935|12.697624253155738|25|0.5079049701262295|1.5|ReturnOnInvestedCapital09,24
1940|12.697624253155738|25|0.5079049701262295|1.5|ReturnOnInvestedCapital09,24
1945|12.697624253155738|25|0.5079049701262295|1.5|ReturnOnInvestedCapital09,24
1950|12.697624253155738|25|0.5079049701262295|1.5|ReturnOnInvestedCapital09,24
1955|12.697624253155738|25|0.5079049701262295|1.5|ReturnOnInvestedCapital09,24
1960|12.697624253155738|25|0.5079049701262295|1.5|ReturnOnInvestedCapital09,24
1965|12.697624253155738|25|0.5079049701262295|1.5|ReturnOnInvestedCapital09,24
1970|12.697624253155738|25|0.5079049701262295|1.5|ReturnOnInvestedCapital09,24
1975|12.697624253155738|25|0.5079049701262295|1.5|ReturnOnInvestedCapital09,24
1980|12.697624253155738|25|0.5079049701262295|1.5|ReturnOnInvestedCapital09,24
1985|12.697624253155738|25|0.5079049701262295|1.5|ReturnOnInvestedCapital09,24
1990|12.697624253155738|25|0.5079049701262295|1.5|ReturnOnInvestedCapital09,24
1995|12.697624253155738|25|0.5079049701262295|1.5|ReturnOnInvestedCapital09,24
2000|12.697624253155738|25|0.5079049701262295|1.5|ReturnOnInvestedCapital09,24
