#########################################################
# Algorithm Parameters #
# Generations = 2000
# Population size = 100
# Resolution = 5
#########################################################
# Financial Parameters #
# Quarter = 2
# Crossover probabilities = 0.75 -> 0.25
# Mutation start probabilities = 0.9,0.0,0.6,0.5,0.6,0.9
# Mutation end probabilities = 0.4,0.4,0.1,0.1,0.1,0.4
######################################################### 
0|8.61380606865738|7|1.2305437240939114|1.0|GrossMargin10,1
5|8.61380606865738|7|1.2305437240939114|1.0|GrossMargin10,1
10|8.61380606865738|7|1.2305437240939114|1.0|GrossMargin10,1
15|9.130517421785253|9|1.0145019357539171|1.0|ReturnOnAssets10,19
20|9.130517421785253|7|1.3043596316836077|1.0|ReturnOnEquity10,22
25|10.210834588424593|21|0.4862302184964092|1.25|ReturnOnEquity09,21
30|10.210834588424593|21|0.4862302184964092|1.25|ReturnOnEquity09,21
35|10.2308598392541|25|0.409234393570164|1.3333333333333333|ResearchDevelopment09,15
40|10.986993401601643|49|0.2242243551347274|2.1818181818181817|ReturnOnEquity09,21
45|10.986993401601643|45|0.24415540892448095|1.6923076923076923|ReturnOnEquity09,21
50|11.034583227398365|49|0.2251955760693544|1.8461538461538463|ReturnOnEquity09,21
55|11.034583227398365|41|0.2691361762780089|1.4285714285714286|ReturnOnEquity09,21
60|11.034583227398365|41|0.2691361762780089|1.4285714285714286|ReturnOnEquity09,21
65|11.034583227398365|39|0.28293803147175295|1.7272727272727273|ReturnOnEquity09,21
70|11.924369098942627|45|0.2649859799765028|1.4666666666666666|TotalCurrentLiabilitiesChange,35
75|11.924369098942627|45|0.2649859799765028|1.4666666666666666|TotalCurrentLiabilitiesChange,35
80|11.924369098942627|45|0.2649859799765028|1.4666666666666666|TotalCurrentLiabilitiesChange,35
85|11.924369098942627|45|0.2649859799765028|1.4666666666666666|TotalCurrentLiabilitiesChange,35
90|11.924369098942627|41|0.2908382707059177|1.6666666666666667|TotalCurrentLiabilitiesChange,35
95|11.924369098942627|39|0.3057530538190417|1.4615384615384615|TotalCurrentLiabilitiesChange,35
100|11.924369098942627|37|0.3222802459173683|1.5|TotalCurrentLiabilitiesChange,35
105|11.924369098942627|37|0.3222802459173683|1.5|TotalCurrentLiabilitiesChange,35
110|11.924369098942627|37|0.3222802459173683|1.5|TotalCurrentLiabilitiesChange,35
115|11.924369098942627|35|0.34069625996978936|1.5454545454545454|TotalCurrentLiabilitiesChange,35
120|11.924369098942627|35|0.34069625996978936|1.5454545454545454|TotalCurrentLiabilitiesChange,35
125|11.988571200962298|43|0.27880398141772783|2.1|TotalCurrentLiabilitiesChange,35
130|11.988571200962298|41|0.2924041756332268|1.8181818181818181|TotalCurrentLiabilitiesChange,35
135|12.03616102675902|49|0.24563593932161265|2.1818181818181817|TotalCurrentLiabilitiesChange,35
140|12.082941030395085|63|0.19179271476817597|2.3846153846153846|TotalCurrentLiabilitiesChange,35
145|12.082941030395085|63|0.19179271476817597|2.3846153846153846|TotalCurrentLiabilitiesChange,35
150|12.21354079832623|67|0.18229165370636163|2.0625|TotalCurrentLiabilitiesChange,35
155|12.261130624122952|69|0.17769754527714424|2.4285714285714284|ReturnOnEquity10,22
160|12.261130624122952|69|0.17769754527714424|2.4285714285714284|ReturnOnEquity10,22
165|12.261130624122952|65|0.1886327788326608|2.6666666666666665|TotalCurrentLiabilitiesChange,35
170|12.261130624122952|63|0.19462112101782464|1.7222222222222223|TotalCurrentLiabilitiesChange,35
175|12.261130624122952|57|0.2151075548091746|1.6470588235294117|TotalCurrentLiabilitiesChange,35
180|12.261130624122952|57|0.2151075548091746|1.6470588235294117|TotalCurrentLiabilitiesChange,35
185|12.261130624122952|57|0.2151075548091746|1.6470588235294117|TotalCurrentLiabilitiesChange,35
190|12.261130624122952|53|0.23134208724760286|1.7333333333333334|ReturnOnAssets10,19
195|12.261130624122952|53|0.23134208724760286|1.7333333333333334|ReturnOnAssets10,19
200|12.261130624122952|53|0.23134208724760286|1.7333333333333334|ReturnOnAssets10,19
205|12.261130624122952|49|0.25022715559434594|1.8461538461538463|TotalCurrentLiabilitiesChange,35
210|12.261130624122952|49|0.25022715559434594|1.8461538461538463|TotalCurrentLiabilitiesChange,35
215|12.261130624122952|49|0.25022715559434594|1.8461538461538463|TotalCurrentLiabilitiesChange,35
220|12.261130624122952|49|0.25022715559434594|1.8461538461538463|TotalCurrentLiabilitiesChange,35
225|12.261130624122952|49|0.25022715559434594|1.8461538461538463|TotalCurrentLiabilitiesChange,35
230|12.261130624122952|43|0.28514257265402215|1.5|TotalCurrentLiabilitiesChange,35
235|12.261130624122952|41|0.2990519664420232|1.5384615384615385|TotalCurrentLiabilitiesChange,35
240|12.261130624122952|39|0.3143879647211013|1.5833333333333333|TotalCurrentLiabilitiesChange,35
245|12.261130624122952|39|0.3143879647211013|1.5833333333333333|TotalCurrentLiabilitiesChange,35
250|12.261130624122952|39|0.3143879647211013|1.5833333333333333|TotalCurrentLiabilitiesChange,35
255|12.261130624122952|39|0.3143879647211013|1.5833333333333333|TotalCurrentLiabilitiesChange,35
260|12.261130624122952|39|0.3143879647211013|1.5833333333333333|TotalCurrentLiabilitiesChange,35
265|12.261130624122952|39|0.3143879647211013|1.5833333333333333|TotalCurrentLiabilitiesChange,35
270|12.261130624122952|39|0.3143879647211013|1.5833333333333333|TotalCurrentLiabilitiesChange,35
275|12.261130624122952|39|0.3143879647211013|1.5833333333333333|TotalCurrentLiabilitiesChange,35
280|12.261130624122952|39|0.3143879647211013|1.5833333333333333|TotalCurrentLiabilitiesChange,35
285|12.261130624122952|37|0.3313819087600798|1.5|TotalCurrentLiabilitiesChange,35
290|12.261130624122952|37|0.3313819087600798|1.5|TotalCurrentLiabilitiesChange,35
295|12.261130624122952|37|0.3313819087600798|1.5|TotalCurrentLiabilitiesChange,35
300|12.264752305424592|41|0.29914030013230714|1.5384615384615385|TotalCurrentLiabilitiesChange,35
305|12.264752305424592|41|0.29914030013230714|1.5384615384615385|TotalCurrentLiabilitiesChange,35
310|12.264752305424592|41|0.29914030013230714|1.5384615384615385|TotalCurrentLiabilitiesChange,35
315|12.343889608644265|43|0.28706720020102944|1.6153846153846154|TotalCurrentLiabilitiesChange,35
320|12.649285515044262|47|0.2691337343626439|1.6428571428571428|TotalCurrentLiabilitiesChange,35
325|12.649285515044262|47|0.2691337343626439|1.6428571428571428|TotalCurrentLiabilitiesChange,35
330|12.649285515044262|45|0.28109523366765027|1.5714285714285714|TotalCurrentLiabilitiesChange,35
335|12.649285515044262|45|0.28109523366765027|1.5714285714285714|TotalCurrentLiabilitiesChange,35
340|12.649285515044262|45|0.28109523366765027|1.5714285714285714|TotalCurrentLiabilitiesChange,35
345|12.649285515044262|45|0.28109523366765027|1.5714285714285714|TotalCurrentLiabilitiesChange,35
350|12.649285515044262|45|0.28109523366765027|1.5714285714285714|TotalCurrentLiabilitiesChange,35
355|12.649285515044262|43|0.29416943058242473|1.4|TotalCurrentLiabilitiesChange,35
360|12.649285515044262|43|0.29416943058242473|1.4|TotalCurrentLiabilitiesChange,35
365|12.649285515044262|43|0.29416943058242473|1.4|TotalCurrentLiabilitiesChange,35
370|12.95528768857869|61|0.2123817653865359|1.875|TotalCurrentLiabilitiesChange,35
375|12.95528768857869|61|0.2123817653865359|1.875|TotalCurrentLiabilitiesChange,35
380|12.95528768857869|59|0.2195811472640456|1.7058823529411764|TotalCurrentLiabilitiesChange,35
385|12.95528768857869|51|0.2540252487956606|1.4705882352941178|TotalCurrentLiabilitiesChange,35
390|12.95528768857869|51|0.2540252487956606|1.4705882352941178|TotalCurrentLiabilitiesChange,35
395|12.95528768857869|51|0.2540252487956606|1.4705882352941178|TotalCurrentLiabilitiesChange,35
400|12.95528768857869|51|0.2540252487956606|1.4705882352941178|TotalCurrentLiabilitiesChange,35
405|12.95528768857869|47|0.27564441890592956|1.3529411764705883|TotalCurrentLiabilitiesChange,35
410|12.95528768857869|47|0.27564441890592956|1.3529411764705883|TotalCurrentLiabilitiesChange,35
415|12.95528768857869|47|0.27564441890592956|1.3529411764705883|TotalCurrentLiabilitiesChange,35
420|12.95528768857869|47|0.27564441890592956|1.3529411764705883|TotalCurrentLiabilitiesChange,35
425|12.95528768857869|47|0.27564441890592956|1.3529411764705883|TotalCurrentLiabilitiesChange,35
430|12.95528768857869|47|0.27564441890592956|1.3529411764705883|TotalCurrentLiabilitiesChange,35
435|12.95528768857869|47|0.27564441890592956|1.3529411764705883|TotalCurrentLiabilitiesChange,35
440|12.984334762995081|51|0.25459479927441336|1.4705882352941178|TotalCurrentLiabilitiesChange,35
445|12.984334762995081|51|0.25459479927441336|1.4705882352941178|TotalCurrentLiabilitiesChange,35
450|12.984334762995081|51|0.25459479927441336|1.4705882352941178|TotalCurrentLiabilitiesChange,35
455|12.984334762995081|51|0.25459479927441336|1.4705882352941178|TotalCurrentLiabilitiesChange,35
460|12.984334762995081|51|0.25459479927441336|1.4705882352941178|TotalCurrentLiabilitiesChange,35
465|12.984334762995081|51|0.25459479927441336|1.4705882352941178|TotalCurrentLiabilitiesChange,35
470|12.984334762995081|51|0.25459479927441336|1.4705882352941178|TotalCurrentLiabilitiesChange,35
475|12.984334762995081|51|0.25459479927441336|1.4705882352941178|TotalCurrentLiabilitiesChange,35
480|12.984334762995081|49|0.26498642373459347|1.411764705882353|TotalCurrentLiabilitiesChange,35
485|12.984334762995081|49|0.26498642373459347|1.411764705882353|TotalCurrentLiabilitiesChange,35
490|12.984334762995081|49|0.26498642373459347|1.411764705882353|TotalCurrentLiabilitiesChange,35
495|12.984334762995081|49|0.26498642373459347|1.411764705882353|TotalCurrentLiabilitiesChange,35
500|12.984334762995081|49|0.26498642373459347|1.411764705882353|TotalCurrentLiabilitiesChange,35
505|12.984334762995081|47|0.2762624417658528|1.5333333333333334|TotalCurrentLiabilitiesChange,35
510|12.984334762995081|47|0.2762624417658528|1.5333333333333334|TotalCurrentLiabilitiesChange,35
515|12.984334762995081|47|0.2762624417658528|1.5333333333333334|TotalCurrentLiabilitiesChange,35
520|12.984334762995081|45|0.2885407725110018|1.2941176470588236|TotalCurrentLiabilitiesChange,35
525|12.984334762995081|45|0.2885407725110018|1.2941176470588236|TotalCurrentLiabilitiesChange,35
530|12.984334762995081|45|0.2885407725110018|1.2941176470588236|TotalCurrentLiabilitiesChange,35
535|12.984334762995081|45|0.2885407725110018|1.2941176470588236|TotalCurrentLiabilitiesChange,35
540|12.984334762995081|45|0.2885407725110018|1.2941176470588236|TotalCurrentLiabilitiesChange,35
545|12.984334762995081|43|0.30196127355802516|1.3125|TotalCurrentLiabilitiesChange,35
550|12.984334762995081|43|0.30196127355802516|1.3125|TotalCurrentLiabilitiesChange,35
555|12.984334762995081|43|0.30196127355802516|1.3125|TotalCurrentLiabilitiesChange,35
560|12.984334762995081|43|0.30196127355802516|1.3125|TotalCurrentLiabilitiesChange,35
565|12.984334762995081|43|0.30196127355802516|1.3125|TotalCurrentLiabilitiesChange,35
570|12.984334762995081|41|0.3166910917803678|1.25|TotalCurrentLiabilitiesChange,35
575|12.984334762995081|41|0.3166910917803678|1.25|TotalCurrentLiabilitiesChange,35
580|12.984334762995081|41|0.3166910917803678|1.25|TotalCurrentLiabilitiesChange,35
585|12.984334762995081|41|0.3166910917803678|1.25|TotalCurrentLiabilitiesChange,35
590|12.984334762995081|41|0.3166910917803678|1.25|TotalCurrentLiabilitiesChange,35
595|12.984334762995081|39|0.3329316605896175|1.3571428571428572|TotalCurrentLiabilitiesChange,35
600|12.984334762995081|39|0.3329316605896175|1.3571428571428572|TotalCurrentLiabilitiesChange,35
605|12.984334762995081|39|0.3329316605896175|1.3571428571428572|TotalCurrentLiabilitiesChange,35
610|12.984334762995081|39|0.3329316605896175|1.3571428571428572|TotalCurrentLiabilitiesChange,35
615|12.984334762995081|39|0.3329316605896175|1.3571428571428572|TotalCurrentLiabilitiesChange,35
620|12.984334762995081|39|0.3329316605896175|1.3571428571428572|TotalCurrentLiabilitiesChange,35
625|12.984334762995081|39|0.3329316605896175|1.3571428571428572|TotalCurrentLiabilitiesChange,35
630|12.984334762995081|39|0.3329316605896175|1.3571428571428572|TotalCurrentLiabilitiesChange,35
635|12.984334762995081|37|0.35092796656743463|1.2857142857142858|TotalCurrentLiabilitiesChange,35
640|12.984334762995081|37|0.35092796656743463|1.2857142857142858|TotalCurrentLiabilitiesChange,35
645|12.984334762995081|37|0.35092796656743463|1.2857142857142858|TotalCurrentLiabilitiesChange,35
650|12.984334762995081|35|0.37098099322843087|1.3076923076923077|BookValuePerShareChange,11
655|12.984334762995081|35|0.37098099322843087|1.3076923076923077|BookValuePerShareChange,11
660|12.984334762995081|35|0.37098099322843087|1.3076923076923077|BookValuePerShareChange,11
665|12.984334762995081|35|0.37098099322843087|1.3076923076923077|BookValuePerShareChange,11
670|12.984334762995081|35|0.37098099322843087|1.3076923076923077|BookValuePerShareChange,11
675|12.990800721339346|51|0.2547215827713597|1.7857142857142858|TotalCurrentLiabilitiesChange,35
680|12.990800721339346|47|0.27640001534764563|1.5333333333333334|TotalCurrentLiabilitiesChange,35
685|12.990800721339346|47|0.27640001534764563|1.5333333333333334|TotalCurrentLiabilitiesChange,35
690|12.990800721339346|47|0.27640001534764563|1.5333333333333334|TotalCurrentLiabilitiesChange,35
695|12.990800721339346|47|0.27640001534764563|1.5333333333333334|TotalCurrentLiabilitiesChange,35
700|12.990800721339346|47|0.27640001534764563|1.5333333333333334|TotalCurrentLiabilitiesChange,35
705|12.990800721339346|47|0.27640001534764563|1.5333333333333334|TotalCurrentLiabilitiesChange,35
710|13.019847795755739|47|0.27701803820756893|1.6428571428571428|TotalCurrentLiabilitiesChange,35
715|13.019847795755739|47|0.27701803820756893|1.6428571428571428|TotalCurrentLiabilitiesChange,35
720|13.019847795755739|47|0.27701803820756893|1.6428571428571428|TotalCurrentLiabilitiesChange,35
725|13.019847795755739|47|0.27701803820756893|1.6428571428571428|TotalCurrentLiabilitiesChange,35
730|13.019847795755739|45|0.2893299510167942|1.6923076923076923|BookValuePerShareChange,11
735|13.456341424788524|61|0.22059576106210696|2.142857142857143|TotalCurrentLiabilitiesChange,35
740|13.456341424788524|61|0.22059576106210696|2.142857142857143|TotalCurrentLiabilitiesChange,35
745|13.456341424788524|61|0.22059576106210696|2.142857142857143|TotalCurrentLiabilitiesChange,35
750|13.456341424788524|61|0.22059576106210696|2.142857142857143|TotalCurrentLiabilitiesChange,35
755|13.456341424788524|61|0.22059576106210696|2.142857142857143|TotalCurrentLiabilitiesChange,35
760|13.456341424788524|61|0.22059576106210696|2.142857142857143|TotalCurrentLiabilitiesChange,35
765|13.456341424788524|55|0.24466075317797317|1.8|TotalCurrentLiabilitiesChange,35
770|13.456341424788524|49|0.2746192127507862|1.8461538461538463|TotalCurrentLiabilitiesChange,35
775|13.456341424788524|49|0.2746192127507862|1.8461538461538463|TotalCurrentLiabilitiesChange,35
780|13.456341424788524|49|0.2746192127507862|1.8461538461538463|TotalCurrentLiabilitiesChange,35
785|13.456341424788524|49|0.2746192127507862|1.8461538461538463|TotalCurrentLiabilitiesChange,35
790|13.456341424788524|49|0.2746192127507862|1.8461538461538463|TotalCurrentLiabilitiesChange,35
795|13.456341424788524|49|0.2746192127507862|1.8461538461538463|TotalCurrentLiabilitiesChange,35
800|13.456341424788524|49|0.2746192127507862|1.8461538461538463|TotalCurrentLiabilitiesChange,35
805|13.456341424788524|49|0.2746192127507862|1.8461538461538463|TotalCurrentLiabilitiesChange,35
810|13.456341424788524|49|0.2746192127507862|1.8461538461538463|TotalCurrentLiabilitiesChange,35
815|13.456341424788524|47|0.2863051366976282|1.7692307692307692|TotalCurrentLiabilitiesChange,35
820|13.456341424788524|47|0.2863051366976282|1.7692307692307692|TotalCurrentLiabilitiesChange,35
825|13.456341424788524|47|0.2863051366976282|1.7692307692307692|TotalCurrentLiabilitiesChange,35
830|13.456341424788524|47|0.2863051366976282|1.7692307692307692|TotalCurrentLiabilitiesChange,35
835|13.456341424788524|45|0.299029809439745|1.6923076923076923|BookValuePerShareChange,11
840|13.456341424788524|45|0.299029809439745|1.6923076923076923|BookValuePerShareChange,11
845|13.456341424788524|45|0.299029809439745|1.6923076923076923|BookValuePerShareChange,11
850|13.456341424788524|45|0.299029809439745|1.6923076923076923|BookValuePerShareChange,11
855|13.456341424788524|45|0.299029809439745|1.6923076923076923|BookValuePerShareChange,11
860|13.456341424788524|45|0.299029809439745|1.6923076923076923|BookValuePerShareChange,11
865|13.456341424788524|45|0.299029809439745|1.6923076923076923|BookValuePerShareChange,11
870|13.456341424788524|45|0.299029809439745|1.6923076923076923|BookValuePerShareChange,11
875|13.456341424788524|43|0.3129381726695006|1.6153846153846154|OperatingMarginChange,5
880|13.456341424788524|43|0.3129381726695006|1.6153846153846154|OperatingMarginChange,5
885|13.574613442070495|75|0.18099484589427328|2.466666666666667|TotalCurrentLiabilitiesChange,35
890|13.574613442070495|73|0.18595360879548622|2.5714285714285716|TotalCurrentLiabilitiesChange,35
895|13.574613442070495|73|0.18595360879548622|2.5714285714285716|TotalCurrentLiabilitiesChange,35
900|13.585880412945903|95|0.14300926750469373|3.357142857142857|TotalCurrentLiabilitiesChange,35
905|13.585880412945903|93|0.14608473562307422|2.875|TotalCurrentLiabilitiesChange,35
910|13.585880412945903|93|0.14608473562307422|2.875|TotalCurrentLiabilitiesChange,35
915|13.585880412945903|93|0.14608473562307422|2.875|TotalCurrentLiabilitiesChange,35
920|13.585880412945903|87|0.15615954497638967|2.5294117647058822|TotalCurrentLiabilitiesChange,35
925|13.585880412945903|73|0.18610795086227264|2.25|TotalCurrentLiabilitiesChange,35
930|13.585880412945903|69|0.19689681757892613|2.125|TotalCurrentLiabilities10,34
935|13.585880412945903|69|0.19689681757892613|2.125|TotalCurrentLiabilities10,34
940|13.585880412945903|67|0.20277433452158064|2.0625|TotalCurrentLiabilitiesChange,35
945|13.585880412945903|67|0.20277433452158064|2.0625|TotalCurrentLiabilitiesChange,35
950|13.585880412945903|67|0.20277433452158064|2.0625|TotalCurrentLiabilitiesChange,35
955|13.585880412945903|67|0.20277433452158064|2.0625|TotalCurrentLiabilitiesChange,35
960|13.585880412945903|65|0.20901354481455234|2.1333333333333333|TotalCurrentLiabilitiesChange,35
965|13.585880412945903|65|0.20901354481455234|2.1333333333333333|TotalCurrentLiabilitiesChange,35
970|13.585880412945903|65|0.20901354481455234|2.1333333333333333|TotalCurrentLiabilitiesChange,35
975|13.585880412945903|65|0.20901354481455234|2.1333333333333333|TotalCurrentLiabilitiesChange,35
980|13.585880412945903|65|0.20901354481455234|2.1333333333333333|TotalCurrentLiabilitiesChange,35
985|13.585880412945903|65|0.20901354481455234|2.1333333333333333|TotalCurrentLiabilitiesChange,35
990|13.585880412945903|65|0.20901354481455234|2.1333333333333333|TotalCurrentLiabilitiesChange,35
995|13.585880412945903|63|0.21564889544358576|2.2142857142857144|ReturnOnEquity10,22
1000|13.585880412945903|63|0.21564889544358576|2.2142857142857144|ReturnOnEquity10,22
1005|13.585880412945903|63|0.21564889544358576|2.2142857142857144|ReturnOnEquity10,22
1010|13.585880412945903|63|0.21564889544358576|2.2142857142857144|ReturnOnEquity10,22
1015|13.585880412945903|63|0.21564889544358576|2.2142857142857144|ReturnOnEquity10,22
1020|13.585880412945903|63|0.21564889544358576|2.2142857142857144|ReturnOnEquity10,22
1025|13.585880412945903|59|0.230269159541456|2.0714285714285716|TotalCurrentLiabilitiesChange,35
1030|13.585880412945903|59|0.230269159541456|2.0714285714285716|TotalCurrentLiabilitiesChange,35
1035|13.585880412945903|59|0.230269159541456|2.0714285714285716|TotalCurrentLiabilitiesChange,35
1040|13.585880412945903|59|0.230269159541456|2.0714285714285716|TotalCurrentLiabilitiesChange,35
1045|13.585880412945903|59|0.230269159541456|2.0714285714285716|TotalCurrentLiabilitiesChange,35
1050|13.585880412945903|59|0.230269159541456|2.0714285714285716|TotalCurrentLiabilitiesChange,35
1055|13.585880412945903|57|0.23834877917448952|2.0|TotalCurrentLiabilitiesChange,35
1060|13.585880412945903|57|0.23834877917448952|2.0|TotalCurrentLiabilitiesChange,35
1065|13.585880412945903|57|0.23834877917448952|2.0|TotalCurrentLiabilitiesChange,35
1070|13.585880412945903|57|0.23834877917448952|2.0|TotalCurrentLiabilitiesChange,35
1075|13.585880412945903|55|0.24701600750810732|1.9285714285714286|TotalCurrentLiabilitiesChange,35
1080|13.585880412945903|55|0.24701600750810732|1.9285714285714286|TotalCurrentLiabilitiesChange,35
1085|13.585880412945903|55|0.24701600750810732|1.9285714285714286|TotalCurrentLiabilitiesChange,35
1090|13.585880412945903|55|0.24701600750810732|1.9285714285714286|TotalCurrentLiabilitiesChange,35
1095|13.585880412945903|55|0.24701600750810732|1.9285714285714286|TotalCurrentLiabilitiesChange,35
1100|13.585880412945903|55|0.24701600750810732|1.9285714285714286|TotalCurrentLiabilitiesChange,35
1105|13.585880412945903|55|0.24701600750810732|1.9285714285714286|TotalCurrentLiabilitiesChange,35
1110|13.585880412945903|51|0.2663898120185471|2.0833333333333335|BookValuePerShareChange,11
1115|13.585880412945903|51|0.2663898120185471|2.0833333333333335|BookValuePerShareChange,11
1120|13.585880412945903|51|0.2663898120185471|2.0833333333333335|BookValuePerShareChange,11
1125|13.585880412945903|51|0.2663898120185471|2.0833333333333335|BookValuePerShareChange,11
1130|13.585880412945903|51|0.2663898120185471|2.0833333333333335|BookValuePerShareChange,11
1135|13.585880412945903|51|0.2663898120185471|2.0833333333333335|BookValuePerShareChange,11
1140|13.585880412945903|51|0.2663898120185471|2.0833333333333335|BookValuePerShareChange,11
1145|13.585880412945903|51|0.2663898120185471|2.0833333333333335|BookValuePerShareChange,11
1150|13.585880412945903|51|0.2663898120185471|2.0833333333333335|BookValuePerShareChange,11
1155|13.585880412945903|51|0.2663898120185471|2.0833333333333335|BookValuePerShareChange,11
1160|13.585880412945903|51|0.2663898120185471|2.0833333333333335|BookValuePerShareChange,11
1165|13.585880412945903|47|0.28906128538182774|1.9166666666666667|TotalCurrentLiabilitiesChange,35
1170|13.585880412945903|47|0.28906128538182774|1.9166666666666667|TotalCurrentLiabilitiesChange,35
1175|13.585880412945903|47|0.28906128538182774|1.9166666666666667|TotalCurrentLiabilitiesChange,35
1180|13.585880412945903|47|0.28906128538182774|1.9166666666666667|TotalCurrentLiabilitiesChange,35
1185|13.585880412945903|47|0.28906128538182774|1.9166666666666667|TotalCurrentLiabilitiesChange,35
1190|13.585880412945903|47|0.28906128538182774|1.9166666666666667|TotalCurrentLiabilitiesChange,35
1195|13.585880412945903|47|0.28906128538182774|1.9166666666666667|TotalCurrentLiabilitiesChange,35
1200|13.585880412945903|47|0.28906128538182774|1.9166666666666667|TotalCurrentLiabilitiesChange,35
1205|13.585880412945903|47|0.28906128538182774|1.9166666666666667|TotalCurrentLiabilitiesChange,35
1210|13.585880412945903|47|0.28906128538182774|1.9166666666666667|TotalCurrentLiabilitiesChange,35
1215|13.585880412945903|47|0.28906128538182774|1.9166666666666667|TotalCurrentLiabilitiesChange,35
1220|13.585880412945903|47|0.28906128538182774|1.9166666666666667|TotalCurrentLiabilitiesChange,35
1225|13.585880412945903|45|0.30190845362102003|2.0|TotalCurrentLiabilitiesChange,35
1230|13.585880412945903|45|0.30190845362102003|2.0|TotalCurrentLiabilitiesChange,35
1235|13.585880412945903|45|0.30190845362102003|2.0|TotalCurrentLiabilitiesChange,35
1240|13.585880412945903|45|0.30190845362102003|2.0|TotalCurrentLiabilitiesChange,35
1245|13.585880412945903|45|0.30190845362102003|2.0|TotalCurrentLiabilitiesChange,35
1250|13.585880412945903|45|0.30190845362102003|2.0|TotalCurrentLiabilitiesChange,35
1255|13.585880412945903|45|0.30190845362102003|2.0|TotalCurrentLiabilitiesChange,35
1260|13.585880412945903|45|0.30190845362102003|2.0|TotalCurrentLiabilitiesChange,35
1265|13.585880412945903|45|0.30190845362102003|2.0|TotalCurrentLiabilitiesChange,35
1270|13.585880412945903|45|0.30190845362102003|2.0|TotalCurrentLiabilitiesChange,35
1275|13.585880412945903|45|0.30190845362102003|2.0|TotalCurrentLiabilitiesChange,35
1280|13.585880412945903|45|0.30190845362102003|2.0|TotalCurrentLiabilitiesChange,35
1285|13.585880412945903|45|0.30190845362102003|2.0|TotalCurrentLiabilitiesChange,35
1290|13.585880412945903|45|0.30190845362102003|2.0|TotalCurrentLiabilitiesChange,35
1295|13.585880412945903|45|0.30190845362102003|2.0|TotalCurrentLiabilitiesChange,35
1300|13.585880412945903|45|0.30190845362102003|2.0|TotalCurrentLiabilitiesChange,35
1305|13.585880412945903|45|0.30190845362102003|2.0|TotalCurrentLiabilitiesChange,35
1310|13.585880412945903|45|0.30190845362102003|2.0|TotalCurrentLiabilitiesChange,35
1315|13.585880412945903|45|0.30190845362102003|2.0|TotalCurrentLiabilitiesChange,35
1320|13.585880412945903|43|0.3159507072778117|2.1|TotalCurrentLiabilitiesChange,35
1325|13.686560740932787|51|0.2683639360967213|2.0833333333333335|TotalCurrentLiabilitiesChange,35
1330|13.686560740932787|51|0.2683639360967213|2.0833333333333335|TotalCurrentLiabilitiesChange,35
1335|13.686560740932787|51|0.2683639360967213|2.0833333333333335|TotalCurrentLiabilitiesChange,35
1340|13.686560740932787|51|0.2683639360967213|2.0833333333333335|TotalCurrentLiabilitiesChange,35
1345|13.686560740932787|51|0.2683639360967213|2.0833333333333335|TotalCurrentLiabilitiesChange,35
1350|13.686560740932787|49|0.27931756614148545|1.8461538461538463|TotalCurrentLiabilitiesChange,35
1355|13.686560740932787|49|0.27931756614148545|1.8461538461538463|TotalCurrentLiabilitiesChange,35
1360|13.686560740932787|49|0.27931756614148545|1.8461538461538463|TotalCurrentLiabilitiesChange,35
1365|13.686560740932787|49|0.27931756614148545|1.8461538461538463|TotalCurrentLiabilitiesChange,35
1370|13.686560740932787|49|0.27931756614148545|1.8461538461538463|TotalCurrentLiabilitiesChange,35
1375|13.686560740932787|49|0.27931756614148545|1.8461538461538463|TotalCurrentLiabilitiesChange,35
1380|13.686560740932787|47|0.29120342001984656|1.9166666666666667|BookValuePerShareChange,11
1385|13.686560740932787|47|0.29120342001984656|1.9166666666666667|BookValuePerShareChange,11
1390|13.686560740932787|47|0.29120342001984656|1.9166666666666667|BookValuePerShareChange,11
1395|13.686560740932787|47|0.29120342001984656|1.9166666666666667|BookValuePerShareChange,11
1400|13.722073773693443|59|0.23257752158802447|2.230769230769231|TotalCurrentLiabilitiesChange,35
1405|13.722073773693443|59|0.23257752158802447|2.230769230769231|TotalCurrentLiabilitiesChange,35
1410|13.722073773693443|59|0.23257752158802447|2.230769230769231|TotalCurrentLiabilitiesChange,35
1415|13.722073773693443|59|0.23257752158802447|2.230769230769231|TotalCurrentLiabilitiesChange,35
1420|13.722073773693443|57|0.24073813638058672|2.0|TotalCurrentLiabilitiesChange,35
1425|13.722073773693443|57|0.24073813638058672|2.0|TotalCurrentLiabilitiesChange,35
1430|13.722073773693443|55|0.24949225043078987|1.9285714285714286|TotalCurrentLiabilitiesChange,35
1435|13.722073773693443|55|0.24949225043078987|1.9285714285714286|TotalCurrentLiabilitiesChange,35
1440|13.722073773693443|49|0.2800423219121111|1.8461538461538463|TotalCurrentLiabilitiesChange,35
1445|13.722073773693443|49|0.2800423219121111|1.8461538461538463|TotalCurrentLiabilitiesChange,35
1450|13.722073773693443|47|0.29195901646156264|1.7692307692307692|TotalCurrentLiabilitiesChange,35
1455|13.722073773693443|47|0.29195901646156264|1.7692307692307692|TotalCurrentLiabilitiesChange,35
1460|13.722073773693443|47|0.29195901646156264|1.7692307692307692|TotalCurrentLiabilitiesChange,35
1465|13.722073773693443|47|0.29195901646156264|1.7692307692307692|TotalCurrentLiabilitiesChange,35
1470|13.722073773693443|47|0.29195901646156264|1.7692307692307692|TotalCurrentLiabilitiesChange,35
1475|13.722073773693443|47|0.29195901646156264|1.7692307692307692|TotalCurrentLiabilitiesChange,35
1480|13.722073773693443|47|0.29195901646156264|1.7692307692307692|TotalCurrentLiabilitiesChange,35
1485|13.722073773693443|47|0.29195901646156264|1.7692307692307692|TotalCurrentLiabilitiesChange,35
1490|13.722073773693443|47|0.29195901646156264|1.7692307692307692|TotalCurrentLiabilitiesChange,35
1495|13.722073773693443|47|0.29195901646156264|1.7692307692307692|TotalCurrentLiabilitiesChange,35
1500|13.722073773693443|47|0.29195901646156264|1.7692307692307692|TotalCurrentLiabilitiesChange,35
1505|13.722073773693443|47|0.29195901646156264|1.7692307692307692|TotalCurrentLiabilitiesChange,35
1510|13.722073773693443|45|0.3049349727487432|1.6923076923076923|TotalCurrentLiabilitiesChange,35
1515|13.722073773693443|45|0.3049349727487432|1.6923076923076923|TotalCurrentLiabilitiesChange,35
1520|13.722073773693443|43|0.3191179947370568|1.9090909090909092|TotalCurrentLiabilitiesChange,35
1525|13.722073773693443|43|0.3191179947370568|1.9090909090909092|TotalCurrentLiabilitiesChange,35
1530|13.722073773693443|43|0.3191179947370568|1.9090909090909092|TotalCurrentLiabilitiesChange,35
1535|13.722073773693443|43|0.3191179947370568|1.9090909090909092|TotalCurrentLiabilitiesChange,35
1540|13.722073773693443|43|0.3191179947370568|1.9090909090909092|TotalCurrentLiabilitiesChange,35
1545|13.722073773693443|43|0.3191179947370568|1.9090909090909092|TotalCurrentLiabilitiesChange,35
1550|13.722073773693443|41|0.33468472618764494|1.8181818181818181|TotalCurrentLiabilitiesChange,35
1555|13.722073773693443|41|0.33468472618764494|1.8181818181818181|TotalCurrentLiabilitiesChange,35
1560|13.722073773693443|41|0.33468472618764494|1.8181818181818181|TotalCurrentLiabilitiesChange,35
1565|13.722073773693443|41|0.33468472618764494|1.8181818181818181|TotalCurrentLiabilitiesChange,35
1570|13.722073773693443|41|0.33468472618764494|1.8181818181818181|TotalCurrentLiabilitiesChange,35
1575|13.722073773693443|41|0.33468472618764494|1.8181818181818181|TotalCurrentLiabilitiesChange,35
1580|13.722073773693443|41|0.33468472618764494|1.8181818181818181|TotalCurrentLiabilitiesChange,35
1585|13.722073773693443|41|0.33468472618764494|1.8181818181818181|TotalCurrentLiabilitiesChange,35
1590|13.722073773693443|41|0.33468472618764494|1.8181818181818181|TotalCurrentLiabilitiesChange,35
1595|13.722073773693443|41|0.33468472618764494|1.8181818181818181|TotalCurrentLiabilitiesChange,35
1600|13.722073773693443|41|0.33468472618764494|1.8181818181818181|TotalCurrentLiabilitiesChange,35
1605|13.722073773693443|39|0.3518480454793191|1.9|ReturnOnAssetsChange,20
1610|13.722073773693443|39|0.3518480454793191|1.9|ReturnOnAssetsChange,20
1615|13.722073773693443|39|0.3518480454793191|1.9|ReturnOnAssetsChange,20
1620|13.722073773693443|39|0.3518480454793191|1.9|ReturnOnAssetsChange,20
1625|13.722073773693443|39|0.3518480454793191|1.9|ReturnOnAssetsChange,20
1630|13.722073773693443|39|0.3518480454793191|1.9|ReturnOnAssetsChange,20
1635|13.722073773693443|39|0.3518480454793191|1.9|ReturnOnAssetsChange,20
1640|13.722073773693443|39|0.3518480454793191|1.9|ReturnOnAssetsChange,20
1645|13.722073773693443|39|0.3518480454793191|1.9|ReturnOnAssetsChange,20
1650|13.722073773693443|39|0.3518480454793191|1.9|ReturnOnAssetsChange,20
1655|13.722073773693443|39|0.3518480454793191|1.9|ReturnOnAssetsChange,20
1660|13.722073773693443|39|0.3518480454793191|1.9|ReturnOnAssetsChange,20
1665|13.722073773693443|39|0.3518480454793191|1.9|ReturnOnAssetsChange,20
1670|13.722073773693443|39|0.3518480454793191|1.9|ReturnOnAssetsChange,20
1675|13.722073773693443|39|0.3518480454793191|1.9|ReturnOnAssetsChange,20
1680|13.722073773693443|39|0.3518480454793191|1.9|ReturnOnAssetsChange,20
1685|13.722073773693443|39|0.3518480454793191|1.9|ReturnOnAssetsChange,20
1690|13.722073773693443|39|0.3518480454793191|1.9|ReturnOnAssetsChange,20
1695|13.722073773693443|39|0.3518480454793191|1.9|ReturnOnAssetsChange,20
1700|13.722073773693443|39|0.3518480454793191|1.9|ReturnOnAssetsChange,20
1705|13.722073773693443|37|0.3708668587484715|1.8|ReturnOnAssetsChange,20
1710|13.722073773693443|37|0.3708668587484715|1.8|ReturnOnAssetsChange,20
1715|13.722073773693443|37|0.3708668587484715|1.8|ReturnOnAssetsChange,20
1720|13.722073773693443|37|0.3708668587484715|1.8|ReturnOnAssetsChange,20
1725|13.722073773693443|37|0.3708668587484715|1.8|ReturnOnAssetsChange,20
1730|13.722073773693443|37|0.3708668587484715|1.8|ReturnOnAssetsChange,20
1735|13.722073773693443|37|0.3708668587484715|1.8|ReturnOnAssetsChange,20
1740|13.722073773693443|37|0.3708668587484715|1.8|ReturnOnAssetsChange,20
1745|13.722073773693443|37|0.3708668587484715|1.8|ReturnOnAssetsChange,20
1750|13.722073773693443|37|0.3708668587484715|1.8|ReturnOnAssetsChange,20
1755|13.722073773693443|37|0.3708668587484715|1.8|ReturnOnAssetsChange,20
1760|13.722073773693443|37|0.3708668587484715|1.8|ReturnOnAssetsChange,20
1765|13.722073773693443|37|0.3708668587484715|1.8|ReturnOnAssetsChange,20
1770|13.722073773693443|37|0.3708668587484715|1.8|ReturnOnAssetsChange,20
1775|13.722073773693443|37|0.3708668587484715|1.8|ReturnOnAssetsChange,20
1780|13.722073773693443|37|0.3708668587484715|1.8|ReturnOnAssetsChange,20
1785|13.722073773693443|37|0.3708668587484715|1.8|ReturnOnAssetsChange,20
1790|13.722073773693443|37|0.3708668587484715|1.8|ReturnOnAssetsChange,20
1795|13.722073773693443|37|0.3708668587484715|1.8|ReturnOnAssetsChange,20
1800|13.722073773693443|37|0.3708668587484715|1.8|ReturnOnAssetsChange,20
1805|13.722073773693443|37|0.3708668587484715|1.8|ReturnOnAssetsChange,20
1810|13.722073773693443|37|0.3708668587484715|1.8|ReturnOnAssetsChange,20
1815|13.722073773693443|37|0.3708668587484715|1.8|ReturnOnAssetsChange,20
1820|13.722073773693443|37|0.3708668587484715|1.8|ReturnOnAssetsChange,20
1825|13.722073773693443|37|0.3708668587484715|1.8|ReturnOnAssetsChange,20
1830|13.722073773693443|37|0.3708668587484715|1.8|ReturnOnAssetsChange,20
1835|13.722073773693443|37|0.3708668587484715|1.8|ReturnOnAssetsChange,20
1840|13.722073773693443|37|0.3708668587484715|1.8|ReturnOnAssetsChange,20
1845|13.722073773693443|37|0.3708668587484715|1.8|ReturnOnAssetsChange,20
1850|13.722073773693443|37|0.3708668587484715|1.8|ReturnOnAssetsChange,20
1855|13.722073773693443|37|0.3708668587484715|1.8|ReturnOnAssetsChange,20
1860|13.722073773693443|37|0.3708668587484715|1.8|ReturnOnAssetsChange,20
1865|13.722073773693443|37|0.3708668587484715|1.8|ReturnOnAssetsChange,20
1870|13.722073773693443|37|0.3708668587484715|1.8|ReturnOnAssetsChange,20
1875|13.722073773693443|37|0.3708668587484715|1.8|ReturnOnAssetsChange,20
1880|13.722073773693443|37|0.3708668587484715|1.8|ReturnOnAssetsChange,20
1885|13.722073773693443|37|0.3708668587484715|1.8|ReturnOnAssetsChange,20
1890|13.722073773693443|37|0.3708668587484715|1.8|ReturnOnAssetsChange,20
1895|13.722073773693443|37|0.3708668587484715|1.8|ReturnOnAssetsChange,20
1900|13.722073773693443|37|0.3708668587484715|1.8|ReturnOnAssetsChange,20
1905|13.722073773693443|37|0.3708668587484715|1.8|ReturnOnAssetsChange,20
1910|13.722073773693443|37|0.3708668587484715|1.8|ReturnOnAssetsChange,20
1915|13.722073773693443|37|0.3708668587484715|1.8|ReturnOnAssetsChange,20
1920|13.722073773693443|37|0.3708668587484715|1.8|ReturnOnAssetsChange,20
1925|13.722073773693443|37|0.3708668587484715|1.8|ReturnOnAssetsChange,20
1930|13.722073773693443|37|0.3708668587484715|1.8|ReturnOnAssetsChange,20
1935|13.722073773693443|37|0.3708668587484715|1.8|ReturnOnAssetsChange,20
1940|13.722073773693443|37|0.3708668587484715|1.8|ReturnOnAssetsChange,20
1945|13.722073773693443|37|0.3708668587484715|1.8|ReturnOnAssetsChange,20
1950|13.722073773693443|37|0.3708668587484715|1.8|ReturnOnAssetsChange,20
1955|13.722073773693443|37|0.3708668587484715|1.8|ReturnOnAssetsChange,20
1960|13.722073773693443|37|0.3708668587484715|1.8|ReturnOnAssetsChange,20
1965|13.722073773693443|37|0.3708668587484715|1.8|ReturnOnAssetsChange,20
1970|13.722073773693443|37|0.3708668587484715|1.8|ReturnOnAssetsChange,20
1975|13.722073773693443|37|0.3708668587484715|1.8|ReturnOnAssetsChange,20
1980|13.722073773693443|37|0.3708668587484715|1.8|ReturnOnAssetsChange,20
1985|13.722073773693443|37|0.3708668587484715|1.8|ReturnOnAssetsChange,20
1990|13.722073773693443|37|0.3708668587484715|1.8|ReturnOnAssetsChange,20
1995|13.722073773693443|37|0.3708668587484715|1.8|ReturnOnAssetsChange,20
2000|13.722073773693443|37|0.3708668587484715|1.8|ReturnOnAssetsChange,20
