#########################################################
# Algorithm Parameters #
# Generations = 2000
# Population size = 100
# Resolution = 5
#########################################################
# Financial Parameters #
# Quarter = 2
# Crossover probabilities = 0.75 -> 0.25
# Mutation start probabilities = 0.9,0.0,0.6,0.5,0.6,0.9
# Mutation end probabilities = 0.4,0.4,0.1,0.1,0.1,0.4
######################################################### 
0|7.484939720254098|9|0.831659968917122|1.0|GrossMargin09,0
5|8.161782691693444|7|1.1659689559562063|1.0|BookValuePerShare09,9
10|8.161782691693444|7|1.1659689559562063|1.0|BookValuePerShare09,9
15|8.62507303953279|9|0.9583414488369767|1.0|EarningsPerShareChange,8
20|9.14178439266066|13|0.70321418405082|1.2|ReturnOnEquity09,21
25|9.14178439266066|11|0.8310713084236965|1.25|ReturnOnEquity09,21
30|9.14178439266066|11|0.8310713084236965|1.25|ReturnOnEquity09,21
35|9.18239573578525|15|0.6121597157190166|1.75|ReturnOnEquity09,21
40|9.18239573578525|15|0.6121597157190166|1.75|ReturnOnEquity09,21
45|9.18239573578525|15|0.6121597157190166|1.75|ReturnOnEquity09,21
50|9.41794377103443|15|0.627862918068962|1.4|ReturnOnEquity09,21
55|9.869722925591809|17|0.5805719367995181|2.0|ReturnOnEquity09,21
60|9.869722925591809|17|0.5805719367995181|2.0|ReturnOnEquity09,21
65|9.869722925591809|15|0.6579815283727872|1.75|ReturnOnEquity09,21
70|9.869722925591809|13|0.7592094558147545|1.2|ReturnOnEquity09,21
75|10.047912519319679|19|0.5288375010168253|1.8|ReturnOnEquity09,21
80|10.047912519319679|19|0.5288375010168253|1.8|ReturnOnEquity09,21
85|10.047912519319679|17|0.59105367760704|1.1428571428571428|ReturnOnEquity09,21
90|10.047912519319679|17|0.59105367760704|1.1428571428571428|ReturnOnEquity09,21
95|10.047912519319679|17|0.59105367760704|1.1428571428571428|ReturnOnEquity09,21
100|10.047912519319679|17|0.59105367760704|1.1428571428571428|ReturnOnEquity09,21
105|10.047912519319679|15|0.669860834621312|1.4|GrossMarginChange,2
110|10.277584767647541|21|0.4894087984594067|1.4285714285714286|GrossMarginChange,2
115|10.277584767647541|21|0.4894087984594067|1.4285714285714286|GrossMarginChange,2
120|10.277584767647541|21|0.4894087984594067|1.4285714285714286|GrossMarginChange,2
125|10.327902999644268|31|0.33315816127884734|1.6666666666666667|ReturnOnEquity09,21
130|10.327902999644268|31|0.33315816127884734|1.6666666666666667|ReturnOnEquity09,21
135|10.327902999644268|31|0.33315816127884734|1.6666666666666667|ReturnOnEquity09,21
140|10.327902999644268|31|0.33315816127884734|1.6666666666666667|ReturnOnEquity09,21
145|10.327902999644268|29|0.3561345861946299|1.5555555555555556|ReturnOnEquity09,21
150|10.81390454034262|37|0.29226769027953026|2.0|GrossMarginChange,2
155|10.81390454034262|37|0.29226769027953026|2.0|GrossMarginChange,2
160|10.81390454034262|37|0.29226769027953026|2.0|GrossMarginChange,2
165|11.042355095604917|75|0.14723140127473222|2.642857142857143|ReturnOnEquityChange,23
170|11.042355095604917|45|0.24538566879122037|1.8333333333333333|GrossMarginChange,2
175|11.07140217002131|61|0.18149839622985753|2.0|ReturnOnEquityChange,23
180|11.118270132624591|47|0.23655893899201258|1.7692307692307692|GrossMarginChange,2
185|11.2955943920541|71|0.15909287876132536|2.1875|ReturnOnEquityChange,23
190|11.2955943920541|69|0.16370426655150871|2.4285714285714284|ReturnOnEquityChange,23
195|11.2955943920541|63|0.17929514908022381|1.8235294117647058|ReturnOnEquityChange,23
200|11.2955943920541|57|0.1981683226676158|1.75|ReturnOnEquityChange,23
205|11.2955943920541|47|0.24033179557561915|1.6428571428571428|ReturnOnEquity09,21
210|11.2955943920541|43|0.2626882416756768|1.75|ReturnOnEquityChange,23
215|11.2955943920541|41|0.275502302245222|1.5384615384615385|GrossMarginChange,2
220|11.2955943920541|39|0.28963062543728463|1.7272727272727273|ReturnOnEquity09,21
225|11.2955943920541|35|0.32273126834440286|1.7|GrossMarginChange,2
230|11.2955943920541|35|0.32273126834440286|1.7|GrossMarginChange,2
235|11.632437969588524|39|0.2982676402458596|1.7272727272727273|ReturnOnEquityChange,23
240|11.632437969588524|37|0.31439021539428447|2.0|ReturnOnEquityChange,23
245|11.632437969588524|33|0.3524981202905613|1.6|GrossMarginChange,2
250|11.632437969588524|29|0.40111855067546637|1.5555555555555556|GrossMarginChange,2
255|11.632437969588524|29|0.40111855067546637|1.5555555555555556|GrossMarginChange,2
260|11.632437969588524|27|0.4308310359106861|1.4444444444444444|ReturnOnAssetsChange,20
265|11.632437969588524|27|0.4308310359106861|1.4444444444444444|ReturnOnAssetsChange,20
270|11.632437969588524|27|0.4308310359106861|1.4444444444444444|ReturnOnAssetsChange,20
275|11.632437969588524|27|0.4308310359106861|1.4444444444444444|ReturnOnAssetsChange,20
280|11.912428449913115|29|0.4107733948245902|1.4|ReturnOnAssetsChange,20
285|11.912428449913115|29|0.4107733948245902|1.4|ReturnOnAssetsChange,20
290|11.912428449913115|29|0.4107733948245902|1.4|ReturnOnAssetsChange,20
295|11.912428449913115|29|0.4107733948245902|1.4|ReturnOnAssetsChange,20
300|11.912428449913115|29|0.4107733948245902|1.4|ReturnOnAssetsChange,20
305|11.912428449913115|29|0.4107733948245902|1.4|ReturnOnAssetsChange,20
310|11.912428449913115|29|0.4107733948245902|1.4|ReturnOnAssetsChange,20
315|11.912428449913115|27|0.44120105370048573|1.4444444444444444|ReturnOnAssetsChange,20
320|12.035487348604919|35|0.3438710671029977|1.4166666666666667|ReturnOnAssetsChange,20
325|12.035487348604919|31|0.38824152737435225|1.25|ReturnOnAssetsChange,20
330|12.035487348604919|31|0.38824152737435225|1.25|ReturnOnAssetsChange,20
335|12.035487348604919|29|0.41501680512430755|1.2727272727272727|ReturnOnAssetsChange,20
340|12.035487348604919|29|0.41501680512430755|1.2727272727272727|ReturnOnAssetsChange,20
345|12.035487348604919|29|0.41501680512430755|1.2727272727272727|ReturnOnAssetsChange,20
350|12.035487348604919|27|0.4457587906890711|1.1818181818181819|ReturnOnAssetsChange,20
355|12.035487348604919|27|0.4457587906890711|1.1818181818181819|ReturnOnAssetsChange,20
360|12.035487348604919|27|0.4457587906890711|1.1818181818181819|ReturnOnAssetsChange,20
365|12.035487348604919|25|0.48141949394419675|1.2|ReturnOnAssetsChange,20
370|12.035487348604919|25|0.48141949394419675|1.2|ReturnOnAssetsChange,20
375|12.071000381365575|41|0.2944146434479409|1.6666666666666667|ReturnOnAssetsChange,20
380|12.071000381365575|41|0.2944146434479409|1.6666666666666667|ReturnOnAssetsChange,20
385|12.071000381365575|39|0.309512830291425|1.3571428571428572|GrossMarginChange,2
390|12.071000381365575|35|0.3448857251818736|1.4166666666666667|GrossMarginChange,2
395|12.071000381365575|35|0.3448857251818736|1.4166666666666667|GrossMarginChange,2
400|12.071000381365575|33|0.3657878903444114|1.4545454545454546|GrossMarginChange,2
405|12.071000381365575|33|0.3657878903444114|1.4545454545454546|GrossMarginChange,2
410|12.071000381365575|29|0.41624139246088193|1.1666666666666667|ReturnOnAssetsChange,20
415|12.071000381365575|29|0.41624139246088193|1.1666666666666667|ReturnOnAssetsChange,20
420|12.071000381365575|29|0.41624139246088193|1.1666666666666667|ReturnOnAssetsChange,20
425|12.071000381365575|27|0.447074088198725|1.625|CurrentRatio09,36
430|12.071000381365575|27|0.447074088198725|1.625|CurrentRatio09,36
435|12.071000381365575|27|0.447074088198725|1.625|CurrentRatio09,36
440|12.071000381365575|27|0.447074088198725|1.625|CurrentRatio09,36
445|12.071000381365575|25|0.482840015254623|1.7142857142857142|CurrentRatio09,36
450|12.071000381365575|25|0.482840015254623|1.7142857142857142|CurrentRatio09,36
455|12.071000381365575|25|0.482840015254623|1.7142857142857142|CurrentRatio09,36
460|12.071000381365575|25|0.482840015254623|1.7142857142857142|CurrentRatio09,36
465|12.071000381365575|25|0.482840015254623|1.7142857142857142|CurrentRatio09,36
470|12.071000381365575|25|0.482840015254623|1.7142857142857142|CurrentRatio09,36
475|12.071000381365575|23|0.5248261035376337|1.5714285714285714|GrossMarginChange,2
480|12.071000381365575|23|0.5248261035376337|1.5714285714285714|GrossMarginChange,2
485|12.071000381365575|23|0.5248261035376337|1.5714285714285714|GrossMarginChange,2
490|12.071000381365575|23|0.5248261035376337|1.5714285714285714|GrossMarginChange,2
495|12.071000381365575|23|0.5248261035376337|1.5714285714285714|GrossMarginChange,2
500|12.071000381365575|23|0.5248261035376337|1.5714285714285714|GrossMarginChange,2
505|12.071000381365575|23|0.5248261035376337|1.5714285714285714|GrossMarginChange,2
510|12.071000381365575|23|0.5248261035376337|1.5714285714285714|GrossMarginChange,2
515|12.071000381365575|23|0.5248261035376337|1.5714285714285714|GrossMarginChange,2
520|12.071000381365575|23|0.5248261035376337|1.5714285714285714|GrossMarginChange,2
525|12.071000381365575|23|0.5248261035376337|1.5714285714285714|GrossMarginChange,2
530|12.071000381365575|23|0.5248261035376337|1.5714285714285714|GrossMarginChange,2
535|12.071000381365575|23|0.5248261035376337|1.5714285714285714|GrossMarginChange,2
540|12.071000381365575|23|0.5248261035376337|1.5714285714285714|GrossMarginChange,2
545|12.071000381365575|23|0.5248261035376337|1.5714285714285714|GrossMarginChange,2
550|12.071000381365575|23|0.5248261035376337|1.5714285714285714|GrossMarginChange,2
555|12.071000381365575|23|0.5248261035376337|1.5714285714285714|GrossMarginChange,2
560|12.071000381365575|23|0.5248261035376337|1.5714285714285714|GrossMarginChange,2
565|12.071000381365575|23|0.5248261035376337|1.5714285714285714|GrossMarginChange,2
570|12.071000381365575|23|0.5248261035376337|1.5714285714285714|GrossMarginChange,2
575|12.071000381365575|23|0.5248261035376337|1.5714285714285714|GrossMarginChange,2
580|12.071000381365575|23|0.5248261035376337|1.5714285714285714|GrossMarginChange,2
585|12.071000381365575|23|0.5248261035376337|1.5714285714285714|GrossMarginChange,2
590|12.071000381365575|23|0.5248261035376337|1.5714285714285714|GrossMarginChange,2
595|12.071000381365575|23|0.5248261035376337|1.5714285714285714|GrossMarginChange,2
600|12.071000381365575|23|0.5248261035376337|1.5714285714285714|GrossMarginChange,2
605|12.071000381365575|21|0.5748095419697893|1.6666666666666667|GrossMarginChange,2
610|12.071000381365575|21|0.5748095419697893|1.6666666666666667|GrossMarginChange,2
615|12.071000381365575|21|0.5748095419697893|1.6666666666666667|GrossMarginChange,2
620|12.071000381365575|21|0.5748095419697893|1.6666666666666667|GrossMarginChange,2
625|12.071000381365575|21|0.5748095419697893|1.6666666666666667|GrossMarginChange,2
630|12.071000381365575|21|0.5748095419697893|1.6666666666666667|GrossMarginChange,2
635|12.071000381365575|21|0.5748095419697893|1.6666666666666667|GrossMarginChange,2
640|12.071000381365575|21|0.5748095419697893|1.6666666666666667|GrossMarginChange,2
645|12.071000381365575|21|0.5748095419697893|1.6666666666666667|GrossMarginChange,2
650|12.071000381365575|21|0.5748095419697893|1.6666666666666667|GrossMarginChange,2
655|12.071000381365575|21|0.5748095419697893|1.6666666666666667|GrossMarginChange,2
660|12.071000381365575|21|0.5748095419697893|1.6666666666666667|GrossMarginChange,2
665|12.071000381365575|21|0.5748095419697893|1.6666666666666667|GrossMarginChange,2
670|12.071000381365575|21|0.5748095419697893|1.6666666666666667|GrossMarginChange,2
675|12.071000381365575|21|0.5748095419697893|1.6666666666666667|GrossMarginChange,2
680|12.071000381365575|21|0.5748095419697893|1.6666666666666667|GrossMarginChange,2
685|12.071000381365575|21|0.5748095419697893|1.6666666666666667|GrossMarginChange,2
690|12.071000381365575|21|0.5748095419697893|1.6666666666666667|GrossMarginChange,2
695|12.071000381365575|21|0.5748095419697893|1.6666666666666667|GrossMarginChange,2
700|12.071000381365575|21|0.5748095419697893|1.6666666666666667|GrossMarginChange,2
705|12.071000381365575|21|0.5748095419697893|1.6666666666666667|GrossMarginChange,2
710|12.071000381365575|21|0.5748095419697893|1.6666666666666667|GrossMarginChange,2
715|12.071000381365575|21|0.5748095419697893|1.6666666666666667|GrossMarginChange,2
720|12.071000381365575|21|0.5748095419697893|1.6666666666666667|GrossMarginChange,2
725|12.071000381365575|21|0.5748095419697893|1.6666666666666667|GrossMarginChange,2
730|12.071000381365575|21|0.5748095419697893|1.6666666666666667|GrossMarginChange,2
735|12.071000381365575|21|0.5748095419697893|1.6666666666666667|GrossMarginChange,2
740|12.071000381365575|21|0.5748095419697893|1.6666666666666667|GrossMarginChange,2
745|12.071000381365575|21|0.5748095419697893|1.6666666666666667|GrossMarginChange,2
750|12.071000381365575|21|0.5748095419697893|1.6666666666666667|GrossMarginChange,2
755|12.071000381365575|21|0.5748095419697893|1.6666666666666667|GrossMarginChange,2
760|12.071000381365575|21|0.5748095419697893|1.6666666666666667|GrossMarginChange,2
765|12.071000381365575|21|0.5748095419697893|1.6666666666666667|GrossMarginChange,2
770|12.071000381365575|21|0.5748095419697893|1.6666666666666667|GrossMarginChange,2
775|12.071000381365575|21|0.5748095419697893|1.6666666666666667|GrossMarginChange,2
780|12.071000381365575|21|0.5748095419697893|1.6666666666666667|GrossMarginChange,2
785|12.071000381365575|21|0.5748095419697893|1.6666666666666667|GrossMarginChange,2
790|12.071000381365575|21|0.5748095419697893|1.6666666666666667|GrossMarginChange,2
795|12.071000381365575|21|0.5748095419697893|1.6666666666666667|GrossMarginChange,2
800|12.071000381365575|21|0.5748095419697893|1.6666666666666667|GrossMarginChange,2
805|12.071000381365575|21|0.5748095419697893|1.6666666666666667|GrossMarginChange,2
810|12.071000381365575|21|0.5748095419697893|1.6666666666666667|GrossMarginChange,2
815|12.071000381365575|21|0.5748095419697893|1.6666666666666667|GrossMarginChange,2
820|12.071000381365575|21|0.5748095419697893|1.6666666666666667|GrossMarginChange,2
825|12.071000381365575|21|0.5748095419697893|1.6666666666666667|GrossMarginChange,2
830|12.071000381365575|21|0.5748095419697893|1.6666666666666667|GrossMarginChange,2
835|12.071000381365575|21|0.5748095419697893|1.6666666666666667|GrossMarginChange,2
840|12.071000381365575|21|0.5748095419697893|1.6666666666666667|GrossMarginChange,2
845|12.071000381365575|21|0.5748095419697893|1.6666666666666667|GrossMarginChange,2
850|12.071000381365575|21|0.5748095419697893|1.6666666666666667|GrossMarginChange,2
855|12.071000381365575|21|0.5748095419697893|1.6666666666666667|GrossMarginChange,2
860|12.071000381365575|21|0.5748095419697893|1.6666666666666667|GrossMarginChange,2
865|12.071000381365575|21|0.5748095419697893|1.6666666666666667|GrossMarginChange,2
870|12.071000381365575|21|0.5748095419697893|1.6666666666666667|GrossMarginChange,2
875|12.071000381365575|21|0.5748095419697893|1.6666666666666667|GrossMarginChange,2
880|12.071000381365575|21|0.5748095419697893|1.6666666666666667|GrossMarginChange,2
885|12.071000381365575|21|0.5748095419697893|1.6666666666666667|GrossMarginChange,2
890|12.071000381365575|21|0.5748095419697893|1.6666666666666667|GrossMarginChange,2
895|12.071000381365575|21|0.5748095419697893|1.6666666666666667|GrossMarginChange,2
900|12.071000381365575|21|0.5748095419697893|1.6666666666666667|GrossMarginChange,2
905|12.071000381365575|21|0.5748095419697893|1.6666666666666667|GrossMarginChange,2
910|12.071000381365575|21|0.5748095419697893|1.6666666666666667|GrossMarginChange,2
915|12.071000381365575|21|0.5748095419697893|1.6666666666666667|GrossMarginChange,2
920|12.071000381365575|21|0.5748095419697893|1.6666666666666667|GrossMarginChange,2
925|12.071000381365575|21|0.5748095419697893|1.6666666666666667|GrossMarginChange,2
930|12.071000381365575|21|0.5748095419697893|1.6666666666666667|GrossMarginChange,2
935|12.071000381365575|21|0.5748095419697893|1.6666666666666667|GrossMarginChange,2
940|12.071000381365575|21|0.5748095419697893|1.6666666666666667|GrossMarginChange,2
945|12.071000381365575|21|0.5748095419697893|1.6666666666666667|GrossMarginChange,2
950|12.071000381365575|21|0.5748095419697893|1.6666666666666667|GrossMarginChange,2
955|12.071000381365575|21|0.5748095419697893|1.6666666666666667|GrossMarginChange,2
960|12.071000381365575|21|0.5748095419697893|1.6666666666666667|GrossMarginChange,2
965|12.071000381365575|21|0.5748095419697893|1.6666666666666667|GrossMarginChange,2
970|12.071000381365575|21|0.5748095419697893|1.6666666666666667|GrossMarginChange,2
975|12.071000381365575|21|0.5748095419697893|1.6666666666666667|GrossMarginChange,2
980|12.071000381365575|21|0.5748095419697893|1.6666666666666667|GrossMarginChange,2
985|12.071000381365575|21|0.5748095419697893|1.6666666666666667|GrossMarginChange,2
990|12.071000381365575|21|0.5748095419697893|1.6666666666666667|GrossMarginChange,2
995|12.071000381365575|21|0.5748095419697893|1.6666666666666667|GrossMarginChange,2
1000|12.071000381365575|21|0.5748095419697893|1.6666666666666667|GrossMarginChange,2
1005|12.071000381365575|21|0.5748095419697893|1.6666666666666667|GrossMarginChange,2
1010|12.071000381365575|21|0.5748095419697893|1.6666666666666667|GrossMarginChange,2
1015|12.071000381365575|21|0.5748095419697893|1.6666666666666667|GrossMarginChange,2
1020|12.071000381365575|21|0.5748095419697893|1.6666666666666667|GrossMarginChange,2
1025|12.071000381365575|21|0.5748095419697893|1.6666666666666667|GrossMarginChange,2
1030|12.071000381365575|21|0.5748095419697893|1.6666666666666667|GrossMarginChange,2
1035|12.071000381365575|21|0.5748095419697893|1.6666666666666667|GrossMarginChange,2
1040|12.071000381365575|21|0.5748095419697893|1.6666666666666667|GrossMarginChange,2
1045|12.071000381365575|21|0.5748095419697893|1.6666666666666667|GrossMarginChange,2
1050|12.071000381365575|21|0.5748095419697893|1.6666666666666667|GrossMarginChange,2
1055|12.071000381365575|21|0.5748095419697893|1.6666666666666667|GrossMarginChange,2
1060|12.071000381365575|21|0.5748095419697893|1.6666666666666667|GrossMarginChange,2
1065|12.071000381365575|21|0.5748095419697893|1.6666666666666667|GrossMarginChange,2
1070|12.071000381365575|21|0.5748095419697893|1.6666666666666667|GrossMarginChange,2
1075|12.071000381365575|21|0.5748095419697893|1.6666666666666667|GrossMarginChange,2
1080|12.071000381365575|21|0.5748095419697893|1.6666666666666667|GrossMarginChange,2
1085|12.071000381365575|21|0.5748095419697893|1.6666666666666667|GrossMarginChange,2
1090|12.071000381365575|21|0.5748095419697893|1.6666666666666667|GrossMarginChange,2
1095|12.071000381365575|21|0.5748095419697893|1.6666666666666667|GrossMarginChange,2
1100|12.071000381365575|21|0.5748095419697893|1.6666666666666667|GrossMarginChange,2
1105|12.071000381365575|21|0.5748095419697893|1.6666666666666667|GrossMarginChange,2
1110|12.071000381365575|21|0.5748095419697893|1.6666666666666667|GrossMarginChange,2
1115|12.071000381365575|21|0.5748095419697893|1.6666666666666667|GrossMarginChange,2
1120|12.071000381365575|21|0.5748095419697893|1.6666666666666667|GrossMarginChange,2
1125|12.071000381365575|21|0.5748095419697893|1.6666666666666667|GrossMarginChange,2
1130|12.071000381365575|21|0.5748095419697893|1.6666666666666667|GrossMarginChange,2
1135|12.071000381365575|21|0.5748095419697893|1.6666666666666667|GrossMarginChange,2
1140|12.071000381365575|21|0.5748095419697893|1.6666666666666667|GrossMarginChange,2
1145|12.071000381365575|21|0.5748095419697893|1.6666666666666667|GrossMarginChange,2
1150|12.071000381365575|21|0.5748095419697893|1.6666666666666667|GrossMarginChange,2
1155|12.071000381365575|21|0.5748095419697893|1.6666666666666667|GrossMarginChange,2
1160|12.071000381365575|21|0.5748095419697893|1.6666666666666667|GrossMarginChange,2
1165|12.071000381365575|21|0.5748095419697893|1.6666666666666667|GrossMarginChange,2
1170|12.071000381365575|21|0.5748095419697893|1.6666666666666667|GrossMarginChange,2
1175|12.071000381365575|21|0.5748095419697893|1.6666666666666667|GrossMarginChange,2
1180|12.071000381365575|21|0.5748095419697893|1.6666666666666667|GrossMarginChange,2
1185|12.071000381365575|21|0.5748095419697893|1.6666666666666667|GrossMarginChange,2
1190|12.071000381365575|21|0.5748095419697893|1.6666666666666667|GrossMarginChange,2
1195|12.071000381365575|21|0.5748095419697893|1.6666666666666667|GrossMarginChange,2
1200|12.071000381365575|21|0.5748095419697893|1.6666666666666667|GrossMarginChange,2
1205|12.071000381365575|21|0.5748095419697893|1.6666666666666667|GrossMarginChange,2
1210|12.071000381365575|21|0.5748095419697893|1.6666666666666667|GrossMarginChange,2
1215|12.071000381365575|21|0.5748095419697893|1.6666666666666667|GrossMarginChange,2
1220|12.071000381365575|21|0.5748095419697893|1.6666666666666667|GrossMarginChange,2
1225|12.071000381365575|21|0.5748095419697893|1.6666666666666667|GrossMarginChange,2
1230|12.071000381365575|21|0.5748095419697893|1.6666666666666667|GrossMarginChange,2
1235|12.071000381365575|21|0.5748095419697893|1.6666666666666667|GrossMarginChange,2
1240|12.071000381365575|21|0.5748095419697893|1.6666666666666667|GrossMarginChange,2
1245|12.071000381365575|21|0.5748095419697893|1.6666666666666667|GrossMarginChange,2
1250|12.071000381365575|21|0.5748095419697893|1.6666666666666667|GrossMarginChange,2
1255|12.071000381365575|21|0.5748095419697893|1.6666666666666667|GrossMarginChange,2
1260|12.071000381365575|21|0.5748095419697893|1.6666666666666667|GrossMarginChange,2
1265|12.071000381365575|21|0.5748095419697893|1.6666666666666667|GrossMarginChange,2
1270|12.071000381365575|21|0.5748095419697893|1.6666666666666667|GrossMarginChange,2
1275|12.071000381365575|21|0.5748095419697893|1.6666666666666667|GrossMarginChange,2
1280|12.071000381365575|21|0.5748095419697893|1.6666666666666667|GrossMarginChange,2
1285|12.071000381365575|21|0.5748095419697893|1.6666666666666667|GrossMarginChange,2
1290|12.071000381365575|21|0.5748095419697893|1.6666666666666667|GrossMarginChange,2
1295|12.071000381365575|21|0.5748095419697893|1.6666666666666667|GrossMarginChange,2
1300|12.071000381365575|21|0.5748095419697893|1.6666666666666667|GrossMarginChange,2
1305|12.071000381365575|21|0.5748095419697893|1.6666666666666667|GrossMarginChange,2
1310|12.071000381365575|21|0.5748095419697893|1.6666666666666667|GrossMarginChange,2
1315|12.071000381365575|21|0.5748095419697893|1.6666666666666667|GrossMarginChange,2
1320|12.071000381365575|21|0.5748095419697893|1.6666666666666667|GrossMarginChange,2
1325|12.071000381365575|21|0.5748095419697893|1.6666666666666667|GrossMarginChange,2
1330|12.071000381365575|21|0.5748095419697893|1.6666666666666667|GrossMarginChange,2
1335|12.071000381365575|21|0.5748095419697893|1.6666666666666667|GrossMarginChange,2
1340|12.071000381365575|21|0.5748095419697893|1.6666666666666667|GrossMarginChange,2
1345|12.071000381365575|21|0.5748095419697893|1.6666666666666667|GrossMarginChange,2
1350|12.071000381365575|21|0.5748095419697893|1.6666666666666667|GrossMarginChange,2
1355|12.071000381365575|21|0.5748095419697893|1.6666666666666667|GrossMarginChange,2
1360|12.071000381365575|21|0.5748095419697893|1.6666666666666667|GrossMarginChange,2
1365|12.071000381365575|21|0.5748095419697893|1.6666666666666667|GrossMarginChange,2
1370|12.071000381365575|21|0.5748095419697893|1.6666666666666667|GrossMarginChange,2
1375|12.071000381365575|21|0.5748095419697893|1.6666666666666667|GrossMarginChange,2
1380|12.071000381365575|21|0.5748095419697893|1.6666666666666667|GrossMarginChange,2
1385|12.071000381365575|21|0.5748095419697893|1.6666666666666667|GrossMarginChange,2
1390|12.071000381365575|21|0.5748095419697893|1.6666666666666667|GrossMarginChange,2
1395|12.071000381365575|21|0.5748095419697893|1.6666666666666667|GrossMarginChange,2
1400|12.071000381365575|21|0.5748095419697893|1.6666666666666667|GrossMarginChange,2
1405|12.071000381365575|21|0.5748095419697893|1.6666666666666667|GrossMarginChange,2
1410|12.071000381365575|21|0.5748095419697893|1.6666666666666667|GrossMarginChange,2
1415|12.071000381365575|21|0.5748095419697893|1.6666666666666667|GrossMarginChange,2
1420|12.071000381365575|21|0.5748095419697893|1.6666666666666667|GrossMarginChange,2
1425|12.071000381365575|21|0.5748095419697893|1.6666666666666667|GrossMarginChange,2
1430|12.071000381365575|21|0.5748095419697893|1.6666666666666667|GrossMarginChange,2
1435|12.071000381365575|21|0.5748095419697893|1.6666666666666667|GrossMarginChange,2
1440|12.071000381365575|21|0.5748095419697893|1.6666666666666667|GrossMarginChange,2
1445|12.071000381365575|21|0.5748095419697893|1.6666666666666667|GrossMarginChange,2
1450|12.071000381365575|21|0.5748095419697893|1.6666666666666667|GrossMarginChange,2
1455|12.071000381365575|21|0.5748095419697893|1.6666666666666667|GrossMarginChange,2
1460|12.071000381365575|21|0.5748095419697893|1.6666666666666667|GrossMarginChange,2
1465|12.071000381365575|21|0.5748095419697893|1.6666666666666667|GrossMarginChange,2
1470|12.071000381365575|21|0.5748095419697893|1.6666666666666667|GrossMarginChange,2
1475|12.071000381365575|21|0.5748095419697893|1.6666666666666667|GrossMarginChange,2
1480|12.071000381365575|21|0.5748095419697893|1.6666666666666667|GrossMarginChange,2
1485|12.071000381365575|21|0.5748095419697893|1.6666666666666667|GrossMarginChange,2
1490|12.071000381365575|21|0.5748095419697893|1.6666666666666667|GrossMarginChange,2
1495|12.071000381365575|21|0.5748095419697893|1.6666666666666667|GrossMarginChange,2
1500|12.071000381365575|21|0.5748095419697893|1.6666666666666667|GrossMarginChange,2
1505|12.071000381365575|21|0.5748095419697893|1.6666666666666667|GrossMarginChange,2
1510|12.071000381365575|21|0.5748095419697893|1.6666666666666667|GrossMarginChange,2
1515|12.071000381365575|21|0.5748095419697893|1.6666666666666667|GrossMarginChange,2
1520|12.071000381365575|21|0.5748095419697893|1.6666666666666667|GrossMarginChange,2
1525|12.071000381365575|21|0.5748095419697893|1.6666666666666667|GrossMarginChange,2
1530|12.071000381365575|21|0.5748095419697893|1.6666666666666667|GrossMarginChange,2
1535|12.071000381365575|21|0.5748095419697893|1.6666666666666667|GrossMarginChange,2
1540|12.071000381365575|21|0.5748095419697893|1.6666666666666667|GrossMarginChange,2
1545|12.071000381365575|21|0.5748095419697893|1.6666666666666667|GrossMarginChange,2
1550|12.071000381365575|21|0.5748095419697893|1.6666666666666667|GrossMarginChange,2
1555|12.071000381365575|21|0.5748095419697893|1.6666666666666667|GrossMarginChange,2
1560|12.071000381365575|21|0.5748095419697893|1.6666666666666667|GrossMarginChange,2
1565|12.071000381365575|21|0.5748095419697893|1.6666666666666667|GrossMarginChange,2
1570|12.071000381365575|21|0.5748095419697893|1.6666666666666667|GrossMarginChange,2
1575|12.071000381365575|21|0.5748095419697893|1.6666666666666667|GrossMarginChange,2
1580|12.071000381365575|21|0.5748095419697893|1.6666666666666667|GrossMarginChange,2
1585|12.071000381365575|21|0.5748095419697893|1.6666666666666667|GrossMarginChange,2
1590|12.071000381365575|21|0.5748095419697893|1.6666666666666667|GrossMarginChange,2
1595|12.071000381365575|21|0.5748095419697893|1.6666666666666667|GrossMarginChange,2
1600|12.071000381365575|21|0.5748095419697893|1.6666666666666667|GrossMarginChange,2
1605|12.071000381365575|21|0.5748095419697893|1.6666666666666667|GrossMarginChange,2
1610|12.071000381365575|21|0.5748095419697893|1.6666666666666667|GrossMarginChange,2
1615|12.071000381365575|21|0.5748095419697893|1.6666666666666667|GrossMarginChange,2
1620|12.071000381365575|21|0.5748095419697893|1.6666666666666667|GrossMarginChange,2
1625|12.071000381365575|21|0.5748095419697893|1.6666666666666667|GrossMarginChange,2
1630|12.071000381365575|21|0.5748095419697893|1.6666666666666667|GrossMarginChange,2
1635|12.071000381365575|21|0.5748095419697893|1.6666666666666667|GrossMarginChange,2
1640|12.071000381365575|21|0.5748095419697893|1.6666666666666667|GrossMarginChange,2
1645|12.071000381365575|21|0.5748095419697893|1.6666666666666667|GrossMarginChange,2
1650|12.071000381365575|21|0.5748095419697893|1.6666666666666667|GrossMarginChange,2
1655|12.071000381365575|21|0.5748095419697893|1.6666666666666667|GrossMarginChange,2
1660|12.071000381365575|21|0.5748095419697893|1.6666666666666667|GrossMarginChange,2
1665|12.071000381365575|21|0.5748095419697893|1.6666666666666667|GrossMarginChange,2
1670|12.071000381365575|21|0.5748095419697893|1.6666666666666667|GrossMarginChange,2
1675|12.071000381365575|21|0.5748095419697893|1.6666666666666667|GrossMarginChange,2
1680|12.071000381365575|21|0.5748095419697893|1.6666666666666667|GrossMarginChange,2
1685|12.071000381365575|21|0.5748095419697893|1.6666666666666667|GrossMarginChange,2
1690|12.071000381365575|21|0.5748095419697893|1.6666666666666667|GrossMarginChange,2
1695|12.071000381365575|21|0.5748095419697893|1.6666666666666667|GrossMarginChange,2
1700|12.071000381365575|21|0.5748095419697893|1.6666666666666667|GrossMarginChange,2
1705|12.071000381365575|21|0.5748095419697893|1.6666666666666667|GrossMarginChange,2
1710|12.071000381365575|21|0.5748095419697893|1.6666666666666667|GrossMarginChange,2
1715|12.071000381365575|21|0.5748095419697893|1.6666666666666667|GrossMarginChange,2
1720|12.071000381365575|21|0.5748095419697893|1.6666666666666667|GrossMarginChange,2
1725|12.071000381365575|21|0.5748095419697893|1.6666666666666667|GrossMarginChange,2
1730|12.071000381365575|21|0.5748095419697893|1.6666666666666667|GrossMarginChange,2
1735|12.071000381365575|21|0.5748095419697893|1.6666666666666667|GrossMarginChange,2
1740|12.071000381365575|21|0.5748095419697893|1.6666666666666667|GrossMarginChange,2
1745|12.071000381365575|21|0.5748095419697893|1.6666666666666667|GrossMarginChange,2
1750|12.071000381365575|21|0.5748095419697893|1.6666666666666667|GrossMarginChange,2
1755|12.071000381365575|21|0.5748095419697893|1.6666666666666667|GrossMarginChange,2
1760|12.071000381365575|21|0.5748095419697893|1.6666666666666667|GrossMarginChange,2
1765|12.071000381365575|21|0.5748095419697893|1.6666666666666667|GrossMarginChange,2
1770|12.071000381365575|21|0.5748095419697893|1.6666666666666667|GrossMarginChange,2
1775|12.071000381365575|21|0.5748095419697893|1.6666666666666667|GrossMarginChange,2
1780|12.071000381365575|21|0.5748095419697893|1.6666666666666667|GrossMarginChange,2
1785|12.071000381365575|21|0.5748095419697893|1.6666666666666667|GrossMarginChange,2
1790|12.071000381365575|21|0.5748095419697893|1.6666666666666667|GrossMarginChange,2
1795|12.071000381365575|21|0.5748095419697893|1.6666666666666667|GrossMarginChange,2
1800|12.071000381365575|21|0.5748095419697893|1.6666666666666667|GrossMarginChange,2
1805|12.071000381365575|21|0.5748095419697893|1.6666666666666667|GrossMarginChange,2
1810|12.071000381365575|21|0.5748095419697893|1.6666666666666667|GrossMarginChange,2
1815|12.071000381365575|21|0.5748095419697893|1.6666666666666667|GrossMarginChange,2
1820|12.071000381365575|21|0.5748095419697893|1.6666666666666667|GrossMarginChange,2
1825|12.071000381365575|21|0.5748095419697893|1.6666666666666667|GrossMarginChange,2
1830|12.071000381365575|21|0.5748095419697893|1.6666666666666667|GrossMarginChange,2
1835|12.071000381365575|21|0.5748095419697893|1.6666666666666667|GrossMarginChange,2
1840|12.071000381365575|21|0.5748095419697893|1.6666666666666667|GrossMarginChange,2
1845|12.071000381365575|21|0.5748095419697893|1.6666666666666667|GrossMarginChange,2
1850|12.071000381365575|21|0.5748095419697893|1.6666666666666667|GrossMarginChange,2
1855|12.071000381365575|21|0.5748095419697893|1.6666666666666667|GrossMarginChange,2
1860|12.071000381365575|21|0.5748095419697893|1.6666666666666667|GrossMarginChange,2
1865|12.071000381365575|21|0.5748095419697893|1.6666666666666667|GrossMarginChange,2
1870|12.071000381365575|21|0.5748095419697893|1.6666666666666667|GrossMarginChange,2
1875|12.071000381365575|21|0.5748095419697893|1.6666666666666667|GrossMarginChange,2
1880|12.071000381365575|21|0.5748095419697893|1.6666666666666667|GrossMarginChange,2
1885|12.071000381365575|21|0.5748095419697893|1.6666666666666667|GrossMarginChange,2
1890|12.071000381365575|21|0.5748095419697893|1.6666666666666667|GrossMarginChange,2
1895|12.071000381365575|21|0.5748095419697893|1.6666666666666667|GrossMarginChange,2
1900|12.071000381365575|21|0.5748095419697893|1.6666666666666667|GrossMarginChange,2
1905|12.071000381365575|21|0.5748095419697893|1.6666666666666667|GrossMarginChange,2
1910|12.071000381365575|21|0.5748095419697893|1.6666666666666667|GrossMarginChange,2
1915|12.071000381365575|21|0.5748095419697893|1.6666666666666667|GrossMarginChange,2
1920|12.071000381365575|21|0.5748095419697893|1.6666666666666667|GrossMarginChange,2
1925|12.071000381365575|21|0.5748095419697893|1.6666666666666667|GrossMarginChange,2
1930|12.071000381365575|21|0.5748095419697893|1.6666666666666667|GrossMarginChange,2
1935|12.071000381365575|21|0.5748095419697893|1.6666666666666667|GrossMarginChange,2
1940|12.071000381365575|21|0.5748095419697893|1.6666666666666667|GrossMarginChange,2
1945|12.071000381365575|21|0.5748095419697893|1.6666666666666667|GrossMarginChange,2
1950|12.071000381365575|21|0.5748095419697893|1.6666666666666667|GrossMarginChange,2
1955|12.071000381365575|21|0.5748095419697893|1.6666666666666667|GrossMarginChange,2
1960|12.071000381365575|21|0.5748095419697893|1.6666666666666667|GrossMarginChange,2
1965|12.071000381365575|21|0.5748095419697893|1.6666666666666667|GrossMarginChange,2
1970|12.071000381365575|21|0.5748095419697893|1.6666666666666667|GrossMarginChange,2
1975|12.071000381365575|21|0.5748095419697893|1.6666666666666667|GrossMarginChange,2
1980|12.071000381365575|21|0.5748095419697893|1.6666666666666667|GrossMarginChange,2
1985|12.071000381365575|21|0.5748095419697893|1.6666666666666667|GrossMarginChange,2
1990|12.071000381365575|21|0.5748095419697893|1.6666666666666667|GrossMarginChange,2
1995|12.071000381365575|21|0.5748095419697893|1.6666666666666667|GrossMarginChange,2
2000|12.071000381365575|21|0.5748095419697893|1.6666666666666667|GrossMarginChange,2
