#########################################################
# Algorithm Parameters #
# Generations = 2000
# Population size = 100
# Resolution = 5
#########################################################
# Financial Parameters #
# Quarter = 2
# Crossover probabilities = 0.75 -> 0.25
# Mutation start probabilities = 0.9,0.0,0.6,0.5,0.6,0.9
# Mutation end probabilities = 0.4,0.4,0.1,0.1,0.1,0.4
######################################################### 
0|8.869940196201643|7|1.267134313743092|1.0|ReturnOnEquity10,22
5|9.215374452493444|9|1.0239304947214938|1.0|ReturnOnEquity10,22
10|9.341744601588529|11|0.8492495092353208|1.0|EarningsPerShare10,7
15|9.819952018454105|11|0.8927229107685549|1.0|EarningsPerShare10,7
20|9.858455954716401|15|0.6572303969810934|1.1666666666666667|EarningsPerShare10,7
25|9.858455954716401|13|0.7583427657474154|1.0|OperatingMarginChange,5
30|9.858455954716401|13|0.7583427657474154|1.0|OperatingMarginChange,5
35|9.858455954716401|11|0.8962232686105819|1.0|EarningsPerShare10,7
40|9.893968987477056|17|0.5819981757339444|1.3333333333333333|EarningsPerShare10,7
45|9.893968987477056|15|0.6595979324984704|1.4|EarningsPerShare10,7
50|9.893968987477056|15|0.6595979324984704|1.4|EarningsPerShare10,7
55|9.893968987477056|15|0.6595979324984704|1.4|EarningsPerShare10,7
60|9.893968987477056|15|0.6595979324984704|1.4|EarningsPerShare10,7
65|9.893968987477056|13|0.7610745374982351|1.2|EarningsPerShare10,7
70|9.893968987477056|13|0.7610745374982351|1.2|EarningsPerShare10,7
75|9.893968987477056|13|0.7610745374982351|1.2|EarningsPerShare10,7
80|9.893968987477056|13|0.7610745374982351|1.2|EarningsPerShare10,7
85|9.912803004850828|15|0.6608535336567218|1.1666666666666667|EarningsPerShare10,7
90|9.912803004850828|15|0.6608535336567218|1.1666666666666667|EarningsPerShare10,7
95|9.912803004850828|15|0.6608535336567218|1.1666666666666667|EarningsPerShare10,7
100|9.912803004850828|15|0.6608535336567218|1.1666666666666667|EarningsPerShare10,7
105|10.072158581204924|21|0.4796265991049964|1.4285714285714286|ReturnOnEquity09,21
110|10.072158581204924|19|0.5301136095371013|1.125|ReturnOnEquity10,22
115|10.072158581204924|19|0.5301136095371013|1.125|ReturnOnEquity10,22
120|10.072158581204924|19|0.5301136095371013|1.125|ReturnOnEquity10,22
125|10.072158581204924|17|0.5924799165414661|1.1428571428571428|EarningsPerShare10,7
130|10.072158581204924|17|0.5924799165414661|1.1428571428571428|EarningsPerShare10,7
135|10.119748407001646|19|0.5326183372106129|1.125|EarningsPerShare10,7
140|10.369893403837706|21|0.4938044478017955|1.25|EarningsPerShare10,7
145|10.369893403837706|21|0.4938044478017955|1.25|EarningsPerShare10,7
150|10.369893403837706|21|0.4938044478017955|1.25|EarningsPerShare10,7
155|10.369893403837706|21|0.4938044478017955|1.25|EarningsPerShare10,7
160|10.369893403837706|21|0.4938044478017955|1.25|EarningsPerShare10,7
165|10.369893403837706|21|0.4938044478017955|1.25|EarningsPerShare10,7
170|10.369893403837706|19|0.5457838633598793|1.125|TotalCurrentLiabilitiesChange,35
175|10.421376058437707|23|0.45310330688859596|1.2222222222222223|EarningsPerShare10,7
180|10.421376058437707|23|0.45310330688859596|1.2222222222222223|EarningsPerShare10,7
185|10.421376058437707|23|0.45310330688859596|1.2222222222222223|EarningsPerShare10,7
190|10.421376058437707|21|0.49625600278274795|1.25|ReturnOnEquity09,21
195|10.599565652165575|45|0.23554590338145723|1.8333333333333333|ReturnOnEquity09,21
200|10.610832623040983|113|0.09390117365522993|3.7333333333333334|ReturnOnEquity09,21
205|10.610832623040983|103|0.10301779245670857|3.0|OperatingMargin09,3
210|11.139615050047542|61|0.1826166401647138|2.0|ReturnOnEquity09,21
215|11.150882020922952|113|0.09868037186657479|2.9473684210526314|ReturnOnEquity09,21
220|11.184345823562294|161|0.06946798648175338|3.8095238095238093|ReturnOnEquity09,21
225|11.3639041567|121|0.0939165632785124|3.3333333333333335|ReturnOnEquity09,21
230|11.3639041567|121|0.0939165632785124|3.3333333333333335|ReturnOnEquity09,21
235|11.382738174073772|203|0.05607260184272794|4.04|ReturnOnEquity10,22
240|11.382738174073772|97|0.11734781622756466|2.0869565217391304|GrossMarginChange,2
245|11.382738174073772|95|0.1198182965691976|2.1363636363636362|ReturnOnEquity10,22
250|11.382738174073772|95|0.1198182965691976|2.1363636363636362|ReturnOnEquity10,22
255|11.382738174073772|81|0.14052763177868854|2.1052631578947367|TotalCurrentLiabilitiesChange,35
260|11.382738174073772|75|0.15176984232098362|2.0555555555555554|TotalCurrentLiabilitiesChange,35
265|11.382738174073772|71|0.16032025597287003|1.75|ReturnOnEquity10,22
270|11.382738174073772|59|0.19292776566226733|1.7058823529411764|TotalCurrentLiabilitiesChange,35
275|11.382738174073772|53|0.21476864479384475|1.8571428571428572|ReturnOnEquity10,22
280|11.382738174073772|49|0.23230077906273006|1.7142857142857142|ReturnOnEquity10,22
285|11.382738174073772|49|0.23230077906273006|1.7142857142857142|ReturnOnEquity10,22
290|11.382738174073772|49|0.23230077906273006|1.7142857142857142|ReturnOnEquity10,22
295|11.382738174073772|49|0.23230077906273006|1.7142857142857142|ReturnOnEquity10,22
300|11.382738174073772|49|0.23230077906273006|1.7142857142857142|ReturnOnEquity10,22
305|11.382738174073772|49|0.23230077906273006|1.7142857142857142|ReturnOnEquity10,22
310|11.382738174073772|45|0.2529497372016394|1.6923076923076923|ReturnOnEquity10,22
315|11.382738174073772|41|0.27762776034326275|1.5384615384615385|ReturnOnEquity10,22
320|11.382738174073772|41|0.27762776034326275|1.5384615384615385|ReturnOnEquity10,22
325|11.382738174073772|41|0.27762776034326275|1.5384615384615385|ReturnOnEquity10,22
330|11.382738174073772|41|0.27762776034326275|1.5384615384615385|ReturnOnEquity10,22
335|11.382738174073772|41|0.27762776034326275|1.5384615384615385|ReturnOnEquity10,22
340|11.382738174073772|39|0.29186508138650696|1.5833333333333333|ReturnOnEquity10,22
345|11.382738174073772|39|0.29186508138650696|1.5833333333333333|ReturnOnEquity10,22
350|11.382738174073772|39|0.29186508138650696|1.5833333333333333|ReturnOnEquity10,22
355|11.382738174073772|39|0.29186508138650696|1.5833333333333333|ReturnOnEquity10,22
360|11.382738174073772|39|0.29186508138650696|1.5833333333333333|ReturnOnEquity10,22
365|11.382738174073772|39|0.29186508138650696|1.5833333333333333|ReturnOnEquity10,22
370|11.382738174073772|39|0.29186508138650696|1.5833333333333333|ReturnOnEquity10,22
375|11.382738174073772|39|0.29186508138650696|1.5833333333333333|ReturnOnEquity10,22
380|11.382738174073772|39|0.29186508138650696|1.5833333333333333|ReturnOnEquity10,22
385|11.382738174073772|39|0.29186508138650696|1.5833333333333333|ReturnOnEquity10,22
390|11.382738174073772|37|0.30764157227226413|1.3846153846153846|ReturnOnEquity10,22
395|11.382738174073772|37|0.30764157227226413|1.3846153846153846|ReturnOnEquity10,22
400|11.382738174073772|37|0.30764157227226413|1.3846153846153846|ReturnOnEquity10,22
405|11.382738174073772|37|0.30764157227226413|1.3846153846153846|ReturnOnEquity10,22
410|11.382738174073772|37|0.30764157227226413|1.3846153846153846|ReturnOnEquity10,22
415|11.382738174073772|37|0.30764157227226413|1.3846153846153846|ReturnOnEquity10,22
420|11.382738174073772|35|0.32522109068782207|1.4166666666666667|ReturnOnEquity10,22
425|11.382738174073772|35|0.32522109068782207|1.4166666666666667|ReturnOnEquity10,22
430|11.382738174073772|35|0.32522109068782207|1.4166666666666667|ReturnOnEquity10,22
435|11.382738174073772|35|0.32522109068782207|1.4166666666666667|ReturnOnEquity10,22
440|11.382738174073772|33|0.34493145982041734|1.3333333333333333|ReturnOnEquity10,22
445|11.382738174073772|33|0.34493145982041734|1.3333333333333333|ReturnOnEquity10,22
450|11.382738174073772|33|0.34493145982041734|1.3333333333333333|ReturnOnEquity10,22
455|11.382738174073772|33|0.34493145982041734|1.3333333333333333|ReturnOnEquity10,22
460|11.382738174073772|31|0.3671851023894765|1.25|ReturnOnEquity10,22
465|11.382738174073772|31|0.3671851023894765|1.25|ReturnOnEquity10,22
470|11.382738174073772|31|0.3671851023894765|1.25|ReturnOnEquity10,22
475|11.382738174073772|31|0.3671851023894765|1.25|ReturnOnEquity10,22
480|11.382738174073772|31|0.3671851023894765|1.25|ReturnOnEquity10,22
485|11.382738174073772|31|0.3671851023894765|1.25|ReturnOnEquity10,22
490|11.382738174073772|31|0.3671851023894765|1.25|ReturnOnEquity10,22
495|11.382738174073772|31|0.3671851023894765|1.25|ReturnOnEquity10,22
500|11.382738174073772|31|0.3671851023894765|1.25|ReturnOnEquity10,22
505|11.382738174073772|31|0.3671851023894765|1.25|ReturnOnEquity10,22
510|11.382738174073772|31|0.3671851023894765|1.25|ReturnOnEquity10,22
515|11.382738174073772|31|0.3671851023894765|1.25|ReturnOnEquity10,22
520|11.382738174073772|31|0.3671851023894765|1.25|ReturnOnEquity10,22
525|11.382738174073772|31|0.3671851023894765|1.25|ReturnOnEquity10,22
530|11.382738174073772|31|0.3671851023894765|1.25|ReturnOnEquity10,22
535|11.382738174073772|31|0.3671851023894765|1.25|ReturnOnEquity10,22
540|11.382738174073772|31|0.3671851023894765|1.25|ReturnOnEquity10,22
545|11.382738174073772|31|0.3671851023894765|1.25|ReturnOnEquity10,22
550|11.382738174073772|31|0.3671851023894765|1.25|ReturnOnEquity10,22
555|11.382738174073772|31|0.3671851023894765|1.25|ReturnOnEquity10,22
560|11.382738174073772|31|0.3671851023894765|1.25|ReturnOnEquity10,22
565|11.382738174073772|29|0.3925082128990956|1.2727272727272727|OperatingMargin09,3
570|11.382738174073772|29|0.3925082128990956|1.2727272727272727|OperatingMargin09,3
575|11.382738174073772|29|0.3925082128990956|1.2727272727272727|OperatingMargin09,3
580|11.382738174073772|29|0.3925082128990956|1.2727272727272727|OperatingMargin09,3
585|11.651461683522953|33|0.3530745964703925|1.2307692307692308|ReturnOnEquity10,22
590|11.651461683522953|33|0.3530745964703925|1.2307692307692308|ReturnOnEquity10,22
595|11.651461683522953|33|0.3530745964703925|1.2307692307692308|ReturnOnEquity10,22
600|11.651461683522953|33|0.3530745964703925|1.2307692307692308|ReturnOnEquity10,22
605|11.651461683522953|33|0.3530745964703925|1.2307692307692308|ReturnOnEquity10,22
610|11.651461683522953|31|0.3758536026942888|1.25|ReturnOnEquity10,22
615|11.651461683522953|31|0.3758536026942888|1.25|ReturnOnEquity10,22
620|11.651461683522953|31|0.3758536026942888|1.25|ReturnOnEquity10,22
625|11.651461683522953|31|0.3758536026942888|1.25|ReturnOnEquity10,22
630|11.651461683522953|29|0.40177454081113634|1.1666666666666667|ReturnOnEquity10,22
635|11.651461683522953|29|0.40177454081113634|1.1666666666666667|ReturnOnEquity10,22
640|11.651461683522953|29|0.40177454081113634|1.1666666666666667|ReturnOnEquity10,22
645|11.651461683522953|29|0.40177454081113634|1.1666666666666667|ReturnOnEquity10,22
650|11.651461683522953|29|0.40177454081113634|1.1666666666666667|ReturnOnEquity10,22
655|11.651461683522953|29|0.40177454081113634|1.1666666666666667|ReturnOnEquity10,22
660|11.651461683522953|29|0.40177454081113634|1.1666666666666667|ReturnOnEquity10,22
665|11.651461683522953|29|0.40177454081113634|1.1666666666666667|ReturnOnEquity10,22
670|11.651461683522953|29|0.40177454081113634|1.1666666666666667|ReturnOnEquity10,22
675|11.651461683522953|29|0.40177454081113634|1.1666666666666667|ReturnOnEquity10,22
680|11.651461683522953|29|0.40177454081113634|1.1666666666666667|ReturnOnEquity10,22
685|11.651461683522953|29|0.40177454081113634|1.1666666666666667|ReturnOnEquity10,22
690|11.651461683522953|29|0.40177454081113634|1.1666666666666667|ReturnOnEquity10,22
695|11.651461683522953|29|0.40177454081113634|1.1666666666666667|ReturnOnEquity10,22
700|11.651461683522953|27|0.4315356179082575|1.1818181818181819|ReturnOnEquity10,22
705|11.651461683522953|27|0.4315356179082575|1.1818181818181819|ReturnOnEquity10,22
710|11.651461683522953|27|0.4315356179082575|1.1818181818181819|ReturnOnEquity10,22
715|11.651461683522953|27|0.4315356179082575|1.1818181818181819|ReturnOnEquity10,22
720|11.651461683522953|27|0.4315356179082575|1.1818181818181819|ReturnOnEquity10,22
725|11.651461683522953|25|0.4660584673409181|1.2|ReturnOnEquity10,22
730|11.651461683522953|25|0.4660584673409181|1.2|ReturnOnEquity10,22
735|11.651461683522953|25|0.4660584673409181|1.2|ReturnOnEquity10,22
740|11.651461683522953|25|0.4660584673409181|1.2|ReturnOnEquity10,22
745|11.651461683522953|25|0.4660584673409181|1.2|ReturnOnEquity10,22
750|11.651461683522953|25|0.4660584673409181|1.2|ReturnOnEquity10,22
755|11.651461683522953|25|0.4660584673409181|1.2|ReturnOnEquity10,22
760|11.651461683522953|25|0.4660584673409181|1.2|ReturnOnEquity10,22
765|11.651461683522953|25|0.4660584673409181|1.2|ReturnOnEquity10,22
770|11.651461683522953|25|0.4660584673409181|1.2|ReturnOnEquity10,22
775|11.651461683522953|25|0.4660584673409181|1.2|ReturnOnEquity10,22
780|11.651461683522953|25|0.4660584673409181|1.2|ReturnOnEquity10,22
785|11.651461683522953|25|0.4660584673409181|1.2|ReturnOnEquity10,22
790|11.651461683522953|25|0.4660584673409181|1.2|ReturnOnEquity10,22
795|11.651461683522953|25|0.4660584673409181|1.2|ReturnOnEquity10,22
800|11.651461683522953|25|0.4660584673409181|1.2|ReturnOnEquity10,22
805|11.651461683522953|25|0.4660584673409181|1.2|ReturnOnEquity10,22
810|11.651461683522953|25|0.4660584673409181|1.2|ReturnOnEquity10,22
815|11.662728654398363|57|0.20460927463856776|2.8|ReturnOnEquity10,22
820|11.662728654398363|57|0.20460927463856776|2.8|ReturnOnEquity10,22
825|11.662728654398363|57|0.20460927463856776|2.8|ReturnOnEquity10,22
830|12.189176870860656|63|0.19347899795016915|2.8181818181818183|GrossMarginChange,2
835|12.189176870860656|63|0.19347899795016915|2.8181818181818183|GrossMarginChange,2
840|12.189176870860656|63|0.19347899795016915|2.8181818181818183|GrossMarginChange,2
845|12.189176870860656|55|0.22162139765201194|2.7|GrossMarginChange,2
850|12.189176870860656|55|0.22162139765201194|2.7|GrossMarginChange,2
855|12.189176870860656|53|0.22998446926152183|2.1666666666666665|GrossMarginChange,2
860|12.189176870860656|39|0.31254299668873475|1.7272727272727273|GrossMarginChange,2
865|12.189176870860656|39|0.31254299668873475|1.7272727272727273|GrossMarginChange,2
870|12.189176870860656|39|0.31254299668873475|1.7272727272727273|GrossMarginChange,2
875|12.189176870860656|37|0.32943721272596366|1.6363636363636365|GrossMarginChange,2
880|12.189176870860656|37|0.32943721272596366|1.6363636363636365|GrossMarginChange,2
885|12.189176870860656|35|0.3482621963103045|1.5454545454545454|ReturnOnEquity10,22
890|12.189176870860656|35|0.3482621963103045|1.5454545454545454|ReturnOnEquity10,22
895|12.189176870860656|33|0.36936899608668655|1.4545454545454546|GrossMarginChange,2
900|12.189176870860656|33|0.36936899608668655|1.4545454545454546|GrossMarginChange,2
905|12.189176870860656|33|0.36936899608668655|1.4545454545454546|GrossMarginChange,2
910|12.189176870860656|33|0.36936899608668655|1.4545454545454546|GrossMarginChange,2
915|12.21354079832623|39|0.31316771277759564|1.5833333333333333|ReturnOnEquity10,22
920|12.21354079832623|39|0.31316771277759564|1.5833333333333333|ReturnOnEquity10,22
925|12.21354079832623|39|0.31316771277759564|1.5833333333333333|ReturnOnEquity10,22
930|12.21354079832623|39|0.31316771277759564|1.5833333333333333|ReturnOnEquity10,22
935|12.21354079832623|39|0.31316771277759564|1.5833333333333333|ReturnOnEquity10,22
940|12.21354079832623|39|0.31316771277759564|1.5833333333333333|ReturnOnEquity10,22
945|12.21354079832623|35|0.3489583085236066|1.5454545454545454|TotalCurrentLiabilitiesChange,35
950|12.21354079832623|35|0.3489583085236066|1.5454545454545454|TotalCurrentLiabilitiesChange,35
955|12.21354079832623|35|0.3489583085236066|1.5454545454545454|TotalCurrentLiabilitiesChange,35
960|12.21354079832623|35|0.3489583085236066|1.5454545454545454|TotalCurrentLiabilitiesChange,35
965|12.21354079832623|35|0.3489583085236066|1.5454545454545454|TotalCurrentLiabilitiesChange,35
970|12.21354079832623|33|0.37010729691897665|1.4545454545454546|TotalCurrentLiabilitiesChange,35
975|12.21354079832623|33|0.37010729691897665|1.4545454545454546|TotalCurrentLiabilitiesChange,35
980|12.21354079832623|31|0.3939851870427816|1.3636363636363635|TotalCurrentLiabilitiesChange,35
985|12.21354079832623|31|0.3939851870427816|1.3636363636363635|TotalCurrentLiabilitiesChange,35
990|12.21354079832623|31|0.3939851870427816|1.3636363636363635|TotalCurrentLiabilitiesChange,35
995|12.21354079832623|31|0.3939851870427816|1.3636363636363635|TotalCurrentLiabilitiesChange,35
1000|12.21354079832623|31|0.3939851870427816|1.3636363636363635|TotalCurrentLiabilitiesChange,35
1005|12.21354079832623|31|0.3939851870427816|1.3636363636363635|TotalCurrentLiabilitiesChange,35
1010|12.21354079832623|29|0.4211565792526286|1.2727272727272727|ReturnOnEquity10,22
1015|12.21354079832623|29|0.4211565792526286|1.2727272727272727|ReturnOnEquity10,22
1020|12.21354079832623|29|0.4211565792526286|1.2727272727272727|ReturnOnEquity10,22
1025|12.21354079832623|29|0.4211565792526286|1.2727272727272727|ReturnOnEquity10,22
1030|12.21354079832623|29|0.4211565792526286|1.2727272727272727|ReturnOnEquity10,22
1035|12.21354079832623|29|0.4211565792526286|1.2727272727272727|ReturnOnEquity10,22
1040|12.21354079832623|29|0.4211565792526286|1.2727272727272727|ReturnOnEquity10,22
1045|12.21354079832623|29|0.4211565792526286|1.2727272727272727|ReturnOnEquity10,22
1050|12.21354079832623|29|0.4211565792526286|1.2727272727272727|ReturnOnEquity10,22
1055|12.21354079832623|29|0.4211565792526286|1.2727272727272727|ReturnOnEquity10,22
1060|12.21354079832623|29|0.4211565792526286|1.2727272727272727|ReturnOnEquity10,22
1065|12.21354079832623|29|0.4211565792526286|1.2727272727272727|ReturnOnEquity10,22
1070|12.21354079832623|29|0.4211565792526286|1.2727272727272727|ReturnOnEquity10,22
1075|12.21354079832623|29|0.4211565792526286|1.2727272727272727|ReturnOnEquity10,22
1080|12.21354079832623|29|0.4211565792526286|1.2727272727272727|ReturnOnEquity10,22
1085|12.21354079832623|29|0.4211565792526286|1.2727272727272727|ReturnOnEquity10,22
1090|12.21354079832623|29|0.4211565792526286|1.2727272727272727|ReturnOnEquity10,22
1095|12.21354079832623|29|0.4211565792526286|1.2727272727272727|ReturnOnEquity10,22
1100|12.21354079832623|29|0.4211565792526286|1.2727272727272727|ReturnOnEquity10,22
1105|12.21354079832623|29|0.4211565792526286|1.2727272727272727|ReturnOnEquity10,22
1110|12.21354079832623|29|0.4211565792526286|1.2727272727272727|ReturnOnEquity10,22
1115|12.21354079832623|29|0.4211565792526286|1.2727272727272727|ReturnOnEquity10,22
1120|12.21354079832623|29|0.4211565792526286|1.2727272727272727|ReturnOnEquity10,22
1125|12.21354079832623|29|0.4211565792526286|1.2727272727272727|ReturnOnEquity10,22
1130|12.21354079832623|29|0.4211565792526286|1.2727272727272727|ReturnOnEquity10,22
1135|12.21354079832623|29|0.4211565792526286|1.2727272727272727|ReturnOnEquity10,22
1140|12.21354079832623|29|0.4211565792526286|1.2727272727272727|ReturnOnEquity10,22
1145|12.21354079832623|27|0.4523533629009715|1.3|ReturnOnEquity10,22
1150|12.21354079832623|27|0.4523533629009715|1.3|ReturnOnEquity10,22
1155|12.21354079832623|25|0.4885416319330492|1.3333333333333333|ReturnOnEquity10,22
1160|12.21354079832623|25|0.4885416319330492|1.3333333333333333|ReturnOnEquity10,22
1165|12.21354079832623|25|0.4885416319330492|1.3333333333333333|ReturnOnEquity10,22
1170|12.21354079832623|25|0.4885416319330492|1.3333333333333333|ReturnOnEquity10,22
1175|12.21354079832623|25|0.4885416319330492|1.3333333333333333|ReturnOnEquity10,22
1180|12.21354079832623|25|0.4885416319330492|1.3333333333333333|ReturnOnEquity10,22
1185|12.21354079832623|25|0.4885416319330492|1.3333333333333333|ReturnOnEquity10,22
1190|12.21354079832623|25|0.4885416319330492|1.3333333333333333|ReturnOnEquity10,22
1195|12.21354079832623|25|0.4885416319330492|1.3333333333333333|ReturnOnEquity10,22
1200|12.21354079832623|25|0.4885416319330492|1.3333333333333333|ReturnOnEquity10,22
1205|12.21354079832623|25|0.4885416319330492|1.3333333333333333|ReturnOnEquity10,22
1210|12.21354079832623|25|0.4885416319330492|1.3333333333333333|ReturnOnEquity10,22
1215|12.21354079832623|25|0.4885416319330492|1.3333333333333333|ReturnOnEquity10,22
1220|12.21354079832623|25|0.4885416319330492|1.3333333333333333|ReturnOnEquity10,22
1225|12.21354079832623|25|0.4885416319330492|1.3333333333333333|ReturnOnEquity10,22
1230|12.21354079832623|25|0.4885416319330492|1.3333333333333333|ReturnOnEquity10,22
1235|12.21354079832623|25|0.4885416319330492|1.3333333333333333|ReturnOnEquity10,22
1240|12.21354079832623|25|0.4885416319330492|1.3333333333333333|ReturnOnEquity10,22
1245|12.21354079832623|25|0.4885416319330492|1.3333333333333333|ReturnOnEquity10,22
1250|12.21354079832623|25|0.4885416319330492|1.3333333333333333|ReturnOnEquity10,22
1255|12.21354079832623|25|0.4885416319330492|1.3333333333333333|ReturnOnEquity10,22
1260|12.21354079832623|25|0.4885416319330492|1.3333333333333333|ReturnOnEquity10,22
1265|12.21354079832623|25|0.4885416319330492|1.3333333333333333|ReturnOnEquity10,22
1270|12.21354079832623|25|0.4885416319330492|1.3333333333333333|ReturnOnEquity10,22
1275|12.21354079832623|25|0.4885416319330492|1.3333333333333333|ReturnOnEquity10,22
1280|12.21354079832623|25|0.4885416319330492|1.3333333333333333|ReturnOnEquity10,22
1285|12.21354079832623|25|0.4885416319330492|1.3333333333333333|ReturnOnEquity10,22
1290|12.21354079832623|25|0.4885416319330492|1.3333333333333333|ReturnOnEquity10,22
1295|12.21354079832623|25|0.4885416319330492|1.3333333333333333|ReturnOnEquity10,22
1300|12.21354079832623|25|0.4885416319330492|1.3333333333333333|ReturnOnEquity10,22
1305|12.21354079832623|25|0.4885416319330492|1.3333333333333333|ReturnOnEquity10,22
1310|12.21354079832623|25|0.4885416319330492|1.3333333333333333|ReturnOnEquity10,22
1315|12.21354079832623|25|0.4885416319330492|1.3333333333333333|ReturnOnEquity10,22
1320|12.21354079832623|25|0.4885416319330492|1.3333333333333333|ReturnOnEquity10,22
1325|12.21354079832623|25|0.4885416319330492|1.3333333333333333|ReturnOnEquity10,22
1330|12.21354079832623|25|0.4885416319330492|1.3333333333333333|ReturnOnEquity10,22
1335|12.21354079832623|25|0.4885416319330492|1.3333333333333333|ReturnOnEquity10,22
1340|12.21354079832623|25|0.4885416319330492|1.3333333333333333|ReturnOnEquity10,22
1345|12.21354079832623|25|0.4885416319330492|1.3333333333333333|ReturnOnEquity10,22
1350|12.21354079832623|25|0.4885416319330492|1.3333333333333333|ReturnOnEquity10,22
1355|12.21354079832623|25|0.4885416319330492|1.3333333333333333|ReturnOnEquity10,22
1360|12.21354079832623|25|0.4885416319330492|1.3333333333333333|ReturnOnEquity10,22
1365|12.21354079832623|25|0.4885416319330492|1.3333333333333333|ReturnOnEquity10,22
1370|12.21354079832623|25|0.4885416319330492|1.3333333333333333|ReturnOnEquity10,22
1375|12.21354079832623|25|0.4885416319330492|1.3333333333333333|ReturnOnEquity10,22
1380|12.21354079832623|25|0.4885416319330492|1.3333333333333333|ReturnOnEquity10,22
1385|12.21354079832623|25|0.4885416319330492|1.3333333333333333|ReturnOnEquity10,22
1390|12.21354079832623|25|0.4885416319330492|1.3333333333333333|ReturnOnEquity10,22
1395|12.21354079832623|25|0.4885416319330492|1.3333333333333333|ReturnOnEquity10,22
1400|12.21354079832623|25|0.4885416319330492|1.3333333333333333|ReturnOnEquity10,22
1405|12.21354079832623|25|0.4885416319330492|1.3333333333333333|ReturnOnEquity10,22
1410|12.21354079832623|25|0.4885416319330492|1.3333333333333333|ReturnOnEquity10,22
1415|12.21354079832623|25|0.4885416319330492|1.3333333333333333|ReturnOnEquity10,22
1420|12.21354079832623|25|0.4885416319330492|1.3333333333333333|ReturnOnEquity10,22
1425|12.21354079832623|25|0.4885416319330492|1.3333333333333333|ReturnOnEquity10,22
1430|12.21354079832623|25|0.4885416319330492|1.3333333333333333|ReturnOnEquity10,22
1435|12.21354079832623|25|0.4885416319330492|1.3333333333333333|ReturnOnEquity10,22
1440|12.21354079832623|25|0.4885416319330492|1.3333333333333333|ReturnOnEquity10,22
1445|12.21354079832623|25|0.4885416319330492|1.3333333333333333|ReturnOnEquity10,22
1450|12.21354079832623|25|0.4885416319330492|1.3333333333333333|ReturnOnEquity10,22
1455|12.21354079832623|25|0.4885416319330492|1.3333333333333333|ReturnOnEquity10,22
1460|12.21354079832623|25|0.4885416319330492|1.3333333333333333|ReturnOnEquity10,22
1465|12.21354079832623|25|0.4885416319330492|1.3333333333333333|ReturnOnEquity10,22
1470|12.21354079832623|25|0.4885416319330492|1.3333333333333333|ReturnOnEquity10,22
1475|12.21354079832623|25|0.4885416319330492|1.3333333333333333|ReturnOnEquity10,22
1480|12.21354079832623|25|0.4885416319330492|1.3333333333333333|ReturnOnEquity10,22
1485|12.21354079832623|25|0.4885416319330492|1.3333333333333333|ReturnOnEquity10,22
1490|12.21354079832623|25|0.4885416319330492|1.3333333333333333|ReturnOnEquity10,22
1495|12.21354079832623|25|0.4885416319330492|1.3333333333333333|ReturnOnEquity10,22
1500|12.21354079832623|25|0.4885416319330492|1.3333333333333333|ReturnOnEquity10,22
1505|12.21354079832623|25|0.4885416319330492|1.3333333333333333|ReturnOnEquity10,22
1510|12.21354079832623|25|0.4885416319330492|1.3333333333333333|ReturnOnEquity10,22
1515|12.21354079832623|25|0.4885416319330492|1.3333333333333333|ReturnOnEquity10,22
1520|12.21354079832623|25|0.4885416319330492|1.3333333333333333|ReturnOnEquity10,22
1525|12.21354079832623|25|0.4885416319330492|1.3333333333333333|ReturnOnEquity10,22
1530|12.21354079832623|25|0.4885416319330492|1.3333333333333333|ReturnOnEquity10,22
1535|12.21354079832623|25|0.4885416319330492|1.3333333333333333|ReturnOnEquity10,22
1540|12.21354079832623|25|0.4885416319330492|1.3333333333333333|ReturnOnEquity10,22
1545|12.21354079832623|25|0.4885416319330492|1.3333333333333333|ReturnOnEquity10,22
1550|12.21354079832623|25|0.4885416319330492|1.3333333333333333|ReturnOnEquity10,22
1555|12.21354079832623|25|0.4885416319330492|1.3333333333333333|ReturnOnEquity10,22
1560|12.21354079832623|25|0.4885416319330492|1.3333333333333333|ReturnOnEquity10,22
1565|12.21354079832623|25|0.4885416319330492|1.3333333333333333|ReturnOnEquity10,22
1570|12.21354079832623|25|0.4885416319330492|1.3333333333333333|ReturnOnEquity10,22
1575|12.21354079832623|25|0.4885416319330492|1.3333333333333333|ReturnOnEquity10,22
1580|12.21354079832623|25|0.4885416319330492|1.3333333333333333|ReturnOnEquity10,22
1585|12.21354079832623|25|0.4885416319330492|1.3333333333333333|ReturnOnEquity10,22
1590|12.21354079832623|25|0.4885416319330492|1.3333333333333333|ReturnOnEquity10,22
1595|12.21354079832623|25|0.4885416319330492|1.3333333333333333|ReturnOnEquity10,22
1600|12.21354079832623|25|0.4885416319330492|1.3333333333333333|ReturnOnEquity10,22
1605|12.21354079832623|25|0.4885416319330492|1.3333333333333333|ReturnOnEquity10,22
1610|12.21354079832623|25|0.4885416319330492|1.3333333333333333|ReturnOnEquity10,22
1615|12.21354079832623|25|0.4885416319330492|1.3333333333333333|ReturnOnEquity10,22
1620|12.21354079832623|25|0.4885416319330492|1.3333333333333333|ReturnOnEquity10,22
1625|12.21354079832623|25|0.4885416319330492|1.3333333333333333|ReturnOnEquity10,22
1630|12.21354079832623|25|0.4885416319330492|1.3333333333333333|ReturnOnEquity10,22
1635|12.21354079832623|25|0.4885416319330492|1.3333333333333333|ReturnOnEquity10,22
1640|12.21354079832623|25|0.4885416319330492|1.3333333333333333|ReturnOnEquity10,22
1645|12.21354079832623|25|0.4885416319330492|1.3333333333333333|ReturnOnEquity10,22
1650|12.21354079832623|25|0.4885416319330492|1.3333333333333333|ReturnOnEquity10,22
1655|12.21354079832623|25|0.4885416319330492|1.3333333333333333|ReturnOnEquity10,22
1660|12.21354079832623|25|0.4885416319330492|1.3333333333333333|ReturnOnEquity10,22
1665|12.21354079832623|25|0.4885416319330492|1.3333333333333333|ReturnOnEquity10,22
1670|12.21354079832623|25|0.4885416319330492|1.3333333333333333|ReturnOnEquity10,22
1675|12.21354079832623|25|0.4885416319330492|1.3333333333333333|ReturnOnEquity10,22
1680|12.21354079832623|25|0.4885416319330492|1.3333333333333333|ReturnOnEquity10,22
1685|12.21354079832623|25|0.4885416319330492|1.3333333333333333|ReturnOnEquity10,22
1690|12.21354079832623|25|0.4885416319330492|1.3333333333333333|ReturnOnEquity10,22
1695|12.21354079832623|25|0.4885416319330492|1.3333333333333333|ReturnOnEquity10,22
1700|12.21354079832623|25|0.4885416319330492|1.3333333333333333|ReturnOnEquity10,22
1705|12.21354079832623|25|0.4885416319330492|1.3333333333333333|ReturnOnEquity10,22
1710|12.21354079832623|25|0.4885416319330492|1.3333333333333333|ReturnOnEquity10,22
1715|12.21354079832623|25|0.4885416319330492|1.3333333333333333|ReturnOnEquity10,22
1720|12.21354079832623|25|0.4885416319330492|1.3333333333333333|ReturnOnEquity10,22
1725|12.21354079832623|25|0.4885416319330492|1.3333333333333333|ReturnOnEquity10,22
1730|12.21354079832623|25|0.4885416319330492|1.3333333333333333|ReturnOnEquity10,22
1735|12.21354079832623|25|0.4885416319330492|1.3333333333333333|ReturnOnEquity10,22
1740|12.21354079832623|25|0.4885416319330492|1.3333333333333333|ReturnOnEquity10,22
1745|12.21354079832623|25|0.4885416319330492|1.3333333333333333|ReturnOnEquity10,22
1750|12.21354079832623|25|0.4885416319330492|1.3333333333333333|ReturnOnEquity10,22
1755|12.21354079832623|25|0.4885416319330492|1.3333333333333333|ReturnOnEquity10,22
1760|12.21354079832623|25|0.4885416319330492|1.3333333333333333|ReturnOnEquity10,22
1765|12.21354079832623|25|0.4885416319330492|1.3333333333333333|ReturnOnEquity10,22
1770|12.21354079832623|25|0.4885416319330492|1.3333333333333333|ReturnOnEquity10,22
1775|12.21354079832623|25|0.4885416319330492|1.3333333333333333|ReturnOnEquity10,22
1780|12.21354079832623|25|0.4885416319330492|1.3333333333333333|ReturnOnEquity10,22
1785|12.21354079832623|25|0.4885416319330492|1.3333333333333333|ReturnOnEquity10,22
1790|12.21354079832623|25|0.4885416319330492|1.3333333333333333|ReturnOnEquity10,22
1795|12.21354079832623|25|0.4885416319330492|1.3333333333333333|ReturnOnEquity10,22
1800|12.21354079832623|25|0.4885416319330492|1.3333333333333333|ReturnOnEquity10,22
1805|12.21354079832623|25|0.4885416319330492|1.3333333333333333|ReturnOnEquity10,22
1810|12.21354079832623|25|0.4885416319330492|1.3333333333333333|ReturnOnEquity10,22
1815|12.21354079832623|25|0.4885416319330492|1.3333333333333333|ReturnOnEquity10,22
1820|12.21354079832623|25|0.4885416319330492|1.3333333333333333|ReturnOnEquity10,22
1825|12.21354079832623|25|0.4885416319330492|1.3333333333333333|ReturnOnEquity10,22
1830|12.21354079832623|25|0.4885416319330492|1.3333333333333333|ReturnOnEquity10,22
1835|12.21354079832623|25|0.4885416319330492|1.3333333333333333|ReturnOnEquity10,22
1840|12.21354079832623|25|0.4885416319330492|1.3333333333333333|ReturnOnEquity10,22
1845|12.21354079832623|25|0.4885416319330492|1.3333333333333333|ReturnOnEquity10,22
1850|12.21354079832623|25|0.4885416319330492|1.3333333333333333|ReturnOnEquity10,22
1855|12.21354079832623|25|0.4885416319330492|1.3333333333333333|ReturnOnEquity10,22
1860|12.21354079832623|25|0.4885416319330492|1.3333333333333333|ReturnOnEquity10,22
1865|12.21354079832623|25|0.4885416319330492|1.3333333333333333|ReturnOnEquity10,22
1870|12.21354079832623|25|0.4885416319330492|1.3333333333333333|ReturnOnEquity10,22
1875|12.21354079832623|25|0.4885416319330492|1.3333333333333333|ReturnOnEquity10,22
1880|12.21354079832623|25|0.4885416319330492|1.3333333333333333|ReturnOnEquity10,22
1885|12.21354079832623|25|0.4885416319330492|1.3333333333333333|ReturnOnEquity10,22
1890|12.21354079832623|25|0.4885416319330492|1.3333333333333333|ReturnOnEquity10,22
1895|12.21354079832623|25|0.4885416319330492|1.3333333333333333|ReturnOnEquity10,22
1900|12.21354079832623|25|0.4885416319330492|1.3333333333333333|ReturnOnEquity10,22
1905|12.21354079832623|25|0.4885416319330492|1.3333333333333333|ReturnOnEquity10,22
1910|12.21354079832623|25|0.4885416319330492|1.3333333333333333|ReturnOnEquity10,22
1915|12.21354079832623|25|0.4885416319330492|1.3333333333333333|ReturnOnEquity10,22
1920|12.21354079832623|25|0.4885416319330492|1.3333333333333333|ReturnOnEquity10,22
1925|12.21354079832623|25|0.4885416319330492|1.3333333333333333|ReturnOnEquity10,22
1930|12.21354079832623|25|0.4885416319330492|1.3333333333333333|ReturnOnEquity10,22
1935|12.21354079832623|25|0.4885416319330492|1.3333333333333333|ReturnOnEquity10,22
1940|12.21354079832623|25|0.4885416319330492|1.3333333333333333|ReturnOnEquity10,22
1945|12.21354079832623|25|0.4885416319330492|1.3333333333333333|ReturnOnEquity10,22
1950|12.21354079832623|25|0.4885416319330492|1.3333333333333333|ReturnOnEquity10,22
1955|12.21354079832623|25|0.4885416319330492|1.3333333333333333|ReturnOnEquity10,22
1960|12.21354079832623|25|0.4885416319330492|1.3333333333333333|ReturnOnEquity10,22
1965|12.21354079832623|25|0.4885416319330492|1.3333333333333333|ReturnOnEquity10,22
1970|12.21354079832623|25|0.4885416319330492|1.3333333333333333|ReturnOnEquity10,22
1975|12.21354079832623|25|0.4885416319330492|1.3333333333333333|ReturnOnEquity10,22
1980|12.21354079832623|25|0.4885416319330492|1.3333333333333333|ReturnOnEquity10,22
1985|12.21354079832623|25|0.4885416319330492|1.3333333333333333|ReturnOnEquity10,22
1990|12.21354079832623|25|0.4885416319330492|1.3333333333333333|ReturnOnEquity10,22
1995|12.21354079832623|25|0.4885416319330492|1.3333333333333333|ReturnOnEquity10,22
2000|12.21354079832623|25|0.4885416319330492|1.3333333333333333|ReturnOnEquity10,22
