#########################################################
# Algorithm Parameters #
# Generations = 2000
# Population size = 100
# Resolution = 5
#########################################################
# Financial Parameters #
# Quarter = 2
# Crossover probabilities = 0.75 -> 0.25
# Mutation start probabilities = 0.9,0.0,0.6,0.5,0.6,0.9
# Mutation end probabilities = 0.4,0.4,0.1,0.1,0.1,0.4
######################################################### 
0|7.663454106113115|7|1.0947791580161594|1.0|SGAExpenses10,13
5|8.450630570145904|13|0.6500485053958388|1.0|GrossMarginChange,2
10|9.197014171601642|19|0.48405337745271804|1.0|GrossMarginChange,2
15|9.197014171601642|19|0.48405337745271804|1.0|GrossMarginChange,2
20|9.28301257758197|21|0.44204821798009375|1.1111111111111112|ReturnOnEquity10,22
25|9.462570910719675|17|0.5566218182776279|1.0|GrossMarginChange,2
30|9.735035954545904|29|0.3356908949843415|1.2727272727272727|ResearchDevelopment09,15
35|10.076133768860656|25|0.4030453507544262|1.2|CapExSalesChange,29
40|10.179987192149179|27|0.3770365626721918|1.625|TotalCurrentLiabilitiesChange,35
45|10.305806017188525|23|0.4480785224864576|1.2222222222222223|ReturnOnEquity10,22
50|10.305806017188525|23|0.4480785224864576|1.2222222222222223|ReturnOnEquity10,22
55|10.330169944654097|29|0.35621275671221025|1.4|ReturnOnEquity10,22
60|10.58630407219836|29|0.36504496800684|1.5555555555555556|TotalCurrentLiabilitiesChange,35
65|10.58630407219836|29|0.36504496800684|1.5555555555555556|TotalCurrentLiabilitiesChange,35
70|10.901776042778689|51|0.213760314564288|2.0833333333333335|CapExSalesChange,29
75|11.105698303381967|57|0.1948368123400345|2.0|CapExSalesChange,29
80|11.385688783706557|59|0.19297777599502638|2.0714285714285716|TotalCurrentLiabilitiesChange,35
85|11.98272366386721|69|0.17366266179517695|2.0|CapExSalesChange,29
90|11.98272366386721|69|0.17366266179517695|2.0|CapExSalesChange,29
95|12.030313489663932|71|0.1694410350656892|2.0588235294117645|CapExSalesChange,29
100|12.065826522424588|103|0.1171439468196562|2.6842105263157894|TotalCurrentLiabilitiesChange,35
105|12.08466053979836|105|0.11509200514093676|2.4761904761904763|TotalCurrentLiabilitiesChange,35
110|12.19470678095246|131|0.09308936474009512|3.25|TotalCurrentLiabilitiesChange,35
115|12.19470678095246|131|0.09308936474009512|3.25|TotalCurrentLiabilitiesChange,35
120|12.24229660674918|139|0.08807407630754806|2.875|TotalCurrentLiabilitiesChange,35
125|12.261130624122952|159|0.07711402908253429|3.4347826086956523|TotalCurrentLiabilitiesChange,35
130|12.261130624122952|159|0.07711402908253429|3.4347826086956523|TotalCurrentLiabilitiesChange,35
135|12.261130624122952|99|0.12384980428407022|2.130434782608696|TotalCurrentLiabilitiesChange,35
140|12.261130624122952|99|0.12384980428407022|2.130434782608696|TotalCurrentLiabilitiesChange,35
145|12.261130624122952|87|0.14093253590945923|2.388888888888889|TotalCurrentLiabilitiesChange,35
150|12.261130624122952|81|0.1513719830138636|2.2222222222222223|TotalCurrentLiabilitiesChange,35
155|12.261130624122952|75|0.1634817416549727|1.9473684210526316|TotalCurrentLiabilitiesChange,35
160|12.261130624122952|75|0.1634817416549727|1.9473684210526316|TotalCurrentLiabilitiesChange,35
165|12.261130624122952|67|0.18300194961377542|2.2|TotalCurrentLiabilitiesChange,35
170|12.261130624122952|67|0.18300194961377542|2.2|TotalCurrentLiabilitiesChange,35
175|12.261130624122952|67|0.18300194961377542|2.2|TotalCurrentLiabilitiesChange,35
180|12.261130624122952|67|0.18300194961377542|2.2|TotalCurrentLiabilitiesChange,35
185|12.261130624122952|63|0.19462112101782464|2.2142857142857144|CapExSales09,27
190|12.261130624122952|63|0.19462112101782464|2.2142857142857144|CapExSales09,27
195|12.261130624122952|59|0.20781577329021952|2.0714285714285716|CapExSales09,27
200|12.261130624122952|59|0.20781577329021952|2.0714285714285716|CapExSales09,27
205|12.261130624122952|59|0.20781577329021952|2.0714285714285716|CapExSales09,27
210|12.261130624122952|59|0.20781577329021952|2.0714285714285716|CapExSales09,27
215|12.261130624122952|57|0.2151075548091746|1.8666666666666667|CapExSales09,27
220|12.261130624122952|57|0.2151075548091746|1.8666666666666667|CapExSales09,27
225|12.261130624122952|55|0.2229296477113264|2.076923076923077|CapExSales09,27
230|12.261130624122952|55|0.2229296477113264|2.076923076923077|CapExSales09,27
235|12.261130624122952|55|0.2229296477113264|2.076923076923077|CapExSales09,27
240|12.261130624122952|51|0.24041432596319515|1.7857142857142858|TotalCurrentLiabilitiesChange,35
245|12.261130624122952|51|0.24041432596319515|1.7857142857142858|TotalCurrentLiabilitiesChange,35
250|12.261130624122952|51|0.24041432596319515|1.7857142857142858|TotalCurrentLiabilitiesChange,35
255|12.261130624122952|51|0.24041432596319515|1.7857142857142858|TotalCurrentLiabilitiesChange,35
260|12.261130624122952|49|0.25022715559434594|1.7142857142857142|TotalCurrentLiabilitiesChange,35
265|12.261130624122952|49|0.25022715559434594|1.7142857142857142|TotalCurrentLiabilitiesChange,35
270|12.261130624122952|47|0.26087511966219046|1.9166666666666667|CapExSales09,27
275|12.261130624122952|47|0.26087511966219046|1.9166666666666667|CapExSales09,27
280|12.261130624122952|47|0.26087511966219046|1.9166666666666667|CapExSales09,27
285|12.261130624122952|47|0.26087511966219046|1.9166666666666667|CapExSales09,27
290|12.261130624122952|47|0.26087511966219046|1.9166666666666667|CapExSales09,27
295|12.261130624122952|47|0.26087511966219046|1.9166666666666667|CapExSales09,27
300|12.261130624122952|47|0.26087511966219046|1.9166666666666667|CapExSales09,27
305|12.261130624122952|45|0.2724695694249545|1.6923076923076923|TotalCurrentLiabilitiesChange,35
310|12.261130624122952|45|0.2724695694249545|1.6923076923076923|TotalCurrentLiabilitiesChange,35
315|12.261130624122952|45|0.2724695694249545|1.6923076923076923|TotalCurrentLiabilitiesChange,35
320|12.261130624122952|45|0.2724695694249545|1.6923076923076923|TotalCurrentLiabilitiesChange,35
325|12.261130624122952|45|0.2724695694249545|1.6923076923076923|TotalCurrentLiabilitiesChange,35
330|12.261130624122952|45|0.2724695694249545|1.6923076923076923|TotalCurrentLiabilitiesChange,35
335|12.261130624122952|45|0.2724695694249545|1.6923076923076923|TotalCurrentLiabilitiesChange,35
340|12.412449148024589|51|0.2433813558436194|1.9230769230769231|TotalCurrentLiabilitiesChange,35
345|12.412449148024589|51|0.2433813558436194|1.9230769230769231|TotalCurrentLiabilitiesChange,35
350|12.412449148024589|51|0.2433813558436194|1.9230769230769231|TotalCurrentLiabilitiesChange,35
355|12.412449148024589|51|0.2433813558436194|1.9230769230769231|TotalCurrentLiabilitiesChange,35
360|12.58891923234918|69|0.1824481048166548|2.4285714285714284|TotalCurrentLiabilitiesChange,35
365|12.58891923234918|69|0.1824481048166548|2.4285714285714284|TotalCurrentLiabilitiesChange,35
370|12.58891923234918|69|0.1824481048166548|2.4285714285714284|TotalCurrentLiabilitiesChange,35
375|12.58891923234918|69|0.1824481048166548|2.4285714285714284|TotalCurrentLiabilitiesChange,35
380|12.58891923234918|65|0.1936756804976797|2.2857142857142856|TotalCurrentLiabilitiesChange,35
385|12.58891923234918|63|0.19982411479919335|2.2142857142857144|TotalCurrentLiabilitiesChange,35
390|12.58891923234918|63|0.19982411479919335|2.2142857142857144|TotalCurrentLiabilitiesChange,35
395|12.725112593096721|85|0.14970720697760848|3.0|TotalCurrentLiabilitiesChange,35
400|12.725112593096721|83|0.15331460955538218|2.7333333333333334|TotalCurrentLiabilitiesChange,35
405|12.725112593096721|73|0.17431661086433864|2.5714285714285716|TotalCurrentLiabilitiesChange,35
410|12.725112593096721|73|0.17431661086433864|2.5714285714285716|TotalCurrentLiabilitiesChange,35
415|12.725112593096721|69|0.18442192163908291|2.0|TotalCurrentLiabilitiesChange,35
420|12.725112593096721|69|0.18442192163908291|2.0|TotalCurrentLiabilitiesChange,35
425|12.725112593096721|63|0.20198591417613843|1.9375|TotalCurrentLiabilitiesChange,35
430|12.725112593096721|61|0.20860840316552|2.0|TotalCurrentLiabilitiesChange,35
435|12.725112593096721|61|0.20860840316552|2.0|TotalCurrentLiabilitiesChange,35
440|12.725112593096721|61|0.20860840316552|2.0|TotalCurrentLiabilitiesChange,35
445|12.725112593096721|61|0.20860840316552|2.0|TotalCurrentLiabilitiesChange,35
450|12.725112593096721|61|0.20860840316552|2.0|TotalCurrentLiabilitiesChange,35
455|12.725112593096721|59|0.21567987445926645|2.0714285714285716|TotalCurrentLiabilitiesChange,35
460|12.725112593096721|59|0.21567987445926645|2.0714285714285716|TotalCurrentLiabilitiesChange,35
465|12.725112593096721|59|0.21567987445926645|2.0714285714285716|TotalCurrentLiabilitiesChange,35
470|12.725112593096721|59|0.21567987445926645|2.0714285714285716|TotalCurrentLiabilitiesChange,35
475|12.725112593096721|59|0.21567987445926645|2.0714285714285716|TotalCurrentLiabilitiesChange,35
480|12.725112593096721|57|0.22324758935257405|2.0|TotalCurrentLiabilitiesChange,35
485|12.725112593096721|57|0.22324758935257405|2.0|TotalCurrentLiabilitiesChange,35
490|12.725112593096721|57|0.22324758935257405|2.0|TotalCurrentLiabilitiesChange,35
495|12.725112593096721|57|0.22324758935257405|2.0|TotalCurrentLiabilitiesChange,35
500|12.725112593096721|55|0.2313656835108495|1.9285714285714286|TotalCurrentLiabilitiesChange,35
505|12.725112593096721|55|0.2313656835108495|1.9285714285714286|TotalCurrentLiabilitiesChange,35
510|12.725112593096721|53|0.24009646402069285|1.7333333333333334|TotalCurrentLiabilitiesChange,35
515|12.725112593096721|53|0.24009646402069285|1.7333333333333334|TotalCurrentLiabilitiesChange,35
520|12.725112593096721|53|0.24009646402069285|1.7333333333333334|TotalCurrentLiabilitiesChange,35
525|12.725112593096721|53|0.24009646402069285|1.7333333333333334|TotalCurrentLiabilitiesChange,35
530|12.725112593096721|53|0.24009646402069285|1.7333333333333334|TotalCurrentLiabilitiesChange,35
535|12.725112593096721|53|0.24009646402069285|1.7333333333333334|TotalCurrentLiabilitiesChange,35
540|12.725112593096721|53|0.24009646402069285|1.7333333333333334|TotalCurrentLiabilitiesChange,35
545|12.725112593096721|51|0.24951201162934747|1.9230769230769231|TotalCurrentLiabilitiesChange,35
550|12.725112593096721|51|0.24951201162934747|1.9230769230769231|TotalCurrentLiabilitiesChange,35
555|12.725112593096721|51|0.24951201162934747|1.9230769230769231|TotalCurrentLiabilitiesChange,35
560|12.725112593096721|51|0.24951201162934747|1.9230769230769231|TotalCurrentLiabilitiesChange,35
565|12.725112593096721|51|0.24951201162934747|1.9230769230769231|TotalCurrentLiabilitiesChange,35
570|12.725112593096721|51|0.24951201162934747|1.9230769230769231|TotalCurrentLiabilitiesChange,35
575|12.725112593096721|51|0.24951201162934747|1.9230769230769231|TotalCurrentLiabilitiesChange,35
580|12.725112593096721|51|0.24951201162934747|1.9230769230769231|TotalCurrentLiabilitiesChange,35
585|12.725112593096721|51|0.24951201162934747|1.9230769230769231|TotalCurrentLiabilitiesChange,35
590|12.725112593096721|49|0.2596961753693208|2.0|TotalCurrentLiabilitiesChange,35
595|12.725112593096721|45|0.2827802798465938|1.6923076923076923|TotalCurrentLiabilitiesChange,35
600|12.725112593096721|45|0.2827802798465938|1.6923076923076923|TotalCurrentLiabilitiesChange,35
605|12.725112593096721|45|0.2827802798465938|1.6923076923076923|TotalCurrentLiabilitiesChange,35
610|12.725112593096721|45|0.2827802798465938|1.6923076923076923|TotalCurrentLiabilitiesChange,35
615|12.725112593096721|45|0.2827802798465938|1.6923076923076923|TotalCurrentLiabilitiesChange,35
620|12.725112593096721|45|0.2827802798465938|1.6923076923076923|TotalCurrentLiabilitiesChange,35
625|12.725112593096721|45|0.2827802798465938|1.6923076923076923|TotalCurrentLiabilitiesChange,35
630|12.725112593096721|45|0.2827802798465938|1.6923076923076923|TotalCurrentLiabilitiesChange,35
635|12.725112593096721|45|0.2827802798465938|1.6923076923076923|TotalCurrentLiabilitiesChange,35
640|12.725112593096721|45|0.2827802798465938|1.6923076923076923|TotalCurrentLiabilitiesChange,35
645|12.725112593096721|45|0.2827802798465938|1.6923076923076923|TotalCurrentLiabilitiesChange,35
650|12.725112593096721|45|0.2827802798465938|1.6923076923076923|TotalCurrentLiabilitiesChange,35
655|12.725112593096721|43|0.2959328510022493|1.75|CapExSales09,27
660|12.725112593096721|43|0.2959328510022493|1.75|CapExSales09,27
665|12.725112593096721|43|0.2959328510022493|1.75|CapExSales09,27
670|12.725112593096721|43|0.2959328510022493|1.75|CapExSales09,27
675|12.725112593096721|43|0.2959328510022493|1.75|CapExSales09,27
680|12.725112593096721|43|0.2959328510022493|1.75|CapExSales09,27
685|12.725112593096721|43|0.2959328510022493|1.75|CapExSales09,27
690|12.725112593096721|43|0.2959328510022493|1.75|CapExSales09,27
695|12.725112593096721|43|0.2959328510022493|1.75|CapExSales09,27
700|12.725112593096721|43|0.2959328510022493|1.75|CapExSales09,27
705|12.784764581418033|45|0.2841058795870674|1.5714285714285714|TotalCurrentLiabilitiesChange,35
710|12.784764581418033|45|0.2841058795870674|1.5714285714285714|TotalCurrentLiabilitiesChange,35
715|12.891674100037706|71|0.1815728746484184|2.9166666666666665|TotalCurrentLiabilitiesChange,35
720|12.891674100037706|61|0.2113389196727493|2.5|TotalCurrentLiabilitiesChange,35
725|12.931988145329507|69|0.18742011804825373|2.6153846153846154|TotalCurrentLiabilitiesChange,35
730|12.931988145329507|69|0.18742011804825373|2.6153846153846154|TotalCurrentLiabilitiesChange,35
735|12.931988145329507|69|0.18742011804825373|2.6153846153846154|TotalCurrentLiabilitiesChange,35
740|12.931988145329507|69|0.18742011804825373|2.6153846153846154|TotalCurrentLiabilitiesChange,35
745|12.931988145329507|65|0.1989536637743001|2.1333333333333333|TotalCurrentLiabilitiesChange,35
750|12.931988145329507|47|0.275148683943181|1.7692307692307692|TotalCurrentLiabilitiesChange,35
755|12.931988145329507|47|0.275148683943181|1.7692307692307692|TotalCurrentLiabilitiesChange,35
760|12.931988145329507|47|0.275148683943181|1.7692307692307692|TotalCurrentLiabilitiesChange,35
765|12.931988145329507|47|0.275148683943181|1.7692307692307692|TotalCurrentLiabilitiesChange,35
770|12.931988145329507|47|0.275148683943181|1.7692307692307692|TotalCurrentLiabilitiesChange,35
775|12.931988145329507|45|0.2873775143406557|1.8333333333333333|TotalCurrentLiabilitiesChange,35
780|12.931988145329507|45|0.2873775143406557|1.8333333333333333|TotalCurrentLiabilitiesChange,35
785|12.931988145329507|45|0.2873775143406557|1.8333333333333333|TotalCurrentLiabilitiesChange,35
790|12.931988145329507|43|0.30074391035650017|1.75|TotalCurrentLiabilitiesChange,35
795|12.931988145329507|43|0.30074391035650017|1.75|TotalCurrentLiabilitiesChange,35
800|12.931988145329507|43|0.30074391035650017|1.75|TotalCurrentLiabilitiesChange,35
805|12.931988145329507|41|0.3154143450080368|1.6666666666666667|TotalCurrentLiabilitiesChange,35
810|12.931988145329507|41|0.3154143450080368|1.6666666666666667|TotalCurrentLiabilitiesChange,35
815|12.931988145329507|41|0.3154143450080368|1.6666666666666667|TotalCurrentLiabilitiesChange,35
820|12.931988145329507|41|0.3154143450080368|1.6666666666666667|TotalCurrentLiabilitiesChange,35
825|12.931988145329507|41|0.3154143450080368|1.6666666666666667|TotalCurrentLiabilitiesChange,35
830|12.931988145329507|41|0.3154143450080368|1.6666666666666667|TotalCurrentLiabilitiesChange,35
835|12.931988145329507|39|0.3315894396238335|1.4615384615384615|ReturnOnEquity10,22
840|12.931988145329507|39|0.3315894396238335|1.4615384615384615|ReturnOnEquity10,22
845|12.931988145329507|39|0.3315894396238335|1.4615384615384615|ReturnOnEquity10,22
850|12.931988145329507|39|0.3315894396238335|1.4615384615384615|ReturnOnEquity10,22
855|12.931988145329507|39|0.3315894396238335|1.4615384615384615|ReturnOnEquity10,22
860|12.931988145329507|39|0.3315894396238335|1.4615384615384615|ReturnOnEquity10,22
865|12.931988145329507|39|0.3315894396238335|1.4615384615384615|ReturnOnEquity10,22
870|12.931988145329507|39|0.3315894396238335|1.4615384615384615|ReturnOnEquity10,22
875|12.931988145329507|39|0.3315894396238335|1.4615384615384615|ReturnOnEquity10,22
880|12.931988145329507|39|0.3315894396238335|1.4615384615384615|ReturnOnEquity10,22
885|12.931988145329507|39|0.3315894396238335|1.4615384615384615|ReturnOnEquity10,22
890|12.931988145329507|39|0.3315894396238335|1.4615384615384615|ReturnOnEquity10,22
895|12.931988145329507|39|0.3315894396238335|1.4615384615384615|ReturnOnEquity10,22
900|12.931988145329507|39|0.3315894396238335|1.4615384615384615|ReturnOnEquity10,22
905|12.931988145329507|39|0.3315894396238335|1.4615384615384615|ReturnOnEquity10,22
910|12.931988145329507|39|0.3315894396238335|1.4615384615384615|ReturnOnEquity10,22
915|12.931988145329507|39|0.3315894396238335|1.4615384615384615|ReturnOnEquity10,22
920|12.931988145329507|39|0.3315894396238335|1.4615384615384615|ReturnOnEquity10,22
925|12.931988145329507|39|0.3315894396238335|1.4615384615384615|ReturnOnEquity10,22
930|12.931988145329507|39|0.3315894396238335|1.4615384615384615|ReturnOnEquity10,22
935|12.931988145329507|39|0.3315894396238335|1.4615384615384615|ReturnOnEquity10,22
940|12.931988145329507|39|0.3315894396238335|1.4615384615384615|ReturnOnEquity10,22
945|12.931988145329507|39|0.3315894396238335|1.4615384615384615|ReturnOnEquity10,22
950|12.931988145329507|39|0.3315894396238335|1.4615384615384615|ReturnOnEquity10,22
955|12.931988145329507|39|0.3315894396238335|1.4615384615384615|ReturnOnEquity10,22
960|12.931988145329507|39|0.3315894396238335|1.4615384615384615|ReturnOnEquity10,22
965|12.931988145329507|39|0.3315894396238335|1.4615384615384615|ReturnOnEquity10,22
970|12.931988145329507|39|0.3315894396238335|1.4615384615384615|ReturnOnEquity10,22
975|12.931988145329507|37|0.34951319311701373|1.3846153846153846|ReturnOnEquity10,22
980|12.931988145329507|37|0.34951319311701373|1.3846153846153846|ReturnOnEquity10,22
985|12.931988145329507|37|0.34951319311701373|1.3846153846153846|ReturnOnEquity10,22
990|12.931988145329507|37|0.34951319311701373|1.3846153846153846|ReturnOnEquity10,22
995|12.931988145329507|37|0.34951319311701373|1.3846153846153846|ReturnOnEquity10,22
1000|12.931988145329507|37|0.34951319311701373|1.3846153846153846|ReturnOnEquity10,22
1005|12.931988145329507|37|0.34951319311701373|1.3846153846153846|ReturnOnEquity10,22
1010|12.931988145329507|37|0.34951319311701373|1.3846153846153846|ReturnOnEquity10,22
1015|12.931988145329507|37|0.34951319311701373|1.3846153846153846|ReturnOnEquity10,22
1020|12.931988145329507|37|0.34951319311701373|1.3846153846153846|ReturnOnEquity10,22
1025|12.931988145329507|37|0.34951319311701373|1.3846153846153846|ReturnOnEquity10,22
1030|12.931988145329507|37|0.34951319311701373|1.3846153846153846|ReturnOnEquity10,22
1035|12.931988145329507|37|0.34951319311701373|1.3846153846153846|ReturnOnEquity10,22
1040|12.931988145329507|37|0.34951319311701373|1.3846153846153846|ReturnOnEquity10,22
1045|12.931988145329507|37|0.34951319311701373|1.3846153846153846|ReturnOnEquity10,22
1050|12.931988145329507|35|0.36948537558084305|1.4166666666666667|ReturnOnEquity10,22
1055|12.931988145329507|35|0.36948537558084305|1.4166666666666667|ReturnOnEquity10,22
1060|12.931988145329507|35|0.36948537558084305|1.4166666666666667|ReturnOnEquity10,22
1065|12.931988145329507|35|0.36948537558084305|1.4166666666666667|ReturnOnEquity10,22
1070|12.94426719477213|41|0.31571383401883246|1.6666666666666667|ReturnOnEquity10,22
1075|12.94426719477213|41|0.31571383401883246|1.6666666666666667|ReturnOnEquity10,22
1080|12.94426719477213|41|0.31571383401883246|1.6666666666666667|ReturnOnEquity10,22
1085|12.94426719477213|41|0.31571383401883246|1.6666666666666667|ReturnOnEquity10,22
1090|12.94426719477213|41|0.31571383401883246|1.6666666666666667|ReturnOnEquity10,22
1095|12.94426719477213|41|0.31571383401883246|1.6666666666666667|ReturnOnEquity10,22
1100|12.94426719477213|41|0.31571383401883246|1.6666666666666667|ReturnOnEquity10,22
1105|12.94426719477213|41|0.31571383401883246|1.6666666666666667|ReturnOnEquity10,22
1110|12.94426719477213|41|0.31571383401883246|1.6666666666666667|ReturnOnEquity10,22
1115|12.94426719477213|41|0.31571383401883246|1.6666666666666667|ReturnOnEquity10,22
1120|12.94426719477213|41|0.31571383401883246|1.6666666666666667|ReturnOnEquity10,22
1125|12.94426719477213|41|0.31571383401883246|1.6666666666666667|ReturnOnEquity10,22
1130|12.94426719477213|41|0.31571383401883246|1.6666666666666667|ReturnOnEquity10,22
1135|12.94426719477213|41|0.31571383401883246|1.6666666666666667|ReturnOnEquity10,22
1140|12.94426719477213|41|0.31571383401883246|1.6666666666666667|ReturnOnEquity10,22
1145|12.94426719477213|41|0.31571383401883246|1.6666666666666667|ReturnOnEquity10,22
1150|12.94426719477213|41|0.31571383401883246|1.6666666666666667|ReturnOnEquity10,22
1155|12.94426719477213|41|0.31571383401883246|1.6666666666666667|ReturnOnEquity10,22
1160|12.94426719477213|41|0.31571383401883246|1.6666666666666667|ReturnOnEquity10,22
1165|12.94426719477213|41|0.31571383401883246|1.6666666666666667|ReturnOnEquity10,22
1170|12.94426719477213|41|0.31571383401883246|1.6666666666666667|ReturnOnEquity10,22
1175|12.94426719477213|41|0.31571383401883246|1.6666666666666667|ReturnOnEquity10,22
1180|12.94426719477213|41|0.31571383401883246|1.6666666666666667|ReturnOnEquity10,22
1185|12.94426719477213|41|0.31571383401883246|1.6666666666666667|ReturnOnEquity10,22
1190|12.94426719477213|41|0.31571383401883246|1.6666666666666667|ReturnOnEquity10,22
1195|12.94426719477213|41|0.31571383401883246|1.6666666666666667|ReturnOnEquity10,22
1200|12.94426719477213|41|0.31571383401883246|1.6666666666666667|ReturnOnEquity10,22
1205|12.94426719477213|41|0.31571383401883246|1.6666666666666667|ReturnOnEquity10,22
1210|12.94426719477213|41|0.31571383401883246|1.6666666666666667|ReturnOnEquity10,22
1215|12.94426719477213|41|0.31571383401883246|1.6666666666666667|ReturnOnEquity10,22
1220|12.94426719477213|41|0.31571383401883246|1.6666666666666667|ReturnOnEquity10,22
1225|12.94426719477213|41|0.31571383401883246|1.6666666666666667|ReturnOnEquity10,22
1230|12.94426719477213|41|0.31571383401883246|1.6666666666666667|ReturnOnEquity10,22
1235|12.94426719477213|41|0.31571383401883246|1.6666666666666667|ReturnOnEquity10,22
1240|12.94426719477213|39|0.33190428704543923|1.5833333333333333|ReturnOnEquity10,22
1245|12.94426719477213|39|0.33190428704543923|1.5833333333333333|ReturnOnEquity10,22
1250|12.94426719477213|39|0.33190428704543923|1.5833333333333333|ReturnOnEquity10,22
1255|12.94426719477213|39|0.33190428704543923|1.5833333333333333|ReturnOnEquity10,22
1260|12.94426719477213|39|0.33190428704543923|1.5833333333333333|ReturnOnEquity10,22
1265|13.416071600159016|43|0.3120016651199771|1.75|ReturnOnEquity10,22
1270|13.416071600159016|43|0.3120016651199771|1.75|ReturnOnEquity10,22
1275|13.416071600159016|43|0.3120016651199771|1.75|ReturnOnEquity10,22
1280|13.416071600159016|43|0.3120016651199771|1.75|ReturnOnEquity10,22
1285|13.416071600159016|43|0.3120016651199771|1.75|ReturnOnEquity10,22
1290|13.416071600159016|43|0.3120016651199771|1.75|ReturnOnEquity10,22
1295|13.416071600159016|43|0.3120016651199771|1.75|ReturnOnEquity10,22
1300|13.416071600159016|43|0.3120016651199771|1.75|ReturnOnEquity10,22
1305|13.416071600159016|43|0.3120016651199771|1.75|ReturnOnEquity10,22
1310|13.416071600159016|41|0.3272212585404638|1.8181818181818181|ReturnOnEquity10,22
1315|13.416071600159016|41|0.3272212585404638|1.8181818181818181|ReturnOnEquity10,22
1320|13.416071600159016|41|0.3272212585404638|1.8181818181818181|ReturnOnEquity10,22
1325|13.416071600159016|41|0.3272212585404638|1.8181818181818181|ReturnOnEquity10,22
1330|13.416071600159016|41|0.3272212585404638|1.8181818181818181|ReturnOnEquity10,22
1335|13.416071600159016|41|0.3272212585404638|1.8181818181818181|ReturnOnEquity10,22
1340|13.416071600159016|41|0.3272212585404638|1.8181818181818181|ReturnOnEquity10,22
1345|13.416071600159016|41|0.3272212585404638|1.8181818181818181|ReturnOnEquity10,22
1350|13.416071600159016|41|0.3272212585404638|1.8181818181818181|ReturnOnEquity10,22
1355|13.416071600159016|41|0.3272212585404638|1.8181818181818181|ReturnOnEquity10,22
1360|13.416071600159016|41|0.3272212585404638|1.8181818181818181|ReturnOnEquity10,22
1365|13.416071600159016|41|0.3272212585404638|1.8181818181818181|ReturnOnEquity10,22
1370|13.416071600159016|41|0.3272212585404638|1.8181818181818181|ReturnOnEquity10,22
1375|13.416071600159016|39|0.34400183590151323|1.7272727272727273|TotalCurrentLiabilitiesChange,35
1380|13.416071600159016|39|0.34400183590151323|1.7272727272727273|TotalCurrentLiabilitiesChange,35
1385|13.416071600159016|39|0.34400183590151323|1.7272727272727273|TotalCurrentLiabilitiesChange,35
1390|13.416071600159016|39|0.34400183590151323|1.7272727272727273|TotalCurrentLiabilitiesChange,35
1395|13.416071600159016|39|0.34400183590151323|1.7272727272727273|TotalCurrentLiabilitiesChange,35
1400|13.416071600159016|39|0.34400183590151323|1.7272727272727273|TotalCurrentLiabilitiesChange,35
1405|13.416071600159016|39|0.34400183590151323|1.7272727272727273|TotalCurrentLiabilitiesChange,35
1410|13.416071600159016|39|0.34400183590151323|1.7272727272727273|TotalCurrentLiabilitiesChange,35
1415|13.416071600159016|39|0.34400183590151323|1.7272727272727273|TotalCurrentLiabilitiesChange,35
1420|13.416071600159016|39|0.34400183590151323|1.7272727272727273|TotalCurrentLiabilitiesChange,35
1425|13.416071600159016|39|0.34400183590151323|1.7272727272727273|TotalCurrentLiabilitiesChange,35
1430|13.416071600159016|39|0.34400183590151323|1.7272727272727273|TotalCurrentLiabilitiesChange,35
1435|13.416071600159016|39|0.34400183590151323|1.7272727272727273|TotalCurrentLiabilitiesChange,35
1440|13.416071600159016|39|0.34400183590151323|1.7272727272727273|TotalCurrentLiabilitiesChange,35
1445|13.416071600159016|39|0.34400183590151323|1.7272727272727273|TotalCurrentLiabilitiesChange,35
1450|13.416071600159016|39|0.34400183590151323|1.7272727272727273|TotalCurrentLiabilitiesChange,35
1455|13.416071600159016|39|0.34400183590151323|1.7272727272727273|TotalCurrentLiabilitiesChange,35
1460|13.416071600159016|39|0.34400183590151323|1.7272727272727273|TotalCurrentLiabilitiesChange,35
1465|13.416071600159016|39|0.34400183590151323|1.7272727272727273|TotalCurrentLiabilitiesChange,35
1470|13.416071600159016|39|0.34400183590151323|1.7272727272727273|TotalCurrentLiabilitiesChange,35
1475|13.416071600159016|39|0.34400183590151323|1.7272727272727273|TotalCurrentLiabilitiesChange,35
1480|13.416071600159016|39|0.34400183590151323|1.7272727272727273|TotalCurrentLiabilitiesChange,35
1485|13.416071600159016|39|0.34400183590151323|1.7272727272727273|TotalCurrentLiabilitiesChange,35
1490|13.416071600159016|37|0.36259652973402745|1.8|TotalCurrentLiabilitiesChange,35
1495|13.416071600159016|37|0.36259652973402745|1.8|TotalCurrentLiabilitiesChange,35
1500|13.416071600159016|37|0.36259652973402745|1.8|TotalCurrentLiabilitiesChange,35
1505|13.416071600159016|37|0.36259652973402745|1.8|TotalCurrentLiabilitiesChange,35
1510|13.416071600159016|37|0.36259652973402745|1.8|TotalCurrentLiabilitiesChange,35
1515|13.416071600159016|37|0.36259652973402745|1.8|TotalCurrentLiabilitiesChange,35
1520|13.416071600159016|37|0.36259652973402745|1.8|TotalCurrentLiabilitiesChange,35
1525|13.416071600159016|37|0.36259652973402745|1.8|TotalCurrentLiabilitiesChange,35
1530|13.416071600159016|37|0.36259652973402745|1.8|TotalCurrentLiabilitiesChange,35
1535|13.416071600159016|37|0.36259652973402745|1.8|TotalCurrentLiabilitiesChange,35
1540|13.416071600159016|37|0.36259652973402745|1.8|TotalCurrentLiabilitiesChange,35
1545|13.416071600159016|37|0.36259652973402745|1.8|TotalCurrentLiabilitiesChange,35
1550|13.416071600159016|37|0.36259652973402745|1.8|TotalCurrentLiabilitiesChange,35
1555|13.416071600159016|37|0.36259652973402745|1.8|TotalCurrentLiabilitiesChange,35
1560|13.416071600159016|37|0.36259652973402745|1.8|TotalCurrentLiabilitiesChange,35
1565|13.416071600159016|35|0.3833163314331148|1.7|TotalCurrentLiabilitiesChange,35
1570|13.416071600159016|35|0.3833163314331148|1.7|TotalCurrentLiabilitiesChange,35
1575|13.416071600159016|35|0.3833163314331148|1.7|TotalCurrentLiabilitiesChange,35
1580|13.416071600159016|35|0.3833163314331148|1.7|TotalCurrentLiabilitiesChange,35
1585|13.416071600159016|35|0.3833163314331148|1.7|TotalCurrentLiabilitiesChange,35
1590|13.416071600159016|35|0.3833163314331148|1.7|TotalCurrentLiabilitiesChange,35
1595|13.416071600159016|35|0.3833163314331148|1.7|TotalCurrentLiabilitiesChange,35
1600|13.416071600159016|35|0.3833163314331148|1.7|TotalCurrentLiabilitiesChange,35
1605|13.416071600159016|35|0.3833163314331148|1.7|TotalCurrentLiabilitiesChange,35
1610|13.416071600159016|35|0.3833163314331148|1.7|TotalCurrentLiabilitiesChange,35
1615|13.416071600159016|35|0.3833163314331148|1.7|TotalCurrentLiabilitiesChange,35
1620|13.416071600159016|35|0.3833163314331148|1.7|TotalCurrentLiabilitiesChange,35
1625|13.416071600159016|33|0.40654762424724294|1.7777777777777777|TotalCurrentLiabilitiesChange,35
1630|13.416071600159016|33|0.40654762424724294|1.7777777777777777|TotalCurrentLiabilitiesChange,35
1635|13.416071600159016|33|0.40654762424724294|1.7777777777777777|TotalCurrentLiabilitiesChange,35
1640|13.416071600159016|33|0.40654762424724294|1.7777777777777777|TotalCurrentLiabilitiesChange,35
1645|13.416071600159016|33|0.40654762424724294|1.7777777777777777|TotalCurrentLiabilitiesChange,35
1650|13.416071600159016|33|0.40654762424724294|1.7777777777777777|TotalCurrentLiabilitiesChange,35
1655|13.416071600159016|33|0.40654762424724294|1.7777777777777777|TotalCurrentLiabilitiesChange,35
1660|13.416071600159016|33|0.40654762424724294|1.7777777777777777|TotalCurrentLiabilitiesChange,35
1665|13.416071600159016|33|0.40654762424724294|1.7777777777777777|TotalCurrentLiabilitiesChange,35
1670|13.416071600159016|33|0.40654762424724294|1.7777777777777777|TotalCurrentLiabilitiesChange,35
1675|13.416071600159016|33|0.40654762424724294|1.7777777777777777|TotalCurrentLiabilitiesChange,35
1680|13.416071600159016|33|0.40654762424724294|1.7777777777777777|TotalCurrentLiabilitiesChange,35
1685|13.416071600159016|33|0.40654762424724294|1.7777777777777777|TotalCurrentLiabilitiesChange,35
1690|13.416071600159016|33|0.40654762424724294|1.7777777777777777|TotalCurrentLiabilitiesChange,35
1695|13.416071600159016|33|0.40654762424724294|1.7777777777777777|TotalCurrentLiabilitiesChange,35
1700|13.416071600159016|33|0.40654762424724294|1.7777777777777777|TotalCurrentLiabilitiesChange,35
1705|13.416071600159016|33|0.40654762424724294|1.7777777777777777|TotalCurrentLiabilitiesChange,35
1710|13.416071600159016|33|0.40654762424724294|1.7777777777777777|TotalCurrentLiabilitiesChange,35
1715|13.416071600159016|33|0.40654762424724294|1.7777777777777777|TotalCurrentLiabilitiesChange,35
1720|13.416071600159016|33|0.40654762424724294|1.7777777777777777|TotalCurrentLiabilitiesChange,35
1725|13.416071600159016|33|0.40654762424724294|1.7777777777777777|TotalCurrentLiabilitiesChange,35
1730|13.416071600159016|33|0.40654762424724294|1.7777777777777777|TotalCurrentLiabilitiesChange,35
1735|13.416071600159016|33|0.40654762424724294|1.7777777777777777|TotalCurrentLiabilitiesChange,35
1740|13.416071600159016|33|0.40654762424724294|1.7777777777777777|TotalCurrentLiabilitiesChange,35
1745|13.416071600159016|33|0.40654762424724294|1.7777777777777777|TotalCurrentLiabilitiesChange,35
1750|13.416071600159016|33|0.40654762424724294|1.7777777777777777|TotalCurrentLiabilitiesChange,35
1755|13.416071600159016|33|0.40654762424724294|1.7777777777777777|TotalCurrentLiabilitiesChange,35
1760|13.416071600159016|33|0.40654762424724294|1.7777777777777777|TotalCurrentLiabilitiesChange,35
1765|13.416071600159016|33|0.40654762424724294|1.7777777777777777|TotalCurrentLiabilitiesChange,35
1770|13.416071600159016|33|0.40654762424724294|1.7777777777777777|TotalCurrentLiabilitiesChange,35
1775|13.416071600159016|33|0.40654762424724294|1.7777777777777777|TotalCurrentLiabilitiesChange,35
1780|13.416071600159016|33|0.40654762424724294|1.7777777777777777|TotalCurrentLiabilitiesChange,35
1785|13.416071600159016|33|0.40654762424724294|1.7777777777777777|TotalCurrentLiabilitiesChange,35
1790|13.416071600159016|33|0.40654762424724294|1.7777777777777777|TotalCurrentLiabilitiesChange,35
1795|13.416071600159016|33|0.40654762424724294|1.7777777777777777|TotalCurrentLiabilitiesChange,35
1800|13.416071600159016|33|0.40654762424724294|1.7777777777777777|TotalCurrentLiabilitiesChange,35
1805|13.416071600159016|33|0.40654762424724294|1.7777777777777777|TotalCurrentLiabilitiesChange,35
1810|13.416071600159016|33|0.40654762424724294|1.7777777777777777|TotalCurrentLiabilitiesChange,35
1815|13.416071600159016|33|0.40654762424724294|1.7777777777777777|TotalCurrentLiabilitiesChange,35
1820|13.416071600159016|33|0.40654762424724294|1.7777777777777777|TotalCurrentLiabilitiesChange,35
1825|13.416071600159016|33|0.40654762424724294|1.7777777777777777|TotalCurrentLiabilitiesChange,35
1830|13.416071600159016|33|0.40654762424724294|1.7777777777777777|TotalCurrentLiabilitiesChange,35
1835|13.416071600159016|33|0.40654762424724294|1.7777777777777777|TotalCurrentLiabilitiesChange,35
1840|13.416071600159016|33|0.40654762424724294|1.7777777777777777|TotalCurrentLiabilitiesChange,35
1845|13.416071600159016|33|0.40654762424724294|1.7777777777777777|TotalCurrentLiabilitiesChange,35
1850|13.416071600159016|33|0.40654762424724294|1.7777777777777777|TotalCurrentLiabilitiesChange,35
1855|13.416071600159016|33|0.40654762424724294|1.7777777777777777|TotalCurrentLiabilitiesChange,35
1860|13.416071600159016|33|0.40654762424724294|1.7777777777777777|TotalCurrentLiabilitiesChange,35
1865|13.416071600159016|33|0.40654762424724294|1.7777777777777777|TotalCurrentLiabilitiesChange,35
1870|13.416071600159016|33|0.40654762424724294|1.7777777777777777|TotalCurrentLiabilitiesChange,35
1875|13.416071600159016|33|0.40654762424724294|1.7777777777777777|TotalCurrentLiabilitiesChange,35
1880|13.416071600159016|33|0.40654762424724294|1.7777777777777777|TotalCurrentLiabilitiesChange,35
1885|13.416071600159016|33|0.40654762424724294|1.7777777777777777|TotalCurrentLiabilitiesChange,35
1890|13.416071600159016|33|0.40654762424724294|1.7777777777777777|TotalCurrentLiabilitiesChange,35
1895|13.416071600159016|33|0.40654762424724294|1.7777777777777777|TotalCurrentLiabilitiesChange,35
1900|13.416071600159016|33|0.40654762424724294|1.7777777777777777|TotalCurrentLiabilitiesChange,35
1905|13.416071600159016|33|0.40654762424724294|1.7777777777777777|TotalCurrentLiabilitiesChange,35
1910|13.416071600159016|33|0.40654762424724294|1.7777777777777777|TotalCurrentLiabilitiesChange,35
1915|13.416071600159016|33|0.40654762424724294|1.7777777777777777|TotalCurrentLiabilitiesChange,35
1920|13.416071600159016|33|0.40654762424724294|1.7777777777777777|TotalCurrentLiabilitiesChange,35
1925|13.416071600159016|33|0.40654762424724294|1.7777777777777777|TotalCurrentLiabilitiesChange,35
1930|13.416071600159016|33|0.40654762424724294|1.7777777777777777|TotalCurrentLiabilitiesChange,35
1935|13.416071600159016|33|0.40654762424724294|1.7777777777777777|TotalCurrentLiabilitiesChange,35
1940|13.416071600159016|33|0.40654762424724294|1.7777777777777777|TotalCurrentLiabilitiesChange,35
1945|13.416071600159016|33|0.40654762424724294|1.7777777777777777|TotalCurrentLiabilitiesChange,35
1950|13.416071600159016|33|0.40654762424724294|1.7777777777777777|TotalCurrentLiabilitiesChange,35
1955|13.416071600159016|33|0.40654762424724294|1.7777777777777777|TotalCurrentLiabilitiesChange,35
1960|13.416071600159016|33|0.40654762424724294|1.7777777777777777|TotalCurrentLiabilitiesChange,35
1965|13.416071600159016|33|0.40654762424724294|1.7777777777777777|TotalCurrentLiabilitiesChange,35
1970|13.416071600159016|33|0.40654762424724294|1.7777777777777777|TotalCurrentLiabilitiesChange,35
1975|13.416071600159016|33|0.40654762424724294|1.7777777777777777|TotalCurrentLiabilitiesChange,35
1980|13.416071600159016|33|0.40654762424724294|1.7777777777777777|TotalCurrentLiabilitiesChange,35
1985|13.416071600159016|33|0.40654762424724294|1.7777777777777777|TotalCurrentLiabilitiesChange,35
1990|13.416071600159016|33|0.40654762424724294|1.7777777777777777|TotalCurrentLiabilitiesChange,35
1995|13.416071600159016|33|0.40654762424724294|1.7777777777777777|TotalCurrentLiabilitiesChange,35
2000|13.416071600159016|33|0.40654762424724294|1.7777777777777777|TotalCurrentLiabilitiesChange,35
